,t,height,fid
0,0.39999999999999997,-20.0,0.10558277721675977
1,0.39999999999999997,-19.798994974874372,0.1084360050983548
2,0.39999999999999997,-19.597989949748744,0.11138535830574914
3,0.39999999999999997,-19.396984924623116,0.11443619698827927
4,0.39999999999999997,-19.195979899497488,0.11759043710058184
5,0.39999999999999997,-18.99497487437186,0.12085426394228685
6,0.39999999999999997,-18.79396984924623,0.12423043901028677
7,0.39999999999999997,-18.592964824120603,0.12772415467851392
8,0.39999999999999997,-18.391959798994975,0.1313394649378179
9,0.39999999999999997,-18.190954773869347,0.13508249667870798
10,0.39999999999999997,-17.98994974874372,0.1389582911859763
11,0.39999999999999997,-17.78894472361809,0.14297170482038365
12,0.39999999999999997,-17.587939698492463,0.1471281752866834
13,0.39999999999999997,-17.386934673366834,0.15143353567331205
14,0.39999999999999997,-17.185929648241206,0.15589334167911015
15,0.39999999999999997,-16.984924623115578,0.1605157761629332
16,0.39999999999999997,-16.78391959798995,0.16530636690290093
17,0.39999999999999997,-16.582914572864322,0.17027228987579937
18,0.39999999999999997,-16.381909547738694,0.175417296375215
19,0.39999999999999997,-16.180904522613066,0.18075226543227413
20,0.39999999999999997,-15.979899497487438,0.18628638657547472
21,0.39999999999999997,-15.77889447236181,0.1920246192433367
22,0.39999999999999997,-15.577889447236181,0.1979762299726758
23,0.39999999999999997,-15.376884422110553,0.2041461692730929
24,0.39999999999999997,-15.175879396984925,0.21054805244229652
25,0.39999999999999997,-14.974874371859297,0.21718778591224774
26,0.39999999999999997,-14.773869346733669,0.22407488990151178
27,0.39999999999999997,-14.57286432160804,0.23121829182555328
28,0.39999999999999997,-14.371859296482413,0.23862654224405988
29,0.39999999999999997,-14.170854271356784,0.24630637670887914
30,0.39999999999999997,-13.969849246231156,0.2542691288900758
31,0.39999999999999997,-13.768844221105528,0.2625214709377314
32,0.39999999999999997,-13.5678391959799,0.27107437375802906
33,0.39999999999999997,-13.366834170854272,0.2799327074883731
34,0.39999999999999997,-13.165829145728644,0.289103257090392
35,0.39999999999999997,-12.964824120603016,0.2985945399694642
36,0.39999999999999997,-12.763819095477388,0.30840859760628
37,0.39999999999999997,-12.56281407035176,0.3185521845465408
38,0.39999999999999997,-12.361809045226131,0.3290283362691167
39,0.39999999999999997,-12.160804020100503,0.3398355417511458
40,0.39999999999999997,-11.959798994974873,0.3509712111072395
41,0.39999999999999997,-11.758793969849245,0.36243377626390005
42,0.39999999999999997,-11.557788944723617,0.3742171730062185
43,0.39999999999999997,-11.356783919597989,0.3863136944456407
44,0.39999999999999997,-11.15577889447236,0.39871066876782696
45,0.39999999999999997,-10.954773869346733,0.4113907259773634
46,0.39999999999999997,-10.753768844221105,0.42433489120068474
47,0.39999999999999997,-10.552763819095476,0.43752359196205803
48,0.39999999999999997,-10.351758793969848,0.4509257530215237
49,0.39999999999999997,-10.15075376884422,0.46451303946187983
50,0.39999999999999997,-9.949748743718592,0.4782449388500437
51,0.39999999999999997,-9.748743718592964,0.49208947814229675
52,0.39999999999999997,-9.547738693467336,0.5059970954692818
53,0.39999999999999997,-9.346733668341708,0.5199277808360327
54,0.39999999999999997,-9.14572864321608,0.5338288708462309
55,0.39999999999999997,-8.944723618090451,0.547649513050754
56,0.39999999999999997,-8.743718592964823,0.5613349562828701
57,0.39999999999999997,-8.542713567839195,0.5748317642885238
58,0.39999999999999997,-8.341708542713567,0.5880886438550492
59,0.39999999999999997,-8.140703517587939,0.601047082721318
60,0.39999999999999997,-7.939698492462311,0.6136544654706579
61,0.39999999999999997,-7.738693467336683,0.6258664624445177
62,0.39999999999999997,-7.537688442211055,0.637630819840342
63,0.39999999999999997,-7.3366834170854265,0.6489053345830651
64,0.39999999999999997,-7.135678391959798,0.6596534945640222
65,0.39999999999999997,-6.93467336683417,0.6698456265862712
66,0.39999999999999997,-6.733668341708542,0.679453553356118
67,0.39999999999999997,-6.532663316582914,0.6884516964224521
68,0.39999999999999997,-6.331658291457286,0.696833480326898
69,0.39999999999999997,-6.130653266331658,0.7045885726519096
70,0.39999999999999997,-5.92964824120603,0.7117163533230686
71,0.39999999999999997,-5.7286432160804015,0.7182216868202878
72,0.39999999999999997,-5.527638190954773,0.7241155555112669
73,0.39999999999999997,-5.326633165829145,0.7294142373012239
74,0.39999999999999997,-5.125628140703517,0.7341374080207217
75,0.39999999999999997,-4.924623115577889,0.7383102097615966
76,0.39999999999999997,-4.723618090452261,0.7419660763976299
77,0.39999999999999997,-4.522613065326633,0.7451338441542262
78,0.39999999999999997,-4.321608040201005,0.7478476874840908
79,0.39999999999999997,-4.1206030150753765,0.7501433678933359
80,0.39999999999999997,-3.9195979899497466,0.7520578265569021
81,0.39999999999999997,-3.7185929648241185,0.7536283612382195
82,0.39999999999999997,-3.5175879396984904,0.7548924484736991
83,0.39999999999999997,-3.3165829145728623,0.7558870202225824
84,0.39999999999999997,-3.115577889447234,0.7566481847247318
85,0.39999999999999997,-2.914572864321606,0.7572109103735238
86,0.39999999999999997,-2.713567839195978,0.7576087215192135
87,0.39999999999999997,-2.5125628140703498,0.7578733741937994
88,0.39999999999999997,-2.3115577889447216,0.7580348746959765
89,0.39999999999999997,-2.1105527638190935,0.75812116714086
90,0.39999999999999997,-1.9095477386934654,0.7581581309211581
91,0.39999999999999997,-1.7085427135678373,0.7581692994891792
92,0.39999999999999997,-1.5075376884422091,0.7581762680234239
93,0.39999999999999997,-1.306532663316581,0.7581980831686473
94,0.39999999999999997,-1.105527638190953,0.7582518573283382
95,0.39999999999999997,-0.9045226130653248,0.7583520431866967
96,0.39999999999999997,-0.7035175879396967,0.7585111178379236
97,0.39999999999999997,-0.5025125628140685,0.7587388747436438
98,0.39999999999999997,-0.3015075376884404,0.7590431161947397
99,0.39999999999999997,-0.10050251256281229,0.7594297259606859
100,0.39999999999999997,0.10050251256281584,0.7599013665319211
101,0.39999999999999997,0.30150753768844396,0.7604588680613781
102,0.39999999999999997,0.5025125628140721,0.7611011519917535
103,0.39999999999999997,0.7035175879397002,0.7618238437240887
104,0.39999999999999997,0.9045226130653283,0.7626205322971211
105,0.39999999999999997,1.1055276381909565,0.7634822619531925
106,0.39999999999999997,1.3065326633165846,0.7643976764990577
107,0.39999999999999997,1.5075376884422127,0.7653525429982221
108,0.39999999999999997,1.7085427135678408,0.7663310040468287
109,0.39999999999999997,1.909547738693469,0.7673113483615488
110,0.39999999999999997,2.110552763819097,0.7682721079622853
111,0.39999999999999997,2.311557788944725,0.7691881213671994
112,0.39999999999999997,2.5125628140703533,0.7700311811109984
113,0.39999999999999997,2.7135678391959814,0.7707704328756813
114,0.39999999999999997,2.9145728643216096,0.7713722264539302
115,0.39999999999999997,3.1155778894472377,0.771800371879808
116,0.39999999999999997,3.316582914572866,0.7720162754710772
117,0.39999999999999997,3.517587939698494,0.7719791761728444
118,0.39999999999999997,3.718592964824122,0.7716464758359444
119,0.39999999999999997,3.91959798994975,0.7709742352523464
120,0.39999999999999997,4.120603015075378,0.7699174846681782
121,0.39999999999999997,4.321608040201006,0.7684310067689292
122,0.39999999999999997,4.5226130653266345,0.7664698900831863
123,0.39999999999999997,4.723618090452263,0.7639891443567624
124,0.39999999999999997,4.924623115577891,0.7609487404994729
125,0.39999999999999997,5.125628140703519,0.7573083032036027
126,0.39999999999999997,5.326633165829147,0.753031701216352
127,0.39999999999999997,5.527638190954775,0.7480876361288998
128,0.39999999999999997,5.728643216080403,0.7424510366827641
129,0.39999999999999997,5.929648241206031,0.7361001428295443
130,0.39999999999999997,6.1306532663316595,0.7290210397385122
131,0.39999999999999997,6.331658291457288,0.7212061242868216
132,0.39999999999999997,6.532663316582916,0.7126575041617464
133,0.39999999999999997,6.733668341708544,0.7033844498958371
134,0.39999999999999997,6.934673366834172,0.6934042131819769
135,0.39999999999999997,7.1356783919598,0.6827431852430765
136,0.39999999999999997,7.336683417085428,0.6714306763995223
137,0.39999999999999997,7.537688442211056,0.6595074360915002
138,0.39999999999999997,7.7386934673366845,0.6470228232062839
139,0.39999999999999997,7.939698492462313,0.6340253707806899
140,0.39999999999999997,8.14070351758794,0.62057204148693
141,0.39999999999999997,8.341708542713569,0.6067229953995446
142,0.39999999999999997,8.542713567839197,0.5925431714177344
143,0.39999999999999997,8.743718592964825,0.5780931109173869
144,0.39999999999999997,8.944723618090453,0.5634405347680982
145,0.39999999999999997,9.145728643216081,0.5486487182056623
146,0.39999999999999997,9.34673366834171,0.5337778129898906
147,0.39999999999999997,9.547738693467338,0.51888817204239
148,0.39999999999999997,9.748743718592966,0.504037852519094
149,0.39999999999999997,9.949748743718594,0.4892800800103425
150,0.39999999999999997,10.150753768844222,0.4746577993354096
151,0.39999999999999997,10.35175879396985,0.4602202686532196
152,0.39999999999999997,10.552763819095478,0.4460009781145332
153,0.39999999999999997,10.753768844221106,0.4320361552055289
154,0.39999999999999997,10.954773869346734,0.41835569963310554
155,0.39999999999999997,11.155778894472363,0.4049821293258612
156,0.39999999999999997,11.35678391959799,0.3919340517151304
157,0.39999999999999997,11.557788944723619,0.3792285993591268
158,0.39999999999999997,11.758793969849247,0.366877596831495
159,0.39999999999999997,11.959798994974875,0.35488768211240634
160,0.39999999999999997,12.160804020100507,0.3432634914777532
161,0.39999999999999997,12.361809045226131,0.3320050746231541
162,0.39999999999999997,12.562814070351763,0.32111373898137807
163,0.39999999999999997,12.763819095477388,0.3105869911426304
164,0.39999999999999997,12.96482412060302,0.3004226673333126
165,0.39999999999999997,13.165829145728644,0.29060829594497645
166,0.39999999999999997,13.366834170854275,0.28114378338913654
167,0.39999999999999997,13.5678391959799,0.27201797919213866
168,0.39999999999999997,13.768844221105532,0.26322033665159483
169,0.39999999999999997,13.969849246231156,0.25474518106401073
170,0.39999999999999997,14.170854271356788,0.2465789335009145
171,0.39999999999999997,14.371859296482413,0.23871499213163677
172,0.39999999999999997,14.572864321608044,0.23114056664944832
173,0.39999999999999997,14.773869346733669,0.22384572816637918
174,0.39999999999999997,14.9748743718593,0.21682225680846495
175,0.39999999999999997,15.175879396984925,0.2100576625485823
176,0.39999999999999997,15.376884422110557,0.20354361298583962
177,0.39999999999999997,15.577889447236181,0.19727237589267593
178,0.39999999999999997,15.778894472361813,0.19122937377315818
179,0.39999999999999997,15.979899497487438,0.1854084069306304
180,0.39999999999999997,16.18090452261307,0.17980118837769501
181,0.39999999999999997,16.381909547738694,0.17439871642627755
182,0.39999999999999997,16.582914572864325,0.16919369634603307
183,0.39999999999999997,16.78391959798995,0.16417340721597362
184,0.39999999999999997,16.98492462311558,0.1593345585907314
185,0.39999999999999997,17.185929648241206,0.1546693008153614
186,0.39999999999999997,17.386934673366838,0.15017074648178425
187,0.39999999999999997,17.587939698492463,0.14583033089951136
188,0.39999999999999997,17.788944723618094,0.1416434622020919
189,0.39999999999999997,17.98994974874372,0.13760241620135624
190,0.39999999999999997,18.19095477386935,0.13370209044847994
191,0.39999999999999997,18.391959798994975,0.12993722795376905
192,0.39999999999999997,18.592964824120607,0.12630253391801038
193,0.39999999999999997,18.79396984924623,0.12279124142841685
194,0.39999999999999997,18.994974874371863,0.11940022329689969
195,0.39999999999999997,19.195979899497488,0.11612350054895372
196,0.39999999999999997,19.39698492462312,0.11295675117265613
197,0.39999999999999997,19.597989949748744,0.10989595005252473
198,0.39999999999999997,19.798994974874375,0.10693670334089393
199,0.39999999999999997,20.0,0.10407524101474898
