,t,height,fid
0,0.2,-20.0,0.24405274188700782
1,0.2,-19.798994974874372,0.24909546424427953
2,0.2,-19.597989949748744,0.2542610999146671
3,0.2,-19.396984924623116,0.2595497273363883
4,0.2,-19.195979899497488,0.26496463404106385
5,0.2,-18.99497487437186,0.27050804043797977
6,0.2,-18.79396984924623,0.27618181884126586
7,0.2,-18.592964824120603,0.28198690153435935
8,0.2,-18.391959798994975,0.2879270231497019
9,0.2,-18.190954773869347,0.29400209963603435
10,0.2,-17.98994974874372,0.3002173435258187
11,0.2,-17.78894472361809,0.3065671090881755
12,0.2,-17.587939698492463,0.31305802940654376
13,0.2,-17.386934673366834,0.31968924036071233
14,0.2,-17.185929648241206,0.3264617438683825
15,0.2,-16.984924623115578,0.33337528665217636
16,0.2,-16.78391959798995,0.34042832714650473
17,0.2,-16.582914572864322,0.34762145829969177
18,0.2,-16.381909547738694,0.354952697077649
19,0.2,-16.180904522613066,0.36242249726648285
20,0.2,-15.979899497487438,0.37002811167599026
21,0.2,-15.77889447236181,0.3777660473878763
22,0.2,-15.577889447236181,0.38563550183753054
23,0.2,-15.376884422110553,0.3936320768070368
24,0.2,-15.175879396984925,0.40175255478338956
25,0.2,-14.974874371859297,0.40999145872227033
26,0.2,-14.773869346733669,0.4183418383919179
27,0.2,-14.57286432160804,0.4267996549065935
28,0.2,-14.371859296482413,0.4353610211194339
29,0.2,-14.170854271356784,0.4440147350023936
30,0.2,-13.969849246231156,0.45275446478591547
31,0.2,-13.768844221105528,0.4615732239211078
32,0.2,-13.5678391959799,0.4704563393340226
33,0.2,-13.366834170854272,0.47940020096270114
34,0.2,-13.165829145728644,0.4883928092849366
35,0.2,-12.964824120603016,0.4974212464990943
36,0.2,-12.763819095477388,0.506472165797104
37,0.2,-12.56281407035176,0.5155375423359375
38,0.2,-12.361809045226131,0.5246037527827031
39,0.2,-12.160804020100503,0.5336554611408497
40,0.2,-11.959798994974873,0.5426794743050344
41,0.2,-11.758793969849245,0.5516616191285182
42,0.2,-11.557788944723617,0.5605859155615149
43,0.2,-11.356783919597989,0.5694401043404875
44,0.2,-11.15577889447236,0.5782073094956578
45,0.2,-10.954773869346733,0.5868744057889801
46,0.2,-10.753768844221105,0.5954243374453578
47,0.2,-10.552763819095476,0.6038413297863671
48,0.2,-10.351758793969848,0.6121132835578896
49,0.2,-10.15075376884422,0.6202262745374912
50,0.2,-9.949748743718592,0.6281635279601774
51,0.2,-9.748743718592964,0.6359137734363107
52,0.2,-9.547738693467336,0.6434606645652027
53,0.2,-9.346733668341708,0.6507943409537044
54,0.2,-9.14572864321608,0.6579051390706298
55,0.2,-8.944723618090451,0.6647809765092512
56,0.2,-8.743718592964823,0.6714127000926451
57,0.2,-8.542713567839195,0.6777930790254744
58,0.2,-8.341708542713567,0.6839123768038542
59,0.2,-8.140703517587939,0.6897665056278793
60,0.2,-7.939698492462311,0.6953502746298689
61,0.2,-7.738693467336683,0.700660191323962
62,0.2,-7.537688442211055,0.7056941239402327
63,0.2,-7.3366834170854265,0.7104511276007368
64,0.2,-7.135678391959798,0.7149317640333542
65,0.2,-6.93467336683417,0.71913755603778
66,0.2,-6.733668341708542,0.7230713396448297
67,0.2,-6.532663316582914,0.7267374571817209
68,0.2,-6.331658291457286,0.7301410796984383
69,0.2,-6.130653266331658,0.7332870933150076
70,0.2,-5.92964824120603,0.7361844638661902
71,0.2,-5.7286432160804015,0.7388412333626467
72,0.2,-5.527638190954773,0.741268287506852
73,0.2,-5.326633165829145,0.7434737135879675
74,0.2,-5.125628140703517,0.7454681764230111
75,0.2,-4.924623115577889,0.7472624897404768
76,0.2,-4.723618090452261,0.7488682700533873
77,0.2,-4.522613065326633,0.7502973021838351
78,0.2,-4.321608040201005,0.7515616003240729
79,0.2,-4.1206030150753765,0.7526733932822284
80,0.2,-3.9195979899497466,0.7536448631747569
81,0.2,-3.7185929648241185,0.7544881632762599
82,0.2,-3.5175879396984904,0.7552153190606474
83,0.2,-3.3165829145728623,0.7558381818096829
84,0.2,-3.115577889447234,0.7563682794947783
85,0.2,-2.914572864321606,0.7568168665127838
86,0.2,-2.713567839195978,0.7571947225576214
87,0.2,-2.5125628140703498,0.7575121142579843
88,0.2,-2.3115577889447216,0.7577788707593582
89,0.2,-2.1105527638190935,0.75800425173898
90,0.2,-1.9095477386934654,0.7581969120179894
91,0.2,-1.7085427135678373,0.7583649331369805
92,0.2,-1.5075376884422091,0.7585156626664328
93,0.2,-1.306532663316581,0.7586557627497641
94,0.2,-1.105527638190953,0.7587912868413182
95,0.2,-0.9045226130653248,0.7589276068180099
96,0.2,-0.7035175879396967,0.7590693531678492
97,0.2,-0.5025125628140685,0.7592197901573738
98,0.2,-0.3015075376884404,0.7593825018164346
99,0.2,-0.10050251256281229,0.7595599596323753
100,0.2,0.10050251256281584,0.7597534498467613
101,0.2,0.30150753768844396,0.7599638166578387
102,0.2,0.5025125628140721,0.760191336885141
103,0.2,0.7035175879397002,0.7604351872097195
104,0.2,0.9045226130653283,0.7606933205229016
105,0.2,1.1055276381909565,0.7609640784425766
106,0.2,1.3065326633165846,0.7612442795972812
107,0.2,1.5075376884422127,0.7615299811619968
108,0.2,1.7085427135678408,0.7618167230431327
109,0.2,1.909547738693469,0.7620990575511962
110,0.2,2.110552763819097,0.7623709467163744
111,0.2,2.311557788944725,0.762625420990236
112,0.2,2.5125628140703533,0.762855067732768
113,0.2,2.7135678391959814,0.7630513140652292
114,0.2,2.9145728643216096,0.7632054254438724
115,0.2,3.1155778894472377,0.763307702148417
116,0.2,3.316582914572866,0.7633478418000409
117,0.2,3.517587939698494,0.7633149685272259
118,0.2,3.718592964824122,0.7631977574162456
119,0.2,3.91959798994975,0.7629842335922928
120,0.2,4.120603015075378,0.7626621203762795
121,0.2,4.321608040201006,0.7622187735792195
122,0.2,4.5226130653266345,0.7616412891307305
123,0.2,4.723618090452263,0.7609164425915642
124,0.2,4.924623115577891,0.7600309604146984
125,0.2,5.125628140703519,0.7589715560252404
126,0.2,5.326633165829147,0.7577248669345673
127,0.2,5.527638190954775,0.7562780686355607
128,0.2,5.728643216080403,0.7546182243709446
129,0.2,5.929648241206031,0.7527332279507636
130,0.2,6.1306532663316595,0.7506109784847506
131,0.2,6.331658291457288,0.748240399606473
132,0.2,6.532663316582916,0.7456124705778668
133,0.2,6.733668341708544,0.7427145254049373
134,0.2,6.934673366834172,0.7395394972081432
135,0.2,7.1356783919598,0.7360809754823682
136,0.2,7.336683417085428,0.7323309447532483
137,0.2,7.537688442211056,0.7282828933885033
138,0.2,7.7386934673366845,0.7239341328361897
139,0.2,7.939698492462313,0.719281971688075
140,0.2,8.14070351758794,0.7143251594106476
141,0.2,8.341708542713569,0.7090638000436097
142,0.2,8.542713567839197,0.7034994289098359
143,0.2,8.743718592964825,0.6976351253865514
144,0.2,8.944723618090453,0.6914751930385452
145,0.2,9.145728643216081,0.6850257665379678
146,0.2,9.34673366834171,0.6782968484610847
147,0.2,9.547738693467338,0.6712895486491072
148,0.2,9.748743718592966,0.6640189859880065
149,0.2,9.949748743718594,0.6564965369161118
150,0.2,10.150753768844222,0.6487346984504807
151,0.2,10.35175879396985,0.6407426966651844
152,0.2,10.552763819095478,0.6325395026050875
153,0.2,10.753768844221106,0.6241363583179518
154,0.2,10.954773869346734,0.6155496572993522
155,0.2,11.155778894472363,0.6067948187891277
156,0.2,11.35678391959799,0.5978910868610112
157,0.2,11.557788944723619,0.5888521749702382
158,0.2,11.758793969849247,0.5796950021425605
159,0.2,11.959798994974875,0.5704379482628902
160,0.2,12.160804020100507,0.5610997564351403
161,0.2,12.361809045226131,0.551695331036392
162,0.2,12.562814070351763,0.5422399870606089
163,0.2,12.763819095477388,0.532751406747346
164,0.2,12.96482412060302,0.5232452997824036
165,0.2,13.165829145728644,0.5137363219651468
166,0.2,13.366834170854275,0.5042412307871278
167,0.2,13.5678391959799,0.49477495052402914
168,0.2,13.768844221105532,0.48534660134055346
169,0.2,13.969849246231156,0.47597048716797385
170,0.2,14.170854271356788,0.4666615709732397
171,0.2,14.371859296482413,0.45742824225547135
172,0.2,14.572864321608044,0.44828049402857906
173,0.2,14.773869346733669,0.4392299366237294
174,0.2,14.9748743718593,0.43028380915456704
175,0.2,15.175879396984925,0.42145206426938103
176,0.2,15.376884422110557,0.4127402926517419
177,0.2,15.577889447236181,0.4041556869426236
178,0.2,15.778894472361813,0.39570239368252214
179,0.2,15.979899497487438,0.3873873248752691
180,0.2,16.18090452261307,0.3792138990287911
181,0.2,16.381909547738694,0.3711866844919148
182,0.2,16.582914572864325,0.36330656332297406
183,0.2,16.78391959798995,0.35557698321865755
184,0.2,16.98492462311558,0.34800148039408685
185,0.2,17.185929648241206,0.34057711510227073
186,0.2,17.386934673366838,0.33330630502963315
187,0.2,17.587939698492463,0.32618958530373204
188,0.2,17.788944723618094,0.3192279813784649
189,0.2,17.98994974874372,0.31241914428515705
190,0.2,18.19095477386935,0.30576378853086317
191,0.2,18.391959798994975,0.29926049428855794
192,0.2,18.592964824120607,0.29290615354204325
193,0.2,18.79396984924623,0.28670166587323226
194,0.2,18.994974874371863,0.2806424853081673
195,0.2,19.195979899497488,0.2747284002312438
196,0.2,19.39698492462312,0.2689552711917713
197,0.2,19.597989949748744,0.26332156593252054
198,0.2,19.798994974874375,0.2578249294698973
199,0.2,20.0,0.2524626794399166
