,t,height,fid
0,0.35,-20.0,0.13337680645319092
1,0.35,-19.798994974874372,0.13682670709263406
2,0.35,-19.597989949748744,0.14038735556917797
3,0.35,-19.396984924623116,0.1440621660221273
4,0.35,-19.195979899497488,0.14785682918452472
5,0.35,-18.99497487437186,0.15177475052565434
6,0.35,-18.79396984924623,0.1558203882896448
7,0.35,-18.592964824120603,0.16000025152639438
8,0.35,-18.391959798994975,0.16431797910599108
9,0.35,-18.190954773869347,0.16877953014457792
10,0.35,-17.98994974874372,0.17338858529629964
11,0.35,-17.78894472361809,0.1781532234879142
12,0.35,-17.587939698492463,0.18307648938239296
13,0.35,-17.386934673366834,0.1881687769845702
14,0.35,-17.185929648241206,0.19343110890452053
15,0.35,-16.984924623115578,0.19887250530080752
16,0.35,-16.78391959798995,0.20449758698616521
17,0.35,-16.582914572864322,0.2103157004278545
18,0.35,-16.381909547738694,0.21633246375875506
19,0.35,-16.180904522613066,0.22255314484020455
20,0.35,-15.979899497487438,0.2289868865258123
21,0.35,-15.77889447236181,0.23563895238687016
22,0.35,-15.577889447236181,0.24251608268889227
23,0.35,-15.376884422110553,0.24962540821031406
24,0.35,-15.175879396984925,0.25697535883575817
25,0.35,-14.974874371859297,0.2645692255830313
26,0.35,-14.773869346733669,0.2724173516587595
27,0.35,-14.57286432160804,0.2805219112860549
28,0.35,-14.371859296482413,0.288891070550694
29,0.35,-14.170854271356784,0.2975293764704332
30,0.35,-13.969849246231156,0.3064389938487832
31,0.35,-13.768844221105528,0.31562641608715003
32,0.35,-13.5678391959799,0.3250935575497478
33,0.35,-13.366834170854272,0.33484219396870823
34,0.35,-13.165829145728644,0.34487031692553466
35,0.35,-12.964824120603016,0.3551766864368889
36,0.35,-12.763819095477388,0.3657593410069865
37,0.35,-12.56281407035176,0.3766135881504419
38,0.35,-12.361809045226131,0.3877334012021534
39,0.35,-12.160804020100503,0.3991093589348083
40,0.35,-11.959798994974873,0.4107277712926947
41,0.35,-11.758793969849245,0.42257592027944213
42,0.35,-11.557788944723617,0.4346356811808566
43,0.35,-11.356783919597989,0.4468893778428841
44,0.35,-11.15577889447236,0.4593123305264166
45,0.35,-10.954773869346733,0.4718764372289323
46,0.35,-10.753768844221105,0.48455769584025904
47,0.35,-10.552763819095476,0.4973211416296908
48,0.35,-10.351758793969848,0.510130806193269
49,0.35,-10.15075376884422,0.5229550231180534
50,0.35,-9.949748743718592,0.5357515262638314
51,0.35,-9.748743718592964,0.5484798276256492
52,0.35,-9.547738693467336,0.5610963150042116
53,0.35,-9.346733668341708,0.5735591870790271
54,0.35,-9.14572864321608,0.5858277607735131
55,0.35,-8.944723618090451,0.5978545400336253
56,0.35,-8.743718592964823,0.6095979360187179
57,0.35,-8.542713567839195,0.6210178341128911
58,0.35,-8.341708542713567,0.6320766966107662
59,0.35,-8.140703517587939,0.6427347639309151
60,0.35,-7.939698492462311,0.6529609734782366
61,0.35,-7.738693467336683,0.6627281096416847
62,0.35,-7.537688442211055,0.6720095208499083
63,0.35,-7.3366834170854265,0.6807852268732936
64,0.35,-7.135678391959798,0.6890392963743438
65,0.35,-6.93467336683417,0.6967604695429298
66,0.35,-6.733668341708542,0.7039430409454863
67,0.35,-6.532663316582914,0.7105858896678318
68,0.35,-6.331658291457286,0.7166926915043571
69,0.35,-6.130653266331658,0.7222716566280358
70,0.35,-5.92964824120603,0.7273350063213754
71,0.35,-5.7286432160804015,0.7318986346470462
72,0.35,-5.527638190954773,0.7359806417963265
73,0.35,-5.326633165829145,0.7396032136080112
74,0.35,-5.125628140703517,0.7427956863913394
75,0.35,-4.924623115577889,0.7455816893118894
76,0.35,-4.723618090452261,0.7479894679800662
77,0.35,-4.522613065326633,0.7500482846014612
78,0.35,-4.321608040201005,0.7517879165515795
79,0.35,-4.1206030150753765,0.7532383214952164
80,0.35,-3.9195979899497466,0.7544294486009147
81,0.35,-3.7185929648241185,0.7553905579575388
82,0.35,-3.5175879396984904,0.7561503643964285
83,0.35,-3.3165829145728623,0.7567365101194223
84,0.35,-3.115577889447234,0.757175496251883
85,0.35,-2.914572864321606,0.7574924305594071
86,0.35,-2.713567839195978,0.7577110172210462
87,0.35,-2.5125628140703498,0.7578534868038374
88,0.35,-2.3115577889447216,0.7579403270780353
89,0.35,-2.1105527638190935,0.7579905053849605
90,0.35,-1.9095477386934654,0.7580213117332772
91,0.35,-1.7085427135678373,0.7580483850139745
92,0.35,-1.5075376884422091,0.758085612987155
93,0.35,-1.306532663316581,0.7581451600418925
94,0.35,-1.105527638190953,0.75823783516157
95,0.35,-0.9045226130653248,0.7583723426254889
96,0.35,-0.7035175879396967,0.7585560430526866
97,0.35,-0.5025125628140685,0.7587948588635783
98,0.35,-0.3015075376884404,0.7590924281917688
99,0.35,-0.10050251256281229,0.7594516737642114
100,0.35,0.10050251256281584,0.7598731654042545
101,0.35,0.30150753768844396,0.7603561310634595
102,0.35,0.5025125628140721,0.7608983699505669
103,0.35,0.7035175879397002,0.7614951224385642
104,0.35,0.9045226130653283,0.7621411763087106
105,0.35,1.1055276381909565,0.7628285741822514
106,0.35,1.3065326633165846,0.7635481733367873
107,0.35,1.5075376884422127,0.7642889417473986
108,0.35,1.7085427135678408,0.7650377113644669
109,0.35,1.909547738693469,0.7657808877516235
110,0.35,2.110552763819097,0.7664997457983812
111,0.35,2.311557788944725,0.7671766662980943
112,0.35,2.5125628140703533,0.7677912604679311
113,0.35,2.7135678391959814,0.7683212633511747
114,0.35,2.9145728643216096,0.7687425840505473
115,0.35,3.1155778894472377,0.7690293474006903
116,0.35,3.316582914572866,0.7691541183199521
117,0.35,3.517587939698494,0.7690879614092452
118,0.35,3.718592964824122,0.7688005388939894
119,0.35,3.91959798994975,0.7682604476104307
120,0.35,4.120603015075378,0.7674354046101547
121,0.35,4.321608040201006,0.7662926161439495
122,0.35,4.5226130653266345,0.7647980749705677
123,0.35,4.723618090452263,0.7629211050681305
124,0.35,4.924623115577891,0.7606285021596264
125,0.35,5.125628140703519,0.7578893231053659
126,0.35,5.326633165829147,0.7546741184130885
127,0.35,5.527638190954775,0.7509555484115036
128,0.35,5.728643216080403,0.7467092038933905
129,0.35,5.929648241206031,0.7419149992754924
130,0.35,6.1306532663316595,0.7365536563137118
131,0.35,6.331658291457288,0.730611575552751
132,0.35,6.532663316582916,0.7240782256777144
133,0.35,6.733668341708544,0.7169506825443982
134,0.35,6.934673366834172,0.7092297819761821
135,0.35,7.1356783919598,0.7009217022654071
136,0.35,7.336683417085428,0.6920377644541765
137,0.35,7.537688442211056,0.6825966859743602
138,0.35,7.7386934673366845,0.6726166522507769
139,0.35,7.939698492462313,0.6621266141795231
140,0.35,8.14070351758794,0.6511590942668132
141,0.35,8.341708542713569,0.6397497924365515
142,0.35,8.542713567839197,0.6279361323693844
143,0.35,8.743718592964825,0.6157607875840353
144,0.35,8.944723618090453,0.6032697367724333
145,0.35,9.145728643216081,0.5905072901533203
146,0.35,9.34673366834171,0.5775209747247331
147,0.35,9.547738693467338,0.5643608423977057
148,0.35,9.748743718592966,0.5510733277166756
149,0.35,9.949748743718594,0.5377028236184777
150,0.35,10.150753768844222,0.5242956752662127
151,0.35,10.35175879396985,0.5108944856815882
152,0.35,10.552763819095478,0.4975431036710041
153,0.35,10.753768844221106,0.48427418202479633
154,0.35,10.954773869346734,0.4711242487163011
155,0.35,11.155778894472363,0.4581283067250182
156,0.35,11.35678391959799,0.4453100295302749
157,0.35,11.557788944723619,0.4326970517273484
158,0.35,11.758793969849247,0.4203123050119907
159,0.35,11.959798994974875,0.4081740834460666
160,0.35,12.160804020100507,0.39629541447917394
161,0.35,12.361809045226131,0.38469073682805816
162,0.35,12.562814070351763,0.3733718977340595
163,0.35,12.763819095477388,0.3623433875476644
164,0.35,12.96482412060302,0.35161248130279754
165,0.35,13.165829145728644,0.34118107116063756
166,0.35,13.366834170854275,0.33104839695116656
167,0.35,13.5678391959799,0.32121602586479203
168,0.35,13.768844221105532,0.3116822357238935
169,0.35,13.969849246231156,0.30244514425854335
170,0.35,14.170854271356788,0.2934970643368748
171,0.35,14.371859296482413,0.2848369977293119
172,0.35,14.572864321608044,0.276457167535971
173,0.35,14.773869346733669,0.2683503959161861
174,0.35,14.9748743718593,0.26051014433878
175,0.35,15.175879396984925,0.2529319444616137
176,0.35,15.376884422110557,0.24560556629871627
177,0.35,15.577889447236181,0.23852528513838087
178,0.35,15.778894472361813,0.2316810038542915
179,0.35,15.979899497487438,0.22506682523680482
180,0.35,16.18090452261307,0.21867584083297795
181,0.35,16.381909547738694,0.21250050382667712
182,0.35,16.582914572864325,0.20653165474187288
183,0.35,16.78391959798995,0.20076446784743274
184,0.35,16.98492462311558,0.19519059932360402
185,0.35,17.185929648241206,0.1898020486057366
186,0.35,17.386934673366838,0.18459236895005382
187,0.35,17.587939698492463,0.17955765593375983
188,0.35,17.788944723618094,0.17468801599043526
189,0.35,17.98994974874372,0.16998071028534012
190,0.35,18.19095477386935,0.16542447986033856
191,0.35,18.391959798994975,0.16101830240433795
192,0.35,18.592964824120607,0.15675479913975834
193,0.35,18.79396984924623,0.1526302516719343
194,0.35,18.994974874371863,0.14863751559481342
195,0.35,19.195979899497488,0.1447720653547171
196,0.35,19.39698492462312,0.1410301839655404
197,0.35,19.597989949748744,0.13740594187430585
198,0.35,19.798994974874375,0.13389575240039636
199,0.35,20.0,0.13049571579784583
