,t,height,fid
0,0.9499999999999997,-20.0,0.010824547326518481
1,0.9499999999999997,-19.798994974874372,0.012186395858290632
2,0.9499999999999997,-19.597989949748744,0.013773114925053167
3,0.9499999999999997,-19.396984924623116,0.015565290960668906
4,0.9499999999999997,-19.195979899497488,0.017531786089239842
5,0.9499999999999997,-18.99497487437186,0.019629843196788135
6,0.9499999999999997,-18.79396984924623,0.02181097954255451
7,0.9499999999999997,-18.592964824120603,0.024026566626317695
8,0.9499999999999997,-18.391959798994975,0.026226007330583504
9,0.9499999999999997,-18.190954773869347,0.028364129397879734
10,0.9499999999999997,-17.98994974874372,0.030403682067586563
11,0.9499999999999997,-17.78894472361809,0.03231627865234539
12,0.9499999999999997,-17.587939698492463,0.034081720626693
13,0.9499999999999997,-17.386934673366834,0.03569145679576554
14,0.9499999999999997,-17.185929648241206,0.03714508248786333
15,0.9499999999999997,-16.984924623115578,0.03845403994721236
16,0.9499999999999997,-16.78391959798995,0.039634859081524476
17,0.9499999999999997,-16.582914572864322,0.04071070561497484
18,0.9499999999999997,-16.381909547738694,0.041710007716476295
19,0.9499999999999997,-16.180904522613066,0.04266064070914196
20,0.9499999999999997,-15.979899497487438,0.04359649012563321
21,0.9499999999999997,-15.77889447236181,0.0445483366672222
22,0.9499999999999997,-15.577889447236181,0.045546418961625236
23,0.9499999999999997,-15.376884422110553,0.046621431701090364
24,0.9499999999999997,-15.175879396984925,0.047798681318660864
25,0.9499999999999997,-14.974874371859297,0.0491033835679038
26,0.9499999999999997,-14.773869346733669,0.05055761957740923
27,0.9499999999999997,-14.57286432160804,0.05218266211493838
28,0.9499999999999997,-14.371859296482413,0.053996039671716345
29,0.9499999999999997,-14.170854271356784,0.056013603682480415
30,0.9499999999999997,-13.969849246231156,0.05825198928142568
31,0.9499999999999997,-13.768844221105528,0.060724129163631464
32,0.9499999999999997,-13.5678391959799,0.06344491151110483
33,0.9499999999999997,-13.366834170854272,0.06642810314057197
34,0.9499999999999997,-13.165829145728644,0.06968924406695466
35,0.9499999999999997,-12.964824120603016,0.0732414724310606
36,0.9499999999999997,-12.763819095477388,0.07709955073126241
37,0.9499999999999997,-12.56281407035176,0.08128345599306895
38,0.9499999999999997,-12.361809045226131,0.08581124089334274
39,0.9499999999999997,-12.160804020100503,0.09070439903092772
40,0.9499999999999997,-11.959798994974873,0.0959820867894159
41,0.9499999999999997,-11.758793969849245,0.10167355627514084
42,0.9499999999999997,-11.557788944723617,0.10780563207837474
43,0.9499999999999997,-11.356783919597989,0.11440886591037831
44,0.9499999999999997,-11.15577889447236,0.12151676171252651
45,0.9499999999999997,-10.954773869346733,0.1291678744866964
46,0.9499999999999997,-10.753768844221105,0.13740337442147463
47,0.9499999999999997,-10.552763819095476,0.14626779705178636
48,0.9499999999999997,-10.351758793969848,0.155809457629704
49,0.9499999999999997,-10.15075376884422,0.16608296445414378
50,0.9499999999999997,-9.949748743718592,0.1771438585225325
51,0.9499999999999997,-9.748743718592964,0.18905670913654954
52,0.9499999999999997,-9.547738693467336,0.20188479120818373
53,0.9499999999999997,-9.346733668341708,0.21570173472024365
54,0.9499999999999997,-9.14572864321608,0.2305771809313251
55,0.9499999999999997,-8.944723618090451,0.24658537435835082
56,0.9499999999999997,-8.743718592964823,0.2638022679689591
57,0.9499999999999997,-8.542713567839195,0.2822974493114738
58,0.9499999999999997,-8.341708542713567,0.30213469177132035
59,0.9499999999999997,-8.140703517587939,0.3233669193878434
60,0.9499999999999997,-7.939698492462311,0.34603021928548033
61,0.9499999999999997,-7.738693467336683,0.37012512164737876
62,0.9499999999999997,-7.537688442211055,0.3956292356728093
63,0.9499999999999997,-7.3366834170854265,0.4224689754639604
64,0.9499999999999997,-7.135678391959798,0.4505133438232432
65,0.9499999999999997,-6.93467336683417,0.47956790772079716
66,0.9499999999999997,-6.733668341708542,0.5093696295239443
67,0.9499999999999997,-6.532663316582914,0.5395876919066873
68,0.9499999999999997,-6.331658291457286,0.5698212522856935
69,0.9499999999999997,-6.130653266331658,0.5996263767970356
70,0.9499999999999997,-5.92964824120603,0.6285249554032576
71,0.9499999999999997,-5.7286432160804015,0.6560400387899968
72,0.9499999999999997,-5.527638190954773,0.6817252018678873
73,0.9499999999999997,-5.326633165829145,0.7051887710135939
74,0.9499999999999997,-5.125628140703517,0.726121057243105
75,0.9499999999999997,-4.924623115577889,0.7443153332306628
76,0.9499999999999997,-4.723618090452261,0.7596772008920377
77,0.9499999999999997,-4.522613065326633,0.7722125827041532
78,0.9499999999999997,-4.321608040201005,0.7820215089787971
79,0.9499999999999997,-4.1206030150753765,0.78929088658812
80,0.9499999999999997,-3.9195979899497466,0.794260491577916
81,0.9499999999999997,-3.7185929648241185,0.7972089207220573
82,0.9499999999999997,-3.5175879396984904,0.7984327466677607
83,0.9499999999999997,-3.3165829145728623,0.7982292993989868
84,0.9499999999999997,-3.115577889447234,0.7968843088514831
85,0.9499999999999997,-2.914572864321606,0.7946625563202955
86,0.9499999999999997,-2.713567839195978,0.7918028208683173
87,0.9499999999999997,-2.5125628140703498,0.7885151938398371
88,0.9499999999999997,-2.3115577889447216,0.7849811190415126
89,0.9499999999999997,-2.1105527638190935,0.781354756794944
90,0.9499999999999997,-1.9095477386934654,0.7777667459217807
91,0.9499999999999997,-1.7085427135678373,0.7743209350148518
92,0.9499999999999997,-1.5075376884422091,0.7711065477502408
93,0.9499999999999997,-1.306532663316581,0.7681946993810632
94,0.9499999999999997,-1.105527638190953,0.7656418254849661
95,0.9499999999999997,-0.9045226130653248,0.7634958210704643
96,0.9499999999999997,-0.7035175879396967,0.761792082325047
97,0.9499999999999997,-0.5025125628140685,0.76055812263929
98,0.9499999999999997,-0.3015075376884404,0.7598155072979875
99,0.9499999999999997,-0.10050251256281229,0.7595795255442888
100,0.9499999999999997,0.10050251256281584,0.7598597800341089
101,0.9499999999999997,0.30150753768844396,0.7606610937615181
102,0.9499999999999997,0.5025125628140721,0.7619828223428246
103,0.9499999999999997,0.7035175879397002,0.7638191706692998
104,0.9499999999999997,0.9045226130653283,0.7661579732129902
105,0.9499999999999997,1.1055276381909565,0.7689781270476684
106,0.9499999999999997,1.3065326633165846,0.7722517982239803
107,0.9499999999999997,1.5075376884422127,0.7759402997016955
108,0.9499999999999997,1.7085427135678408,0.7799917935360844
109,0.9499999999999997,1.909547738693469,0.7843380425625689
110,0.9499999999999997,2.110552763819097,0.7888969386147769
111,0.9499999999999997,2.311557788944725,0.7935603170700993
112,0.9499999999999997,2.5125628140703533,0.7981966657383985
113,0.9499999999999997,2.7135678391959814,0.8026463128003714
114,0.9499999999999997,2.9145728643216096,0.8067183645760452
115,0.9499999999999997,3.1155778894472377,0.8101887515533246
116,0.9499999999999997,3.316582914572866,0.8128005720257503
117,0.9499999999999997,3.517587939698494,0.8142655491146557
118,0.9499999999999997,3.718592964824122,0.8142697398375475
119,0.9499999999999997,3.91959798994975,0.8124832259873006
120,0.9499999999999997,4.120603015075378,0.808573642085765
121,0.9499999999999997,4.321608040201006,0.802224922761801
122,0.9499999999999997,4.5226130653266345,0.7931593230734054
123,0.9499999999999997,4.723618090452263,0.7811613395852535
124,0.9499999999999997,4.924623115577891,0.7661031116331324
125,0.9499999999999997,5.125628140703519,0.747956938094583
126,0.9499999999999997,5.326633165829147,0.7268254695898367
127,0.9499999999999997,5.527638190954775,0.7029148941326717
128,0.9499999999999997,5.728643216080403,0.6765618907593085
129,0.9499999999999997,5.929648241206031,0.6481839124605681
130,0.9499999999999997,6.1306532663316595,0.618277489017225
131,0.9499999999999997,6.331658291457288,0.5873608494233797
132,0.9499999999999997,6.532663316582916,0.555953971290008
133,0.9499999999999997,6.733668341708544,0.5245472349118111
134,0.9499999999999997,6.934673366834172,0.4935722894676227
135,0.9499999999999997,7.1356783919598,0.46338816127467347
136,0.9499999999999997,7.336683417085428,0.4342741725820042
137,0.9499999999999997,7.537688442211056,0.40644321800501587
138,0.9499999999999997,7.7386934673366845,0.38002314830368333
139,0.9499999999999997,7.939698492462313,0.35509543452480163
140,0.9499999999999997,8.14070351758794,0.33167852735291353
141,0.9499999999999997,8.341708542713569,0.3097621985738873
142,0.9499999999999997,8.542713567839197,0.2893090955161756
143,0.9499999999999997,8.743718592964825,0.27025882956686653
144,0.9499999999999997,8.944723618090453,0.252539642512042
145,0.9499999999999997,9.145728643216081,0.2360748853738605
146,0.9499999999999997,9.34673366834171,0.22078346655081152
147,0.9499999999999997,9.547738693467338,0.20658748387704334
148,0.9499999999999997,9.748743718592966,0.19341006186427465
149,0.9499999999999997,9.949748743718594,0.18117294299034395
150,0.9499999999999997,10.150753768844222,0.16981289790726345
151,0.9499999999999997,10.35175879396985,0.15925448132138384
152,0.9499999999999997,10.552763819095478,0.14944491465586612
153,0.9499999999999997,10.753768844221106,0.1403240274208008
154,0.9499999999999997,10.954773869346734,0.131840443873689
155,0.9499999999999997,11.155778894472363,0.1239487404591179
156,0.9499999999999997,11.35678391959799,0.11660309516107123
157,0.9499999999999997,11.557788944723619,0.10976384995820695
158,0.9499999999999997,11.758793969849247,0.10339472010874587
159,0.9499999999999997,11.959798994974875,0.09746275721900184
160,0.9499999999999997,12.160804020100507,0.0919386412642909
161,0.9499999999999997,12.361809045226131,0.08679213654683336
162,0.9499999999999997,12.562814070351763,0.08200048451690098
163,0.9499999999999997,12.763819095477388,0.07754099281149093
164,0.9499999999999997,12.96482412060302,0.07339243757949628
165,0.9499999999999997,13.165829145728644,0.0695346666338932
166,0.9499999999999997,13.366834170854275,0.06594950693132617
167,0.9499999999999997,13.5678391959799,0.06262393238812997
168,0.9499999999999997,13.768844221105532,0.059541411569806295
169,0.9499999999999997,13.969849246231156,0.056686202630947514
170,0.9499999999999997,14.170854271356788,0.05404612060508105
171,0.9499999999999997,14.371859296482413,0.05160651758437064
172,0.9499999999999997,14.572864321608044,0.049355201813989155
173,0.9499999999999997,14.773869346733669,0.04727828548381957
174,0.9499999999999997,14.9748743718593,0.04536079937266778
175,0.9499999999999997,15.175879396984925,0.043590110820554875
176,0.9499999999999997,15.376884422110557,0.041949705562537305
177,0.9499999999999997,15.577889447236181,0.04042261128442512
178,0.9499999999999997,15.778894472361813,0.038992849973399864
179,0.9499999999999997,15.979899497487438,0.037641973774392136
180,0.9499999999999997,16.18090452261307,0.03635161752610418
181,0.9499999999999997,16.381909547738694,0.0351022304459314
182,0.9499999999999997,16.582914572864325,0.0338748460959404
183,0.9499999999999997,16.78391959798995,0.03265175652051645
184,0.9499999999999997,16.98492462311558,0.03141518582198938
185,0.9499999999999997,17.185929648241206,0.030152084463938092
186,0.9499999999999997,17.386934673366838,0.028850202437844634
187,0.9499999999999997,17.587939698492463,0.02750190089490089
188,0.9499999999999997,17.788944723618094,0.026104234551134423
189,0.9499999999999997,17.98994974874372,0.024658512569340155
190,0.9499999999999997,18.19095477386935,0.02317299954746248
191,0.9499999999999997,18.391959798994975,0.02166030239329491
192,0.9499999999999997,18.592964824120607,0.020136922529127636
193,0.9499999999999997,18.79396984924623,0.018624347073982507
194,0.9499999999999997,18.994974874371863,0.017145347291017528
195,0.9499999999999997,19.195979899497488,0.01572479562012677
196,0.9499999999999997,19.39698492462312,0.01438696366748837
197,0.9499999999999997,19.597989949748744,0.01315197314164544
198,0.9499999999999997,19.798994974874375,0.012035661329804376
199,0.9499999999999997,20.0,0.011048171678701686
