,t,height,fid
0,0.5499999999999999,-20.0,0.05303883098240107
1,0.5499999999999999,-19.798994974874372,0.05503068600514342
2,0.5499999999999999,-19.597989949748744,0.05709233061686273
3,0.5499999999999999,-19.396984924623116,0.05922698251144426
4,0.5499999999999999,-19.195979899497488,0.061437138458830844
5,0.5499999999999999,-18.99497487437186,0.06372862670920904
6,0.5499999999999999,-18.79396984924623,0.06610406958961941
7,0.5499999999999999,-18.592964824120603,0.06856912291060313
8,0.5499999999999999,-18.391959798994975,0.07112662093542411
9,0.5499999999999999,-18.190954773869347,0.07378234967386625
10,0.5499999999999999,-17.98994974874372,0.07653970360629114
11,0.5499999999999999,-17.78894472361809,0.07940588032764626
12,0.5499999999999999,-17.587939698492463,0.08238545695098826
13,0.5499999999999999,-17.386934673366834,0.08548448137694646
14,0.5499999999999999,-17.185929648241206,0.08870963900111443
15,0.5499999999999999,-16.984924623115578,0.09206564820881456
16,0.5499999999999999,-16.78391959798995,0.0955593305752549
17,0.5499999999999999,-16.582914572864322,0.09919980429449357
18,0.5499999999999999,-16.381909547738694,0.10299351411669147
19,0.5499999999999999,-16.180904522613066,0.10694866986247895
20,0.5499999999999999,-15.979899497487438,0.11107291982934202
21,0.5499999999999999,-15.77889447236181,0.11537690766408808
22,0.5499999999999999,-15.577889447236181,0.11986837868734825
23,0.5499999999999999,-15.376884422110553,0.12455775189521691
24,0.5499999999999999,-15.175879396984925,0.12945525898328242
25,0.5499999999999999,-14.974874371859297,0.13457310769357306
26,0.5499999999999999,-14.773869346733669,0.13992270436826085
27,0.5499999999999999,-14.57286432160804,0.14551565818423487
28,0.5499999999999999,-14.371859296482413,0.1513654749248509
29,0.5499999999999999,-14.170854271356784,0.1574844759324522
30,0.5499999999999999,-13.969849246231156,0.16388932327121195
31,0.5499999999999999,-13.768844221105528,0.17059442801486938
32,0.5499999999999999,-13.5678391959799,0.17761290081785006
33,0.5499999999999999,-13.366834170854272,0.18496258634428217
34,0.5499999999999999,-13.165829145728644,0.19266522585990628
35,0.5499999999999999,-12.964824120603016,0.20073263339224673
36,0.5499999999999999,-12.763819095477388,0.2091857338206555
37,0.5499999999999999,-12.56281407035176,0.21804395171427648
38,0.5499999999999999,-12.361809045226131,0.22732690987503393
39,0.5499999999999999,-12.160804020100503,0.2370536239086427
40,0.5499999999999999,-11.959798994974873,0.24724090911288132
41,0.5499999999999999,-11.758793969849245,0.2579128768126392
42,0.5499999999999999,-11.557788944723617,0.2690863019051768
43,0.5499999999999999,-11.356783919597989,0.28077871751294053
44,0.5499999999999999,-11.15577889447236,0.29300820394469
45,0.5499999999999999,-10.954773869346733,0.3057886227633878
46,0.5499999999999999,-10.753768844221105,0.31913295623144494
47,0.5499999999999999,-10.552763819095476,0.33304984488957773
48,0.5499999999999999,-10.351758793969848,0.34754353228131724
49,0.5499999999999999,-10.15075376884422,0.3626113824917797
50,0.5499999999999999,-9.949748743718592,0.37824862825583966
51,0.5499999999999999,-9.748743718592964,0.39444134862341473
52,0.5499999999999999,-9.547738693467336,0.4111663819265318
53,0.5499999999999999,-9.346733668341708,0.4283896076690839
54,0.5499999999999999,-9.14572864321608,0.4460715107898896
55,0.5499999999999999,-8.944723618090451,0.46415520940192556
56,0.5499999999999999,-8.743718592964823,0.48257162906780304
57,0.5499999999999999,-8.542713567839195,0.5012459714024584
58,0.5499999999999999,-8.341708542713567,0.5200844321687332
59,0.5499999999999999,-8.140703517587939,0.5389885372394064
60,0.5499999999999999,-7.939698492462311,0.5578432494105661
61,0.5499999999999999,-7.738693467336683,0.5765295215277874
62,0.5499999999999999,-7.537688442211055,0.5949240594180429
63,0.5499999999999999,-7.3366834170854265,0.6128921914880618
64,0.5499999999999999,-7.135678391959798,0.6303118272478623
65,0.5499999999999999,-6.93467336683417,0.6470514796683308
66,0.5499999999999999,-6.733668341708542,0.6629969362525918
67,0.5499999999999999,-6.532663316582914,0.6780455870208179
68,0.5499999999999999,-6.331658291457286,0.6920952192158494
69,0.5499999999999999,-6.130653266331658,0.705078030287877
70,0.5499999999999999,-5.92964824120603,0.7169335624349985
71,0.5499999999999999,-5.7286432160804015,0.7276243986810965
72,0.5499999999999999,-5.527638190954773,0.7371285857999932
73,0.5499999999999999,-5.326633165829145,0.7454581676531453
74,0.5499999999999999,-5.125628140703517,0.7526303421838766
75,0.5499999999999999,-4.924623115577889,0.7586847264006951
76,0.5499999999999999,-4.723618090452261,0.7636754854107481
77,0.5499999999999999,-4.522613065326633,0.7676709530412339
78,0.5499999999999999,-4.321608040201005,0.7707460057955138
79,0.5499999999999999,-4.1206030150753765,0.7729860822866269
80,0.5499999999999999,-3.9195979899497466,0.774480172679076
81,0.5499999999999999,-3.7185929648241185,0.775319092951632
82,0.5499999999999999,-3.5175879396984904,0.7755936991462531
83,0.5499999999999999,-3.3165829145728623,0.7753928232775049
84,0.5499999999999999,-3.115577889447234,0.7748017714411934
85,0.5499999999999999,-2.914572864321606,0.7739011231686941
86,0.5499999999999999,-2.713567839195978,0.7727658238118189
87,0.5499999999999999,-2.5125628140703498,0.7714647413070443
88,0.5499999999999999,-2.3115577889447216,0.7700603791974777
89,0.5499999999999999,-2.1105527638190935,0.7686087628577545
90,0.5499999999999999,-1.9095477386934654,0.767159571412394
91,0.5499999999999999,-1.7085427135678373,0.7657561695650833
92,0.5499999999999999,-1.5075376884422091,0.7644352960730159
93,0.5499999999999999,-1.306532663316581,0.7632310523452359
94,0.5499999999999999,-1.105527638190953,0.7621692334379813
95,0.5499999999999999,-0.9045226130653248,0.7612720563267376
96,0.5499999999999999,-0.7035175879396967,0.7605573306038227
97,0.5499999999999999,-0.5025125628140685,0.760038646765464
98,0.5499999999999999,-0.3015075376884404,0.7597257338671997
99,0.5499999999999999,-0.10050251256281229,0.7596247641966135
100,0.5499999999999999,0.10050251256281584,0.7597383712027298
101,0.5499999999999999,0.30150753768844396,0.7600654900967724
102,0.5499999999999999,0.5025125628140721,0.7606021532381576
103,0.5499999999999999,0.7035175879397002,0.7613402940621544
104,0.5499999999999999,0.9045226130653283,0.7622689377615574
105,0.5499999999999999,1.1055276381909565,0.7633729451914697
106,0.5499999999999999,1.3065326633165846,0.7646331630801956
107,0.5499999999999999,1.5075376884422127,0.7660272960382715
108,0.5499999999999999,1.7085427135678408,0.7675255514931463
109,0.5499999999999999,1.909547738693469,0.7690961992813522
110,0.5499999999999999,2.110552763819097,0.7707009550775588
111,0.5499999999999999,2.311557788944725,0.7722962344587927
112,0.5499999999999999,2.5125628140703533,0.7738322890157023
113,0.5499999999999999,2.7135678391959814,0.7752533209908574
114,0.5499999999999999,2.9145728643216096,0.776497072952954
115,0.5499999999999999,3.1155778894472377,0.7774951704292522
116,0.5499999999999999,3.316582914572866,0.7781731536037846
117,0.5499999999999999,3.517587939698494,0.7784509533142283
118,0.5499999999999999,3.718592964824122,0.7782435820193
119,0.5499999999999999,3.91959798994975,0.7774624906013956
120,0.5499999999999999,4.120603015075378,0.7760167090965985
121,0.5499999999999999,4.321608040201006,0.7738151198102586
122,0.5499999999999999,4.5226130653266345,0.7707679705371093
123,0.5499999999999999,4.723618090452263,0.7667898199706047
124,0.5499999999999999,4.924623115577891,0.7618013011331012
125,0.5499999999999999,5.125628140703519,0.755735509032278
126,0.5499999999999999,5.326633165829147,0.7485354751857083
127,0.5499999999999999,5.527638190954775,0.7401599605952724
128,0.5499999999999999,5.728643216080403,0.7305901022946182
129,0.5499999999999999,5.929648241206031,0.719812610895696
130,0.5499999999999999,6.1306532663316595,0.7078487246893234
131,0.5499999999999999,6.331658291457288,0.6947358746478374
132,0.5499999999999999,6.532663316582916,0.6805336925499661
133,0.5499999999999999,6.733668341708544,0.6653157111439972
134,0.5499999999999999,6.934673366834172,0.6491822265906301
135,0.5499999999999999,7.1356783919598,0.6322401888080691
136,0.5499999999999999,7.336683417085428,0.6146071633040473
137,0.5499999999999999,7.537688442211056,0.5964191290691083
138,0.5499999999999999,7.7386934673366845,0.5778023987294812
139,0.5499999999999999,7.939698492462313,0.5588941381581177
140,0.5499999999999999,8.14070351758794,0.5398234788377247
141,0.5499999999999999,8.341708542713569,0.5207114130585979
142,0.5499999999999999,8.542713567839197,0.5016780659931777
143,0.5499999999999999,8.743718592964825,0.48282479494409447
144,0.5499999999999999,8.944723618090453,0.4642447612983576
145,0.5499999999999999,9.145728643216081,0.4460151423916409
146,0.5499999999999999,9.34673366834171,0.428205627290236
147,0.5499999999999999,9.547738693467338,0.41087320306241754
148,0.5499999999999999,9.748743718592966,0.3940568661539767
149,0.5499999999999999,9.949748743718594,0.3777899474066742
150,0.5499999999999999,10.150753768844222,0.3620945577811978
151,0.5499999999999999,10.35175879396985,0.34698323466065784
152,0.5499999999999999,10.552763819095478,0.3324593963787916
153,0.5499999999999999,10.753768844221106,0.3185240264183983
154,0.5499999999999999,10.954773869346734,0.3051718608452004
155,0.5499999999999999,11.155778894472363,0.2923924441696743
156,0.5499999999999999,11.35678391959799,0.28017156661795056
157,0.5499999999999999,11.557788944723619,0.26849417883580745
158,0.5499999999999999,11.758793969849247,0.2573405425314289
159,0.5499999999999999,11.959798994974875,0.24669374235430305
160,0.5499999999999999,12.160804020100507,0.23653388913502285
161,0.5499999999999999,12.361809045226131,0.22683806598354453
162,0.5499999999999999,12.562814070351763,0.21758846651355898
163,0.5499999999999999,12.763819095477388,0.20876457953468883
164,0.5499999999999999,12.96482412060302,0.20034758490473117
165,0.5499999999999999,13.165829145728644,0.1923154134885997
166,0.5499999999999999,13.366834170854275,0.18464911454912047
167,0.5499999999999999,13.5678391959799,0.1773358281346641
168,0.5499999999999999,13.768844221105532,0.17035435436583313
169,0.5499999999999999,13.969849246231156,0.16368456472281914
170,0.5499999999999999,14.170854271356788,0.15731532130848544
171,0.5499999999999999,14.371859296482413,0.1512314578287893
172,0.5499999999999999,14.572864321608044,0.14541621325791995
173,0.5499999999999999,14.773869346733669,0.13985725923924608
174,0.5499999999999999,14.9748743718593,0.13454107230414686
175,0.5499999999999999,15.175879396984925,0.12945605600462184
176,0.5499999999999999,15.376884422110557,0.12459077004205263
177,0.5499999999999999,15.577889447236181,0.11993307133350445
178,0.5499999999999999,15.778894472361813,0.11547275991024483
179,0.5499999999999999,15.979899497487438,0.11119945274863795
180,0.5499999999999999,16.18090452261307,0.10710543959611456
181,0.5499999999999999,16.381909547738694,0.10318015037488072
182,0.5499999999999999,16.582914572864325,0.09941598158387777
183,0.5499999999999999,16.78391959798995,0.09580478767941197
184,0.5499999999999999,16.98492462311558,0.09234020216212867
185,0.5499999999999999,17.185929648241206,0.08901309211887594
186,0.5499999999999999,17.386934673366838,0.08581679366005646
187,0.5499999999999999,17.587939698492463,0.08274661402084031
188,0.5499999999999999,17.788944723618094,0.07979544013485484
189,0.5499999999999999,17.98994974874372,0.07695879050179359
190,0.5499999999999999,18.19095477386935,0.07423067154367444
191,0.5499999999999999,18.391959798994975,0.071604423790918
192,0.5499999999999999,18.592964824120607,0.06907711548196319
193,0.5499999999999999,18.79396984924623,0.06664193885573114
194,0.5499999999999999,18.994974874371863,0.06429720591838936
195,0.5499999999999999,19.195979899497488,0.06203696405879633
196,0.5499999999999999,19.39698492462312,0.05985868087347333
197,0.5499999999999999,19.597989949748744,0.057756576028003576
198,0.5499999999999999,19.798994974874375,0.05572822478570331
199,0.5499999999999999,20.0,0.05377049301583863
