,t,height,fid
0,0.6499999999999999,-20.0,0.04578311883501594
1,0.6499999999999999,-19.798994974874372,0.04697696223562005
2,0.6499999999999999,-19.597989949748744,0.04823282464850623
3,0.6499999999999999,-19.396984924623116,0.04955469896911601
4,0.6499999999999999,-19.195979899497488,0.05094482105940961
5,0.6499999999999999,-18.99497487437186,0.05240906813658327
6,0.6499999999999999,-18.79396984924623,0.05395027720260082
7,0.6499999999999999,-18.592964824120603,0.05557158836204482
8,0.6499999999999999,-18.391959798994975,0.05727806855805956
9,0.6499999999999999,-18.190954773869347,0.05907354136265431
10,0.6499999999999999,-17.98994974874372,0.06096159689286479
11,0.6499999999999999,-17.78894472361809,0.06294710991899778
12,0.6499999999999999,-17.587939698492463,0.06503527138252622
13,0.6499999999999999,-17.386934673366834,0.06723000184407582
14,0.6499999999999999,-17.185929648241206,0.0695385161369852
15,0.6499999999999999,-16.984924623115578,0.07196245384480761
16,0.6499999999999999,-16.78391959798995,0.0745107056516749
17,0.6499999999999999,-16.582914572864322,0.07718696648519632
18,0.6499999999999999,-16.381909547738694,0.07999921767093976
19,0.6499999999999999,-16.180904522613066,0.08295466420087018
20,0.6499999999999999,-15.979899497487438,0.08605943590087098
21,0.6499999999999999,-15.77889447236181,0.08932256026926436
22,0.6499999999999999,-15.577889447236181,0.09274882611510075
23,0.6499999999999999,-15.376884422110553,0.09634962033298651
24,0.6499999999999999,-15.175879396984925,0.10013408310493777
25,0.6499999999999999,-14.974874371859297,0.10411158339718597
26,0.6499999999999999,-14.773869346733669,0.10829273847968607
27,0.6499999999999999,-14.57286432160804,0.11268834877381956
28,0.6499999999999999,-14.371859296482413,0.11731017785728691
29,0.6499999999999999,-14.170854271356784,0.12217163205580427
30,0.6499999999999999,-13.969849246231156,0.12728634545895282
31,0.6499999999999999,-13.768844221105528,0.13266703739222085
32,0.6499999999999999,-13.5678391959799,0.13833113215055537
33,0.6499999999999999,-13.366834170854272,0.14429343386956267
34,0.6499999999999999,-13.165829145728644,0.15057168198472254
35,0.6499999999999999,-12.964824120603016,0.15718274301190807
36,0.6499999999999999,-12.763819095477388,0.16414804800093277
37,0.6499999999999999,-12.56281407035176,0.1714868270178179
38,0.6499999999999999,-12.361809045226131,0.17921923441842696
39,0.6499999999999999,-12.160804020100503,0.18737064725057276
40,0.6499999999999999,-11.959798994974873,0.19596363220095314
41,0.6499999999999999,-11.758793969849245,0.20502087732525134
42,0.6499999999999999,-11.557788944723617,0.21457181768442687
43,0.6499999999999999,-11.356783919597989,0.2246392996135038
44,0.6499999999999999,-11.15577889447236,0.23525249005238955
45,0.6499999999999999,-10.954773869346733,0.24643592737877715
46,0.6499999999999999,-10.753768844221105,0.258216982187239
47,0.6499999999999999,-10.552763819095476,0.2706222320147618
48,0.6499999999999999,-10.351758793969848,0.2836745266298194
49,0.6499999999999999,-10.15075376884422,0.29739790781363273
50,0.6499999999999999,-9.949748743718592,0.3118080925090576
51,0.6499999999999999,-9.748743718592964,0.3269230397105567
52,0.6499999999999999,-9.547738693467336,0.34274939860274606
53,0.6499999999999999,-9.346733668341708,0.35928274572187113
54,0.6499999999999999,-9.14572864321608,0.3765189752270565
55,0.6499999999999999,-8.944723618090451,0.39443748957276603
56,0.6499999999999999,-8.743718592964823,0.41300374166105397
57,0.6499999999999999,-8.542713567839195,0.43216722694553295
58,0.6499999999999999,-8.341708542713567,0.45186385107926524
59,0.6499999999999999,-8.140703517587939,0.4720072289245374
60,0.6499999999999999,-7.939698492462311,0.49249751582407825
61,0.6499999999999999,-7.738693467336683,0.5132079697143637
62,0.6499999999999999,-7.537688442211055,0.5340075030678365
63,0.6499999999999999,-7.3366834170854265,0.554738322767869
64,0.6499999999999999,-7.135678391959798,0.575233032661311
65,0.6499999999999999,-6.93467336683417,0.595325981852028
66,0.6499999999999999,-6.733668341708542,0.6148351416333003
67,0.6499999999999999,-6.532663316582914,0.6335953549087546
68,0.6499999999999999,-6.331658291457286,0.651440972410894
69,0.6499999999999999,-6.130653266331658,0.6682302323359027
70,0.6499999999999999,-5.92964824120603,0.6838387633641376
71,0.6499999999999999,-5.7286432160804015,0.6981626308489841
72,0.6499999999999999,-5.527638190954773,0.711135637666752
73,0.6499999999999999,-5.326633165829145,0.722714723533503
74,0.6499999999999999,-5.125628140703517,0.7328871228416484
75,0.6499999999999999,-4.924623115577889,0.7416696558219561
76,0.6499999999999999,-4.723618090452261,0.7491097206002502
77,0.6499999999999999,-4.522613065326633,0.755270070541491
78,0.6499999999999999,-4.321608040201005,0.760234352480755
79,0.6499999999999999,-4.1206030150753765,0.764100537840872
80,0.6499999999999999,-3.9195979899497466,0.7669770263267901
81,0.6499999999999999,-3.7185929648241185,0.7689749949676722
82,0.6499999999999999,-3.5175879396984904,0.7702102715111999
83,0.6499999999999999,-3.3165829145728623,0.7707964433494932
84,0.6499999999999999,-3.115577889447234,0.7708432908832857
85,0.6499999999999999,-2.914572864321606,0.7704548925087189
86,0.6499999999999999,-2.713567839195978,0.7697283415882249
87,0.6499999999999999,-2.5125628140703498,0.7687529174272058
88,0.6499999999999999,-2.3115577889447216,0.7676095729190175
89,0.6499999999999999,-2.1105527638190935,0.7663709714880542
90,0.6499999999999999,-1.9095477386934654,0.7651006643770769
91,0.6499999999999999,-1.7085427135678373,0.7638574248766611
92,0.6499999999999999,-1.5075376884422091,0.7626894897924859
93,0.6499999999999999,-1.306532663316581,0.7616393487072828
94,0.6499999999999999,-1.105527638190953,0.7607432140349488
95,0.6499999999999999,-0.9045226130653248,0.7600313497139097
96,0.6499999999999999,-0.7035175879396967,0.7595283990237448
97,0.6499999999999999,-0.5025125628140685,0.7592540500352488
98,0.6499999999999999,-0.3015075376884404,0.7592230390450225
99,0.6499999999999999,-0.10050251256281229,0.7594460773402126
100,0.6499999999999999,0.10050251256281584,0.7599285284617245
101,0.6499999999999999,0.30150753768844396,0.7606718928392815
102,0.6499999999999999,0.5025125628140721,0.7616730688786374
103,0.6499999999999999,0.7035175879397002,0.7629242053198632
104,0.6499999999999999,0.9045226130653283,0.7644123694281343
105,0.6499999999999999,1.1055276381909565,0.7661205434852931
106,0.6499999999999999,1.3065326633165846,0.7680228738714534
107,0.6499999999999999,1.5075376884422127,0.770090479563731
108,0.6499999999999999,1.7085427135678408,0.772286539113297
109,0.6499999999999999,1.909547738693469,0.774566814063557
110,0.6499999999999999,2.110552763819097,0.77687921436088
111,0.6499999999999999,2.311557788944725,0.7791629411074953
112,0.6499999999999999,2.5125628140703533,0.7813464836457611
113,0.6499999999999999,2.7135678391959814,0.7833532443446715
114,0.6499999999999999,2.9145728643216096,0.7850924945138446
115,0.6499999999999999,3.1155778894472377,0.7864651934845004
116,0.6499999999999999,3.316582914572866,0.7873630677665853
117,0.6499999999999999,3.517587939698494,0.7876696765305945
118,0.6499999999999999,3.718592964824122,0.7872619417563331
119,0.6499999999999999,3.91959798994975,0.7860121098473984
120,0.6499999999999999,4.120603015075378,0.7837911386928711
121,0.6499999999999999,4.321608040201006,0.7804715913220416
122,0.6499999999999999,4.5226130653266345,0.7759341072880804
123,0.6499999999999999,4.723618090452263,0.7700658605110606
124,0.6499999999999999,4.924623115577891,0.7627734738578887
125,0.6499999999999999,5.125628140703519,0.7539861774416587
126,0.6499999999999999,5.326633165829147,0.7436559723469409
127,0.6499999999999999,5.527638190954775,0.7317697679867005
128,0.6499999999999999,5.728643216080403,0.7183339311219682
129,0.6499999999999999,5.929648241206031,0.7034023000329909
130,0.6499999999999999,6.1306532663316595,0.687058053670823
131,0.6499999999999999,6.331658291457288,0.6694116750039298
132,0.6499999999999999,6.532663316582916,0.6506100281705725
133,0.6499999999999999,6.733668341708544,0.6308179308110858
134,0.6499999999999999,6.934673366834172,0.6102176055542579
135,0.6499999999999999,7.1356783919598,0.588999497994765
136,0.6499999999999999,7.336683417085428,0.567359600709454
137,0.6499999999999999,7.537688442211056,0.5454915366297215
138,0.6499999999999999,7.7386934673366845,0.5235753096278486
139,0.6499999999999999,7.939698492462313,0.5017811935003081
140,0.6499999999999999,8.14070351758794,0.48025755195794134
141,0.6499999999999999,8.341708542713569,0.4591365714992802
142,0.6499999999999999,8.542713567839197,0.4385238073304042
143,0.6499999999999999,8.743718592964825,0.41850916622639805
144,0.6499999999999999,8.944723618090453,0.3991603847606673
145,0.6499999999999999,9.145728643216081,0.38052429465527526
146,0.6499999999999999,9.34673366834171,0.3626361020395788
147,0.6499999999999999,9.547738693467338,0.34551256466900854
148,0.6499999999999999,9.748743718592966,0.3291549588460053
149,0.6499999999999999,9.949748743718594,0.3135609660764596
150,0.6499999999999999,10.150753768844222,0.29872225268212493
151,0.6499999999999999,10.35175879396985,0.2846159912358615
152,0.6499999999999999,10.552763819095478,0.27122170178399596
153,0.6499999999999999,10.753768844221106,0.258511420926328
154,0.6499999999999999,10.954773869346734,0.2464585299731601
155,0.6499999999999999,11.155778894472363,0.23503285076568117
156,0.6499999999999999,11.35678391959799,0.22420373519245532
157,0.6499999999999999,11.557788944723619,0.21394368023375912
158,0.6499999999999999,11.758793969849247,0.20422076988099264
159,0.6499999999999999,11.959798994974875,0.19500971919237345
160,0.6499999999999999,12.160804020100507,0.18627895158528435
161,0.6499999999999999,12.361809045226131,0.17800380079843262
162,0.6499999999999999,12.562814070351763,0.17016135793171866
163,0.6499999999999999,12.763819095477388,0.1627204208644135
164,0.6499999999999999,12.96482412060302,0.1556637494789641
165,0.6499999999999999,13.165829145728644,0.14896936566610794
166,0.6499999999999999,13.366834170854275,0.1426149517308992
167,0.6499999999999999,13.5678391959799,0.13658175524377203
168,0.6499999999999999,13.768844221105532,0.13085286036501612
169,0.6499999999999999,13.969849246231156,0.12541122936627225
170,0.6499999999999999,14.170854271356788,0.12023978799021039
171,0.6499999999999999,14.371859296482413,0.11532394010754762
172,0.6499999999999999,14.572864321608044,0.11064910079464016
173,0.6499999999999999,14.773869346733669,0.10620383535859072
174,0.6499999999999999,14.9748743718593,0.10197397192085343
175,0.6499999999999999,15.175879396984925,0.09794874904616412
176,0.6499999999999999,15.376884422110557,0.09411770147565487
177,0.6499999999999999,15.577889447236181,0.09047000294910189
178,0.6499999999999999,15.778894472361813,0.08699547616036789
179,0.6499999999999999,15.979899497487438,0.08368570593096314
180,0.6499999999999999,16.18090452261307,0.08053262455062696
181,0.6499999999999999,16.381909547738694,0.07752913964169879
182,0.6499999999999999,16.582914572864325,0.07466672719062611
183,0.6499999999999999,16.78391959798995,0.07193838661417602
184,0.6499999999999999,16.98492462311558,0.06933834540949924
185,0.6499999999999999,17.185929648241206,0.06685773218045125
186,0.6499999999999999,17.386934673366838,0.06449443677503071
187,0.6499999999999999,17.587939698492463,0.062240841984018275
188,0.6499999999999999,17.788944723618094,0.06009266597677259
189,0.6499999999999999,17.98994974874372,0.05804452775154392
190,0.6499999999999999,18.19095477386935,0.05609086872128778
191,0.6499999999999999,18.391959798994975,0.05422872275967313
192,0.6499999999999999,18.592964824120607,0.052452382837722494
193,0.6499999999999999,18.79396984924623,0.050758657939559984
194,0.6499999999999999,18.994974874371863,0.04914419288674367
195,0.6499999999999999,19.195979899497488,0.047603845484703616
196,0.6499999999999999,19.39698492462312,0.0461347371087347
197,0.6499999999999999,19.597989949748744,0.04473328835298747
198,0.6499999999999999,19.798994974874375,0.043395665260680547
199,0.6499999999999999,20.0,0.042119049131101045
