,t,height,fid
0,0.7999999999999998,-20.0,0.011162078069516409
1,0.7999999999999998,-19.798994974874372,0.01166325399534265
2,0.7999999999999998,-19.597989949748744,0.012330065304869341
3,0.7999999999999998,-19.396984924623116,0.013157612353767403
4,0.7999999999999998,-19.195979899497488,0.014138314621476588
5,0.7999999999999998,-18.99497487437186,0.015264989426984022
6,0.7999999999999998,-18.79396984924623,0.016528758235677548
7,0.7999999999999998,-18.592964824120603,0.01792220896183462
8,0.7999999999999998,-18.391959798994975,0.019436566651571414
9,0.7999999999999998,-18.190954773869347,0.021064574585108794
10,0.7999999999999998,-17.98994974874372,0.02280019998042595
11,0.7999999999999998,-17.78894472361809,0.0246382911813655
12,0.7999999999999998,-17.587939698492463,0.02657431549920793
13,0.7999999999999998,-17.386934673366834,0.028603752401425188
14,0.7999999999999998,-17.185929648241206,0.030725717911200736
15,0.7999999999999998,-16.984924623115578,0.032940341589513186
16,0.7999999999999998,-16.78391959798995,0.035246469481496956
17,0.7999999999999998,-16.582914572864322,0.03764538858202184
18,0.7999999999999998,-16.381909547738694,0.04014122039804468
19,0.7999999999999998,-16.180904522613066,0.04273691514352767
20,0.7999999999999998,-15.979899497487438,0.04543667892152472
21,0.7999999999999998,-15.77889447236181,0.04824724420660528
22,0.7999999999999998,-15.577889447236181,0.05117397405363139
23,0.7999999999999998,-15.376884422110553,0.0542259848602182
24,0.7999999999999998,-15.175879396984925,0.05740978603608336
25,0.7999999999999998,-14.974874371859297,0.06073570701986358
26,0.7999999999999998,-14.773869346733669,0.0642135823852278
27,0.7999999999999998,-14.57286432160804,0.06785470909453484
28,0.7999999999999998,-14.371859296482413,0.071671700965596
29,0.7999999999999998,-14.170854271356784,0.07567576704754055
30,0.7999999999999998,-13.969849246231156,0.07988184892516924
31,0.7999999999999998,-13.768844221105528,0.08430554147118835
32,0.7999999999999998,-13.5678391959799,0.08896297299415636
33,0.7999999999999998,-13.366834170854272,0.09386732787965953
34,0.7999999999999998,-13.165829145728644,0.09904153112253303
35,0.7999999999999998,-12.964824120603016,0.10450381536990276
36,0.7999999999999998,-12.763819095477388,0.11027536326020686
37,0.7999999999999998,-12.56281407035176,0.11637851620364992
38,0.7999999999999998,-12.361809045226131,0.12283708732779014
39,0.7999999999999998,-12.160804020100503,0.12967856706708675
40,0.7999999999999998,-11.959798994974873,0.136930506444362
41,0.7999999999999998,-11.758793969849245,0.14462259330350305
42,0.7999999999999998,-11.557788944723617,0.1527865795578602
43,0.7999999999999998,-11.356783919597989,0.16145643342446706
44,0.7999999999999998,-11.15577889447236,0.1706694198232981
45,0.7999999999999998,-10.954773869346733,0.1804607498477789
46,0.7999999999999998,-10.753768844221105,0.19087842926734125
47,0.7999999999999998,-10.552763819095476,0.2019583766958413
48,0.7999999999999998,-10.351758793969848,0.2137508684608888
49,0.7999999999999998,-10.15075376884422,0.22629872524198055
50,0.7999999999999998,-9.949748743718592,0.239651924884125
51,0.7999999999999998,-9.748743718592964,0.25385824878872326
52,0.7999999999999998,-9.547738693467336,0.26896335815439204
53,0.7999999999999998,-9.346733668341708,0.2850137374242645
54,0.7999999999999998,-9.14572864321608,0.30204960221246197
55,0.7999999999999998,-8.944723618090451,0.32010542837167444
56,0.7999999999999998,-8.743718592964823,0.33921017787115326
57,0.7999999999999998,-8.542713567839195,0.359369762310595
58,0.7999999999999998,-8.341708542713567,0.3805811224551396
59,0.7999999999999998,-8.140703517587939,0.40282135724734114
60,0.7999999999999998,-7.939698492462311,0.4260316868265371
61,0.7999999999999998,-7.738693467336683,0.4501320783043711
62,0.7999999999999998,-7.537688442211055,0.47499631942017245
63,0.7999999999999998,-7.3366834170854265,0.5004684341345171
64,0.7999999999999998,-7.135678391959798,0.5263440970766049
65,0.7999999999999998,-6.93467336683417,0.5523902510676877
66,0.7999999999999998,-6.733668341708542,0.5783314964859243
67,0.7999999999999998,-6.532663316582914,0.6038735672644401
68,0.7999999999999998,-6.331658291457286,0.6287041630007023
69,0.7999999999999998,-6.130653266331658,0.6525028699589096
70,0.7999999999999998,-5.92964824120603,0.6749789221205297
71,0.7999999999999998,-5.7286432160804015,0.69585101646771
72,0.7999999999999998,-5.527638190954773,0.7148952872667007
73,0.7999999999999998,-5.326633165829145,0.7319316155002256
74,0.7999999999999998,-5.125628140703517,0.7468440196142669
75,0.7999999999999998,-4.924623115577889,0.7595840554742036
76,0.7999999999999998,-4.723618090452261,0.770160118671719
77,0.7999999999999998,-4.522613065326633,0.778637696960527
78,0.7999999999999998,-4.321608040201005,0.7851328305264786
79,0.7999999999999998,-4.1206030150753765,0.7898043676592096
80,0.7999999999999998,-3.9195979899497466,0.7928347587454908
81,0.7999999999999998,-3.7185929648241185,0.7944252239306409
82,0.7999999999999998,-3.5175879396984904,0.7947846307306236
83,0.7999999999999998,-3.3165829145728623,0.7941206707184844
84,0.7999999999999998,-3.115577889447234,0.7926333741344159
85,0.7999999999999998,-2.914572864321606,0.7905100393548563
86,0.7999999999999998,-2.713567839195978,0.7879220631493615
87,0.7999999999999998,-2.5125628140703498,0.7850231452332092
88,0.7999999999999998,-2.3115577889447216,0.7819485140280068
89,0.7999999999999998,-2.1105527638190935,0.7788168852901379
90,0.7999999999999998,-1.9095477386934654,0.7757253149038147
91,0.7999999999999998,-1.7085427135678373,0.772759445108467
92,0.7999999999999998,-1.5075376884422091,0.7699892400343806
93,0.7999999999999998,-1.306532663316581,0.767471980098919
94,0.7999999999999998,-1.105527638190953,0.7652528826059866
95,0.7999999999999998,-0.9045226130653248,0.7633703875613845
96,0.7999999999999998,-0.7035175879396967,0.7618518384456319
97,0.7999999999999998,-0.5025125628140685,0.7607183303902758
98,0.7999999999999998,-0.3015075376884404,0.7599851284908513
99,0.7999999999999998,-0.10050251256281229,0.7596614275402374
100,0.7999999999999998,0.10050251256281584,0.7597516399543641
101,0.7999999999999998,0.30150753768844396,0.7602549866260997
102,0.7999999999999998,0.5025125628140721,0.7611668069308039
103,0.7999999999999998,0.7035175879397002,0.7624767760685576
104,0.7999999999999998,0.9045226130653283,0.7641695773904069
105,0.7999999999999998,1.1055276381909565,0.766225168129551
106,0.7999999999999998,1.3065326633165846,0.768613189251198
107,0.7999999999999998,1.5075376884422127,0.7712988137282676
108,0.7999999999999998,1.7085427135678408,0.7742370019419602
109,0.7999999999999998,1.909547738693469,0.777371987613626
110,0.7999999999999998,2.110552763819097,0.7806341671168621
111,0.7999999999999998,2.311557788944725,0.7839445480511751
112,0.7999999999999998,2.5125628140703533,0.7872036262549034
113,0.7999999999999998,2.7135678391959814,0.7902961896522697
114,0.7999999999999998,2.9145728643216096,0.7930884317276828
115,0.7999999999999998,3.1155778894472377,0.7954272109679265
116,0.7999999999999998,3.316582914572866,0.7971406069526435
117,0.7999999999999998,3.517587939698494,0.7980391716373194
118,0.7999999999999998,3.718592964824122,0.7979189668772647
119,0.7999999999999998,3.91959798994975,0.7965663457068098
120,0.7999999999999998,4.120603015075378,0.7937646284612839
121,0.7999999999999998,4.321608040201006,0.7893030276107632
122,0.7999999999999998,4.5226130653266345,0.7829867445822155
123,0.7999999999999998,4.723618090452263,0.7746502946168168
124,0.7999999999999998,4.924623115577891,0.7641622702054605
125,0.7999999999999998,5.125628140703519,0.7514492080639906
126,0.7999999999999998,5.326633165829147,0.7364946904339661
127,0.7999999999999998,5.527638190954775,0.7193480887686208
128,0.7999999999999998,5.728643216080403,0.7001214242258693
129,0.7999999999999998,5.929648241206031,0.6790019679149107
130,0.7999999999999998,6.1306532663316595,0.6562197495845019
131,0.7999999999999998,6.331658291457288,0.6320704415743326
132,0.7999999999999998,6.532663316582916,0.6068580391861544
133,0.7999999999999998,6.733668341708544,0.5809187828744362
134,0.7999999999999998,6.934673366834172,0.5545771676054674
135,0.7999999999999998,7.1356783919598,0.5281432716217965
136,0.7999999999999998,7.336683417085428,0.5019017229866818
137,0.7999999999999998,7.537688442211056,0.47609762423737567
138,0.7999999999999998,7.7386934673366845,0.4509374055775915
139,0.7999999999999998,7.939698492462313,0.4265811979859253
140,0.7999999999999998,8.14070351758794,0.40315591804122936
141,0.7999999999999998,8.341708542713569,0.3807404290073183
142,0.7999999999999998,8.542713567839197,0.359391011636552
143,0.7999999999999998,8.743718592964825,0.33912721609215113
144,0.7999999999999998,8.944723618090453,0.3199482396611752
145,0.7999999999999998,9.145728643216081,0.3018444115739531
146,0.7999999999999998,9.34673366834171,0.28478282941402117
147,0.7999999999999998,9.547738693467338,0.26872555494009637
148,0.7999999999999998,9.748743718592966,0.25362920724438864
149,0.7999999999999998,9.949748743718594,0.23944454497720977
150,0.7999999999999998,10.150753768844222,0.22612358390500764
151,0.7999999999999998,10.35175879396985,0.21361646634865494
152,0.7999999999999998,10.552763819095478,0.2018716720761037
153,0.7999999999999998,10.753768844221106,0.19084500380478553
154,0.7999999999999998,10.954773869346734,0.18048588456648176
155,0.7999999999999998,11.155778894472363,0.17075546162663938
156,0.7999999999999998,11.35678391959799,0.16160721011844645
157,0.7999999999999998,11.557788944723619,0.1530048209242676
158,0.7999999999999998,11.758793969849247,0.1449106877688509
159,0.7999999999999998,11.959798994974875,0.13729070405735574
160,0.7999999999999998,12.160804020100507,0.1301130118825773
161,0.7999999999999998,12.361809045226131,0.12334836699892743
162,0.7999999999999998,12.562814070351763,0.11696746404774015
163,0.7999999999999998,12.763819095477388,0.11094532169417269
164,0.7999999999999998,12.96482412060302,0.1052579082874975
165,0.7999999999999998,13.165829145728644,0.09988199354242705
166,0.7999999999999998,13.366834170854275,0.09479706523159319
167,0.7999999999999998,13.5678391959799,0.08998485211407357
168,0.7999999999999998,13.768844221105532,0.08542413466391337
169,0.7999999999999998,13.969849246231156,0.08110078214237934
170,0.7999999999999998,14.170854271356788,0.07699901255146235
171,0.7999999999999998,14.371859296482413,0.07310390422555109
172,0.7999999999999998,14.572864321608044,0.06940077105156833
173,0.7999999999999998,14.773869346733669,0.06587630195954768
174,0.7999999999999998,14.9748743718593,0.06252181780990528
175,0.7999999999999998,15.175879396984925,0.059325215166687484
176,0.7999999999999998,15.376884422110557,0.056274877584925324
177,0.7999999999999998,15.577889447236181,0.0533630762676532
178,0.7999999999999998,15.778894472361813,0.05057979978645212
179,0.7999999999999998,15.979899497487438,0.047918952585111634
180,0.7999999999999998,16.18090452261307,0.04537207471395187
181,0.7999999999999998,16.381909547738694,0.04293391921683426
182,0.7999999999999998,16.582914572864325,0.040597853278888554
183,0.7999999999999998,16.78391959798995,0.03835959196552185
184,0.7999999999999998,16.98492462311558,0.03621559977501149
185,0.7999999999999998,17.185929648241206,0.034161186792163845
186,0.7999999999999998,17.386934673366838,0.03219480014175744
187,0.7999999999999998,17.587939698492463,0.030314368884001505
188,0.7999999999999998,17.788944723618094,0.02852008051851889
189,0.7999999999999998,17.98994974874372,0.026811367605570423
190,0.7999999999999998,18.19095477386935,0.02518749246747747
191,0.7999999999999998,18.391959798994975,0.023651846200899076
192,0.7999999999999998,18.592964824120607,0.02220570495111386
193,0.7999999999999998,18.79396984924623,0.020853307875521115
194,0.7999999999999998,18.994974874371863,0.019596444529176207
195,0.7999999999999998,19.195979899497488,0.01843929086995077
196,0.7999999999999998,19.39698492462312,0.017385503761816197
197,0.7999999999999998,19.597989949748744,0.016438835761993197
198,0.7999999999999998,19.798994974874375,0.015603176542075835
199,0.7999999999999998,20.0,0.014881108496685337
