,t,height,fid
0,0.7499999999999998,-20.0,0.021903958657278327
1,0.7499999999999998,-19.798994974874372,0.022281392973342626
2,0.7499999999999998,-19.597989949748744,0.022779244535245616
3,0.7499999999999998,-19.396984924623116,0.023397317330096853
4,0.7499999999999998,-19.195979899497488,0.024135307911879345
5,0.7499999999999998,-18.99497487437186,0.024991583206977842
6,0.7499999999999998,-18.79396984924623,0.02596571835835664
7,0.7499999999999998,-18.592964824120603,0.027056270648763727
8,0.7499999999999998,-18.391959798994975,0.028260515997715705
9,0.7499999999999998,-18.190954773869347,0.029579072732300482
10,0.7499999999999998,-17.98994974874372,0.031010564555188257
11,0.7499999999999998,-17.78894472361809,0.03255505148573502
12,0.7499999999999998,-17.587939698492463,0.0342117577931346
13,0.7499999999999998,-17.386934673366834,0.035981626766143485
14,0.7499999999999998,-17.185929648241206,0.0378646775993839
15,0.7499999999999998,-16.984924623115578,0.03986394706713316
16,0.7499999999999998,-16.78391959798995,0.041981413324549896
17,0.7499999999999998,-16.582914572864322,0.04421869576240045
18,0.7499999999999998,-16.381909547738694,0.046580249655616725
19,0.7499999999999998,-16.180904522613066,0.04907029056672879
20,0.7499999999999998,-15.979899497487438,0.05169291630705344
21,0.7499999999999998,-15.77889447236181,0.05445464664437066
22,0.7499999999999998,-15.577889447236181,0.05736043590291844
23,0.7499999999999998,-15.376884422110553,0.06041800737300899
24,0.7499999999999998,-15.175879396984925,0.06363488976784612
25,0.7499999999999998,-14.974874371859297,0.06701975714233249
26,0.7499999999999998,-14.773869346733669,0.07058316584121424
27,0.7499999999999998,-14.57286432160804,0.07433305001616668
28,0.7499999999999998,-14.371859296482413,0.07828027956584778
29,0.7499999999999998,-14.170854271356784,0.0824397295705739
30,0.7499999999999998,-13.969849246231156,0.08682299754313777
31,0.7499999999999998,-13.768844221105528,0.09144383524113929
32,0.7499999999999998,-13.5678391959799,0.09631644390494024
33,0.7499999999999998,-13.366834170854272,0.10145879995007326
34,0.7499999999999998,-13.165829145728644,0.1068891328528198
35,0.7499999999999998,-12.964824120603016,0.11262499659768974
36,0.7499999999999998,-12.763819095477388,0.1186869049576175
37,0.7499999999999998,-12.56281407035176,0.1250980416307034
38,0.7499999999999998,-12.361809045226131,0.13188049182443629
39,0.7499999999999998,-12.160804020100503,0.13906102463937445
40,0.7499999999999998,-11.959798994974873,0.1466664013242232
41,0.7499999999999998,-11.758793969849245,0.15472345159065673
42,0.7499999999999998,-11.557788944723617,0.16326579427134755
43,0.7499999999999998,-11.356783919597989,0.17232389680894247
44,0.7499999999999998,-11.15577889447236,0.1819323173887979
45,0.7499999999999998,-10.954773869346733,0.1921304970806602
46,0.7499999999999998,-10.753768844221105,0.20295208642431595
47,0.7499999999999998,-10.552763819095476,0.21444149757002703
48,0.7499999999999998,-10.351758793969848,0.2266355869780284
49,0.7499999999999998,-10.15075376884422,0.23957746294966295
50,0.7499999999999998,-9.949748743718592,0.2533089017667269
51,0.7499999999999998,-9.748743718592964,0.26786862667844513
52,0.7499999999999998,-9.547738693467336,0.28329552209406705
53,0.7499999999999998,-9.346733668341708,0.29962345180162697
54,0.7499999999999998,-9.14572864321608,0.3168794215065981
55,0.7499999999999998,-8.944723618090451,0.3350880110374423
56,0.7499999999999998,-8.743718592964823,0.35424991226105895
57,0.7499999999999998,-8.542713567839195,0.37436184881021584
58,0.7499999999999998,-8.341708542713567,0.3954021626516552
59,0.7499999999999998,-8.140703517587939,0.41732231824691735
60,0.7499999999999998,-7.939698492462311,0.44004946748792023
61,0.7499999999999998,-7.738693467336683,0.46348351658211057
62,0.7499999999999998,-7.537688442211055,0.4874876498051951
63,0.7499999999999998,-7.3366834170854265,0.5119010578431514
64,0.7499999999999998,-7.135678391959798,0.5365284447950467
65,0.7499999999999998,-6.93467336683417,0.5611440726117339
66,0.7499999999999998,-6.733668341708542,0.5855047456774104
67,0.7499999999999998,-6.532663316582914,0.6093465042117635
68,0.7499999999999998,-6.331658291457286,0.6324043628825118
69,0.7499999999999998,-6.130653266331658,0.6544149374808729
70,0.7499999999999998,-5.92964824120603,0.6751423924181482
71,0.7499999999999998,-5.7286432160804015,0.6943632814005335
72,0.7499999999999998,-5.527638190954773,0.711905840419934
73,0.7499999999999998,-5.326633165829145,0.7276373323200156
74,0.7499999999999998,-5.125628140703517,0.7414695247204733
75,0.7499999999999998,-4.924623115577889,0.7533790540825729
76,0.7499999999999998,-4.723618090452261,0.7633781658218436
77,0.7499999999999998,-4.522613065326633,0.7715288417426807
78,0.7499999999999998,-4.321608040201005,0.7779280524138124
79,0.7499999999999998,-4.1206030150753765,0.7827047894885315
80,0.7499999999999998,-3.9195979899497466,0.7860143963666025
81,0.7499999999999998,-3.7185929648241185,0.7880212823594223
82,0.7499999999999998,-3.5175879396984904,0.7888988835088478
83,0.7499999999999998,-3.3165829145728623,0.7888208724223761
84,0.7499999999999998,-3.115577889447234,0.7879564062893976
85,0.7499999999999998,-2.914572864321606,0.786465963614795
86,0.7499999999999998,-2.713567839195978,0.7844986010416758
87,0.7499999999999998,-2.5125628140703498,0.782190404037764
88,0.7499999999999998,-2.3115577889447216,0.7796649235360549
89,0.7499999999999998,-2.1105527638190935,0.7770271526464346
90,0.7499999999999998,-1.9095477386934654,0.7743728827777482
91,0.7499999999999998,-1.7085427135678373,0.7717835546140172
92,0.7499999999999998,-1.5075376884422091,0.76932853587622
93,0.7499999999999998,-1.306532663316581,0.7670661498140061
94,0.7499999999999998,-1.105527638190953,0.7650441348263538
95,0.7499999999999998,-0.9045226130653248,0.763304227068326
96,0.7499999999999998,-0.7035175879396967,0.7618771812257761
97,0.7499999999999998,-0.5025125628140685,0.7607885447446865
98,0.7499999999999998,-0.3015075376884404,0.7600566667099018
99,0.7499999999999998,-0.10050251256281229,0.7596946102226756
100,0.7499999999999998,0.10050251256281584,0.7597098531112679
101,0.7499999999999998,0.30150753768844396,0.7601049244331902
102,0.7499999999999998,0.5025125628140721,0.7608772558877691
103,0.7499999999999998,0.7035175879397002,0.7620189538748304
104,0.7499999999999998,0.9045226130653283,0.7635167582777573
105,0.7499999999999998,1.1055276381909565,0.7653504495042194
106,0.7499999999999998,1.3065326633165846,0.7674948640460576
107,0.7499999999999998,1.5075376884422127,0.7699138384463197
108,0.7499999999999998,1.7085427135678408,0.7725652130160472
109,0.7499999999999998,1.909547738693469,0.7753963042016642
110,0.7499999999999998,2.110552763819097,0.7783427707529141
111,0.7499999999999998,2.311557788944725,0.7813264317623567
112,0.7499999999999998,2.5125628140703533,0.7842598696728893
113,0.7499999999999998,2.7135678391959814,0.7870361062467578
114,0.7499999999999998,2.9145728643216096,0.789534097937195
115,0.7499999999999998,3.1155778894472377,0.791616733790065
116,0.7499999999999998,3.316582914572866,0.7931316412642649
117,0.7499999999999998,3.517587939698494,0.7939121831727154
118,0.7499999999999998,3.718592964824122,0.7937802223330214
119,0.7499999999999998,3.91959798994975,0.7925499386711763
120,0.7499999999999998,4.120603015075378,0.7900330684821922
121,0.7499999999999998,4.321608040201006,0.7860460897540651
122,0.7499999999999998,4.5226130653266345,0.7804174763625781
123,0.7499999999999998,4.723618090452263,0.7729987817826065
124,0.7499999999999998,4.924623115577891,0.7636666261042484
125,0.7499999999999998,5.125628140703519,0.7523445730185364
126,0.7499999999999998,5.326633165829147,0.7389984349584817
127,0.7499999999999998,5.527638190954775,0.7236521816091649
128,0.7499999999999998,5.728643216080403,0.7063721815438909
129,0.7499999999999998,5.929648241206031,0.6872923800699989
130,0.7499999999999998,6.1306532663316595,0.6665883239294681
131,0.7499999999999998,6.331658291457288,0.6444878460412518
132,0.7499999999999998,6.532663316582916,0.6212422806237154
133,0.7499999999999998,6.733668341708544,0.5971269619959958
134,0.7499999999999998,6.934673366834172,0.5724223217334947
135,0.7499999999999998,7.1356783919598,0.5474139165639594
136,0.7499999999999998,7.336683417085428,0.5223576649991271
137,0.7499999999999998,7.537688442211056,0.49749697423714495
138,0.7499999999999998,7.7386934673366845,0.47303703849149165
139,0.7499999999999998,7.939698492462313,0.44915721881216936
140,0.7499999999999998,8.14070351758794,0.42599455344347303
141,0.7499999999999998,8.341708542713569,0.4036617754176641
142,0.7499999999999998,8.542713567839197,0.38222982203095474
143,0.7499999999999998,8.743718592964825,0.36175298408657985
144,0.7499999999999998,8.944723618090453,0.3422527030056323
145,0.7499999999999998,9.145728643216081,0.3237330528571139
146,0.7499999999999998,9.34673366834171,0.30618885988476446
147,0.7499999999999998,9.547738693467338,0.28959898541594153
148,0.7499999999999998,9.748743718592966,0.27393331135444665
149,0.7499999999999998,9.949748743718594,0.25915426307709966
150,0.7499999999999998,10.150753768844222,0.24522379814439127
151,0.7499999999999998,10.35175879396985,0.2320993034448961
152,0.7499999999999998,10.552763819095478,0.21973709852702633
153,0.7499999999999998,10.753768844221106,0.20809605197215725
154,0.7499999999999998,10.954773869346734,0.19713569693499577
155,0.7499999999999998,11.155778894472363,0.18681022202981898
156,0.7499999999999998,11.35678391959799,0.1770839569908417
157,0.7499999999999998,11.557788944723619,0.1679204620930472
158,0.7499999999999998,11.758793969849247,0.159280114884177
159,0.7499999999999998,11.959798994974875,0.1511340563822334
160,0.7499999999999998,12.160804020100507,0.14344780486939435
161,0.7499999999999998,12.361809045226131,0.13619258067519882
162,0.7499999999999998,12.562814070351763,0.12934221122452552
163,0.7499999999999998,12.763819095477388,0.1228701891043936
164,0.7499999999999998,12.96482412060302,0.11675292815957541
165,0.7499999999999998,13.165829145728644,0.1109662065369853
166,0.7499999999999998,13.366834170854275,0.10549146223613715
167,0.7499999999999998,13.5678391959799,0.10030786967658847
168,0.7499999999999998,13.768844221105532,0.09539768209914203
169,0.7499999999999998,13.969849246231156,0.09074579981167966
170,0.7499999999999998,14.170854271356788,0.08633251969505205
171,0.7499999999999998,14.371859296482413,0.08214713278563933
172,0.7499999999999998,14.572864321608044,0.07817522692645322
173,0.7499999999999998,14.773869346733669,0.07440498477098204
174,0.7499999999999998,14.9748743718593,0.0708232785668682
175,0.7499999999999998,15.175879396984925,0.06741928343411739
176,0.7499999999999998,15.376884422110557,0.06418532552928831
177,0.7499999999999998,15.577889447236181,0.06111124294314607
178,0.7499999999999998,15.778894472361813,0.05818850399174155
179,0.7499999999999998,15.979899497487438,0.05540866892883629
180,0.7499999999999998,16.18090452261307,0.05276621331949922
181,0.7499999999999998,16.381909547738694,0.050253855960959576
182,0.7499999999999998,16.582914572864325,0.0478654257778949
183,0.7499999999999998,16.78391959798995,0.045596541452418676
184,0.7499999999999998,16.98492462311558,0.04344295550677765
185,0.7499999999999998,17.185929648241206,0.04140009660631531
186,0.7499999999999998,17.386934673366838,0.03946329638921222
187,0.7499999999999998,17.587939698492463,0.03763099423293953
188,0.7499999999999998,17.788944723618094,0.03590074569678123
189,0.7499999999999998,17.98994974874372,0.034268897413954044
190,0.7499999999999998,18.19095477386935,0.03273489001567479
191,0.7499999999999998,18.391959798994975,0.03129618192188718
192,0.7499999999999998,18.592964824120607,0.029953178377636825
193,0.7499999999999998,18.79396984924623,0.02870430488753291
194,0.7499999999999998,18.994974874371863,0.027548963917109422
195,0.7499999999999998,19.195979899497488,0.026486809346184935
196,0.7499999999999998,19.39698492462312,0.025516590909757154
197,0.7499999999999998,19.597989949748744,0.024638766153117584
198,0.7499999999999998,19.798994974874375,0.02385256539709464
199,0.7499999999999998,20.0,0.023156596612044195
