,t,height,fid
0,0.8499999999999999,-20.0,0.006940133768756014
1,0.8499999999999999,-19.798994974874372,0.007882126859319352
2,0.8499999999999999,-19.597989949748744,0.009023528006939063
3,0.8499999999999999,-19.396984924623116,0.010349720039150112
4,0.8499999999999999,-19.195979899497488,0.011844316690406056
5,0.8499999999999999,-18.99497487437186,0.013488802347416009
6,0.8499999999999999,-18.79396984924623,0.015264285104227449
7,0.8499999999999999,-18.592964824120603,0.017151951322626847
8,0.8499999999999999,-18.391959798994975,0.01913458286742773
9,0.8499999999999999,-18.190954773869347,0.021194815047510147
10,0.8499999999999999,-17.98994974874372,0.02332006384576837
11,0.8499999999999999,-17.78894472361809,0.025499107600225536
12,0.8499999999999999,-17.587939698492463,0.027722460045742553
13,0.8499999999999999,-17.386934673366834,0.02998359050428314
14,0.8499999999999999,-17.185929648241206,0.032279819766523686
15,0.8499999999999999,-16.984924623115578,0.034609505639003856
16,0.8499999999999999,-16.78391959798995,0.03697347215995846
17,0.8499999999999999,-16.582914572864322,0.039374779169366894
18,0.8499999999999999,-16.381909547738694,0.04181909295961621
19,0.8499999999999999,-16.180904522613066,0.04431141814819722
20,0.8499999999999999,-15.979899497487438,0.046860621818227303
21,0.8499999999999999,-15.77889447236181,0.04947558225937977
22,0.8499999999999999,-15.577889447236181,0.052165711444522374
23,0.8499999999999999,-15.376884422110553,0.0549423877060799
24,0.8499999999999999,-15.175879396984925,0.05781718456357678
25,0.8499999999999999,-14.974874371859297,0.060802080322146686
26,0.8499999999999999,-14.773869346733669,0.06391007156902247
27,0.8499999999999999,-14.57286432160804,0.06715497279516017
28,0.8499999999999999,-14.371859296482413,0.07055223917855905
29,0.8499999999999999,-14.170854271356784,0.07411421610827207
30,0.8499999999999999,-13.969849246231156,0.07785693115298767
31,0.8499999999999999,-13.768844221105528,0.08179810377149209
32,0.8499999999999999,-13.5678391959799,0.0859541781605838
33,0.8499999999999999,-13.366834170854272,0.0903434750202221
34,0.8499999999999999,-13.165829145728644,0.0949827040078454
35,0.8499999999999999,-12.964824120603016,0.09989492434204976
36,0.8499999999999999,-12.763819095477388,0.10510007559390915
37,0.8499999999999999,-12.56281407035176,0.11062074245603323
38,0.8499999999999999,-12.361809045226131,0.11648255326640776
39,0.8499999999999999,-12.160804020100503,0.1227091782445458
40,0.8499999999999999,-11.959798994974873,0.12933032151938254
41,0.8499999999999999,-11.758793969849245,0.13637516755227813
42,0.8499999999999999,-11.557788944723617,0.14387645329259552
43,0.8499999999999999,-11.356783919597989,0.1518671545302023
44,0.8499999999999999,-11.15577889447236,0.16038377215522645
45,0.8499999999999999,-10.954773869346733,0.16946720487796219
46,0.8499999999999999,-10.753768844221105,0.17915491529306962
47,0.8499999999999999,-10.552763819095476,0.18949647487913274
48,0.8499999999999999,-10.351758793969848,0.2005358567511882
49,0.8499999999999999,-10.15075376884422,0.21232410994063525
50,0.8499999999999999,-9.949748743718592,0.22491158753900858
51,0.8499999999999999,-9.748743718592964,0.2383541565112574
52,0.8499999999999999,-9.547738693467336,0.25270089539162927
53,0.8499999999999999,-9.346733668341708,0.26800900585136733
54,0.8499999999999999,-9.14572864321608,0.28432944661903675
55,0.8499999999999999,-8.944723618090451,0.3017105543856696
56,0.8499999999999999,-8.743718592964823,0.3201901821328711
57,0.8499999999999999,-8.542713567839195,0.339806101062301
58,0.8499999999999999,-8.341708542713567,0.3605663848032298
59,0.8499999999999999,-8.140703517587939,0.38247060657451026
60,0.8499999999999999,-7.939698492462311,0.4054924035732493
61,0.8499999999999999,-7.738693467336683,0.4295668186277209
62,0.8499999999999999,-7.537688442211055,0.45460027532609426
63,0.8499999999999999,-7.3366834170854265,0.48044701184333266
64,0.8499999999999999,-7.135678391959798,0.5069203582738883
65,0.8499999999999999,-6.93467336683417,0.5337876813003165
66,0.8499999999999999,-6.733668341708542,0.5607648982405501
67,0.8499999999999999,-6.532663316582914,0.5875366819937302
68,0.8499999999999999,-6.331658291457286,0.6137535320973849
69,0.8499999999999999,-6.130653266331658,0.6390622039482854
70,0.8499999999999999,-5.92964824120603,0.6631049946455808
71,0.8499999999999999,-5.7286432160804015,0.685557462870527
72,0.8499999999999999,-5.527638190954773,0.7061324830056018
73,0.8499999999999999,-5.326633165829145,0.7246033194333388
74,0.8499999999999999,-5.125628140703517,0.7408082852287362
75,0.8499999999999999,-4.924623115577889,0.7546744914471643
76,0.8499999999999999,-4.723618090452261,0.7661927594142917
77,0.8499999999999999,-4.522613065326633,0.7754247948216182
78,0.8499999999999999,-4.321608040201005,0.7824952351197421
79,0.8499999999999999,-4.1206030150753765,0.7875794135620721
80,0.8499999999999999,-3.9195979899497466,0.7908834739305878
81,0.8499999999999999,-3.7185929648241185,0.7926351764316798
82,0.8499999999999999,-3.5175879396984904,0.7930705228978112
83,0.8499999999999999,-3.3165829145728623,0.7924236600595007
84,0.8499999999999999,-3.115577889447234,0.7909170469296564
85,0.8499999999999999,-2.914572864321606,0.7887582080862199
86,0.8499999999999999,-2.713567839195978,0.7861340452159069
87,0.8499999999999999,-2.5125628140703498,0.7832102528795563
88,0.8499999999999999,-2.3115577889447216,0.7801303573672117
89,0.8499999999999999,-2.1105527638190935,0.7770183135297661
90,0.8499999999999999,-1.9095477386934654,0.7739743216898717
91,0.8499999999999999,-1.7085427135678373,0.7710850875220845
92,0.8499999999999999,-1.5075376884422091,0.7684202137553686
93,0.8499999999999999,-1.306532663316581,0.7660361788106415
94,0.8499999999999999,-1.105527638190953,0.7639763333248688
95,0.8499999999999999,-0.9045226130653248,0.7622779423251977
96,0.8499999999999999,-0.7035175879396967,0.7609666603993913
97,0.8499999999999999,-0.5025125628140685,0.7600616436527244
98,0.8499999999999999,-0.3015075376884404,0.7595770030608362
99,0.8499999999999999,-0.10050251256281229,0.7595208862596163
100,0.8499999999999999,0.10050251256281584,0.7598966624855051
101,0.8499999999999999,0.30150753768844396,0.7607030634634792
102,0.8499999999999999,0.5025125628140721,0.7619345231046338
103,0.8499999999999999,0.7035175879397002,0.7635805002122205
104,0.8499999999999999,0.9045226130653283,0.7656246162780227
105,0.8499999999999999,1.1055276381909565,0.7680461045266703
106,0.8499999999999999,1.3065326633165846,0.7708134928340483
107,0.8499999999999999,1.5075376884422127,0.7738898471381125
108,0.8499999999999999,1.7085427135678408,0.7772275332721235
109,0.8499999999999999,1.909547738693469,0.7807655369263742
110,0.8499999999999999,2.110552763819097,0.7844335159207798
111,0.8499999999999999,2.311557788944725,0.7881409169181323
112,0.8499999999999999,2.5125628140703533,0.791780366908748
113,0.8499999999999999,2.7135678391959814,0.7952245416746003
114,0.8499999999999999,2.9145728643216096,0.7983243868561595
115,0.8499999999999999,3.1155778894472377,0.8009081049191492
116,0.8499999999999999,3.316582914572866,0.8027814829756712
117,0.8499999999999999,3.517587939698494,0.8037291525006723
118,0.8499999999999999,3.718592964824122,0.8035188886688726
119,0.8499999999999999,3.91959798994975,0.8019068313036594
120,0.8499999999999999,4.120603015075378,0.7986464599975578
121,0.8499999999999999,4.321608040201006,0.7934996686904542
122,0.8499999999999999,4.5226130653266345,0.7862497999729111
123,0.8499999999999999,4.723618090452263,0.7767186644345402
124,0.8499999999999999,4.924623115577891,0.7647731143363062
125,0.8499999999999999,5.125628140703519,0.7503529435450138
126,0.8499999999999999,5.326633165829147,0.7334716566547018
127,0.8499999999999999,5.527638190954775,0.7142171938992344
128,0.8499999999999999,5.728643216080403,0.6927635736398379
129,0.8499999999999999,5.929648241206031,0.6693599717587851
130,0.8499999999999999,6.1306532663316595,0.6443189754567896
131,0.8499999999999999,6.331658291457288,0.6179919745873065
132,0.8499999999999999,6.532663316582916,0.5907609360521878
133,0.8499999999999999,6.733668341708544,0.5630061771066661
134,0.8499999999999999,6.934673366834172,0.5350974290120031
135,0.8499999999999999,7.1356783919598,0.5073665672069261
136,0.8499999999999999,7.336683417085428,0.48010929110067285
137,0.8499999999999999,7.537688442211056,0.4535647069532204
138,0.8499999999999999,7.7386934673366845,0.4279215733630533
139,0.8499999999999999,7.939698492462313,0.4033237674258183
140,0.8499999999999999,8.14070351758794,0.37986037321598404
141,0.8499999999999999,8.341708542713569,0.35758975209506516
142,0.8499999999999999,8.542713567839197,0.3365308573849214
143,0.8499999999999999,8.743718592964825,0.31667598619620946
144,0.8499999999999999,8.944723618090453,0.29800846709189616
145,0.8499999999999999,9.145728643216081,0.2804850435801785
146,0.8499999999999999,9.34673366834171,0.2640589393068213
147,0.8499999999999999,9.547738693467338,0.2486757951225926
148,0.8499999999999999,9.748743718592966,0.23428025107776448
149,0.8499999999999999,9.949748743718594,0.22081079871963696
150,0.8499999999999999,10.150753768844222,0.20821246329733806
151,0.8499999999999999,10.35175879396985,0.19642908598868697
152,0.8499999999999999,10.552763819095478,0.18540283590252904
153,0.8499999999999999,10.753768844221106,0.17508487926603838
154,0.8499999999999999,10.954773869346734,0.16542620222695043
155,0.8499999999999999,11.155778894472363,0.15637891688784503
156,0.8499999999999999,11.35678391959799,0.14790245520263035
157,0.8499999999999999,11.557788944723619,0.1399545006466759
158,0.8499999999999999,11.758793969849247,0.1324990788929994
159,0.8499999999999999,11.959798994974875,0.125502582708257
160,0.8499999999999999,12.160804020100507,0.1189309843835741
161,0.8499999999999999,12.361809045226131,0.1127550312555428
162,0.8499999999999999,12.562814070351763,0.1069468387874012
163,0.8499999999999999,12.763819095477388,0.10148022782581356
164,0.8499999999999999,12.96482412060302,0.0963326920334746
165,0.8499999999999999,13.165829145728644,0.09148079341667974
166,0.8499999999999999,13.366834170854275,0.08690390134316575
167,0.8499999999999999,13.5678391959799,0.08258166119477386
168,0.8499999999999999,13.768844221105532,0.0784973806894124
169,0.8499999999999999,13.969849246231156,0.07463371343943001
170,0.8499999999999999,14.170854271356788,0.07097440399397233
171,0.8499999999999999,14.371859296482413,0.06750286404214975
172,0.8499999999999999,14.572864321608044,0.06420722198903334
173,0.8499999999999999,14.773869346733669,0.06107305487264597
174,0.8499999999999999,14.9748743718593,0.058087474920727855
175,0.8499999999999999,15.175879396984925,0.05523754247235318
176,0.8499999999999999,15.376884422110557,0.0525132723641614
177,0.8499999999999999,15.577889447236181,0.04990296498000689
178,0.8499999999999999,15.778894472361813,0.04739598289402237
179,0.8499999999999999,15.979899497487438,0.044983905918213565
180,0.8499999999999999,16.18090452261307,0.042657122147037665
181,0.8499999999999999,16.381909547738694,0.04040776777372695
182,0.8499999999999999,16.582914572864325,0.038228627633004816
183,0.8499999999999999,16.78391959798995,0.03611388764525533
184,0.8499999999999999,16.98492462311558,0.03405684963062313
185,0.8499999999999999,17.185929648241206,0.03205431511300478
186,0.8499999999999999,17.386934673366838,0.030103304384988382
187,0.8499999999999999,17.587939698492463,0.028202476861258426
188,0.8499999999999999,17.788944723618094,0.02635205379214183
189,0.8499999999999999,17.98994974874372,0.02455222572682525
190,0.8499999999999999,18.19095477386935,0.022807512347664264
191,0.8499999999999999,18.391959798994975,0.02112287986453933
192,0.8499999999999999,18.592964824120607,0.019504285812358284
193,0.8499999999999999,18.79396984924623,0.017959088240528262
194,0.8499999999999999,18.994974874371863,0.016496109838325022
195,0.8499999999999999,19.195979899497488,0.015125729781816002
196,0.8499999999999999,19.39698492462312,0.01385761668762347
197,0.8499999999999999,19.597989949748744,0.012701658714105564
198,0.8499999999999999,19.798994974874375,0.01166694862139454
199,0.8499999999999999,20.0,0.010761323573243534
