,t,height,fid
0,0.5999999999999999,-20.0,0.050455725392773064
1,0.5999999999999999,-19.798994974874372,0.052148897237462535
2,0.5999999999999999,-19.597989949748744,0.053903439237899906
3,0.5999999999999999,-19.396984924623116,0.05572224020695495
4,0.5999999999999999,-19.195979899497488,0.057610216280461556
5,0.5999999999999999,-18.99497487437186,0.05957100913909018
6,0.5999999999999999,-18.79396984924623,0.06160756396439383
7,0.5999999999999999,-18.592964824120603,0.06372593055159963
8,0.5999999999999999,-18.391959798994975,0.0659293339223138
9,0.5999999999999999,-18.190954773869347,0.06822328584545513
10,0.5999999999999999,-17.98994974874372,0.07061253583510771
11,0.5999999999999999,-17.78894472361809,0.07310119397869941
12,0.5999999999999999,-17.587939698492463,0.07569330490618052
13,0.5999999999999999,-17.386934673366834,0.07839744730605733
14,0.5999999999999999,-17.185929648241206,0.08121787385216163
15,0.5999999999999999,-16.984924623115578,0.08416108851628358
16,0.5999999999999999,-16.78391959798995,0.08723326367567062
17,0.5999999999999999,-16.582914572864322,0.09044245936437564
18,0.5999999999999999,-16.381909547738694,0.09379253478496609
19,0.5999999999999999,-16.180904522613066,0.09729352421188694
20,0.5999999999999999,-15.979899497487438,0.10095378499001344
21,0.5999999999999999,-15.77889447236181,0.10478098447423227
22,0.5999999999999999,-15.577889447236181,0.10878430803934737
23,0.5999999999999999,-15.376884422110553,0.11297306203995164
24,0.5999999999999999,-15.175879396984925,0.11735680086228407
25,0.5999999999999999,-14.974874371859297,0.12194717361605274
26,0.5999999999999999,-14.773869346733669,0.1267555801419678
27,0.5999999999999999,-14.57286432160804,0.13179221743266215
28,0.5999999999999999,-14.371859296482413,0.1370719696655181
29,0.5999999999999999,-14.170854271356784,0.14260679065723908
30,0.5999999999999999,-13.969849246231156,0.14841085123798303
31,0.5999999999999999,-13.768844221105528,0.1544981494285363
32,0.5999999999999999,-13.5678391959799,0.16088654109744857
33,0.5999999999999999,-13.366834170854272,0.16759169278464028
34,0.5999999999999999,-13.165829145728644,0.1746281121261105
35,0.5999999999999999,-12.964824120603016,0.182016690598743
36,0.5999999999999999,-12.763819095477388,0.18977845559127113
37,0.5999999999999999,-12.56281407035176,0.1979311092693726
38,0.5999999999999999,-12.361809045226131,0.20649250553136
39,0.5999999999999999,-12.160804020100503,0.2154895748107354
40,0.5999999999999999,-11.959798994974873,0.22494011726000662
41,0.5999999999999999,-11.758793969849245,0.23486935877456497
42,0.5999999999999999,-11.557788944723617,0.24529707625794764
43,0.5999999999999999,-11.356783919597989,0.2562469921890501
44,0.5999999999999999,-11.15577889447236,0.2677405294137912
45,0.5999999999999999,-10.954773869346733,0.27979963110637823
46,0.5999999999999999,-10.753768844221105,0.29244202053970975
47,0.5999999999999999,-10.552763819095476,0.3056865145088813
48,0.5999999999999999,-10.351758793969848,0.3195476866430643
49,0.5999999999999999,-10.15075376884422,0.3340375879826041
50,0.5999999999999999,-9.949748743718592,0.34915589880923054
51,0.5999999999999999,-9.748743718592964,0.36490451042872973
52,0.5999999999999999,-9.547738693467336,0.38127486370734526
53,0.5999999999999999,-9.346733668341708,0.39825106773549
54,0.5999999999999999,-9.14572864321608,0.4158007346804592
55,0.5999999999999999,-8.944723618090451,0.4338847759950609
56,0.5999999999999999,-8.743718592964823,0.4524500468430716
57,0.5999999999999999,-8.542713567839195,0.47142587931798274
58,0.5999999999999999,-8.341708542713567,0.4907323041632351
59,0.5999999999999999,-8.140703517587939,0.5102660169086503
60,0.5999999999999999,-7.939698492462311,0.5299206774645328
61,0.5999999999999999,-7.738693467336683,0.5495674250972862
62,0.5999999999999999,-7.537688442211055,0.5690692596628082
63,0.5999999999999999,-7.3366834170854265,0.5882839088558326
64,0.5999999999999999,-7.135678391959798,0.6070602948494269
65,0.5999999999999999,-6.93467336683417,0.6252520860649743
66,0.5999999999999999,-6.733668341708542,0.6427131881088273
67,0.5999999999999999,-6.532663316582914,0.6593074262721299
68,0.5999999999999999,-6.331658291457286,0.6749175203113462
69,0.5999999999999999,-6.130653266331658,0.6894318805738768
70,0.5999999999999999,-5.92964824120603,0.7027731201124974
71,0.5999999999999999,-5.7286432160804015,0.7148790706072686
72,0.5999999999999999,-5.527638190954773,0.7257142735575735
73,0.5999999999999999,-5.326633165829145,0.7352649934751653
74,0.5999999999999999,-5.125628140703517,0.7435488239046447
75,0.5999999999999999,-4.924623115577889,0.7506009238811786
76,0.5999999999999999,-4.723618090452261,0.7564749021620055
77,0.5999999999999999,-4.522613065326633,0.7612418793550562
78,0.5999999999999999,-4.321608040201005,0.7649859600061522
79,0.5999999999999999,-4.1206030150753765,0.7678016994198983
80,0.5999999999999999,-3.9195979899497466,0.7697865715547683
81,0.5999999999999999,-3.7185929648241185,0.7710438510280676
82,0.5999999999999999,-3.5175879396984904,0.7716757029232137
83,0.5999999999999999,-3.3165829145728623,0.7717818219456283
84,0.5999999999999999,-3.115577889447234,0.771457663531422
85,0.5999999999999999,-2.914572864321606,0.7707930101975788
86,0.5999999999999999,-2.713567839195978,0.7698708861501918
87,0.5999999999999999,-2.5125628140703498,0.7687672771118762
88,0.5999999999999999,-2.3115577889447216,0.767550606896819
89,0.5999999999999999,-2.1105527638190935,0.7662818457595978
90,0.5999999999999999,-1.9095477386934654,0.7650137500465249
91,0.5999999999999999,-1.7085427135678373,0.7637951991077759
92,0.5999999999999999,-1.5075376884422091,0.7626655669966121
93,0.5999999999999999,-1.306532663316581,0.7616592946415884
94,0.5999999999999999,-1.105527638190953,0.7608050544090245
95,0.5999999999999999,-0.9045226130653248,0.7601265639990706
96,0.5999999999999999,-0.7035175879396967,0.7596426399212712
97,0.5999999999999999,-0.5025125628140685,0.7593677293211011
98,0.5999999999999999,-0.3015075376884404,0.7593125123281915
99,0.5999999999999999,-0.10050251256281229,0.7594833436267773
100,0.5999999999999999,0.10050251256281584,0.7598831812915608
101,0.5999999999999999,0.30150753768844396,0.7605104038796872
102,0.5999999999999999,0.5025125628140721,0.7613606071091075
103,0.5999999999999999,0.7035175879397002,0.7624249289138033
104,0.5999999999999999,0.9045226130653283,0.7636905128166657
105,0.5999999999999999,1.1055276381909565,0.7651401595121652
106,0.5999999999999999,1.3065326633165846,0.7667533305964537
107,0.5999999999999999,1.5075376884422127,0.7685010554240224
108,0.5999999999999999,1.7085427135678408,0.770352347344303
109,0.5999999999999999,1.909547738693469,0.7722690019056985
110,0.5999999999999999,2.110552763819097,0.77420653563648
111,0.5999999999999999,2.311557788944725,0.7761138659585634
112,0.5999999999999999,2.5125628140703533,0.7779323272595129
113,0.5999999999999999,2.7135678391959814,0.7795961534717273
114,0.5999999999999999,2.9145728643216096,0.7810301867863002
115,0.5999999999999999,3.1155778894472377,0.7821560366694013
116,0.5999999999999999,3.316582914572866,0.7828838090983655
117,0.5999999999999999,3.517587939698494,0.7831183216208202
118,0.5999999999999999,3.718592964824122,0.782758675106027
119,0.5999999999999999,3.91959798994975,0.7817001614761443
120,0.5999999999999999,4.120603015075378,0.7798373826128483
121,0.5999999999999999,4.321608040201006,0.7770609445726807
122,0.5999999999999999,4.5226130653266345,0.7732695011970252
123,0.5999999999999999,4.723618090452263,0.7683670990326305
124,0.5999999999999999,4.924623115577891,0.76226749228948
125,0.5999999999999999,5.125628140703519,0.7549015432734895
126,0.5999999999999999,5.326633165829147,0.7462151640493238
127,0.5999999999999999,5.527638190954775,0.7361794972816447
128,0.5999999999999999,5.728643216080403,0.7247821759560035
129,0.5999999999999999,5.929648241206031,0.7120409609945622
130,0.5999999999999999,6.1306532663316595,0.6980016433525874
131,0.5999999999999999,6.331658291457288,0.6827361761640476
132,0.5999999999999999,6.532663316582916,0.6663350367515182
133,0.5999999999999999,6.733668341708544,0.6489206273118476
134,0.5999999999999999,6.934673366834172,0.6306235671954209
135,0.5999999999999999,7.1356783919598,0.6115924870154293
136,0.5999999999999999,7.336683417085428,0.5919870920472455
137,0.5999999999999999,7.537688442211056,0.571962633579602
138,0.5999999999999999,7.7386934673366845,0.5516846909477332
139,0.5999999999999999,7.939698492462313,0.5313003605432817
140,0.5999999999999999,8.14070351758794,0.5109547760014952
141,0.5999999999999999,8.341708542713569,0.4907819354256517
142,0.5999999999999999,8.542713567839197,0.4708914672695516
143,0.5999999999999999,8.743718592964825,0.45138832102117593
144,0.5999999999999999,8.944723618090453,0.43235255758703073
145,0.5999999999999999,9.145728643216081,0.4138536573911895
146,0.5999999999999999,9.34673366834171,0.3959417143294265
147,0.5999999999999999,9.547738693467338,0.378655323375964
148,0.5999999999999999,9.748743718592966,0.3620208673993149
149,0.5999999999999999,9.949748743718594,0.3460511641162166
150,0.5999999999999999,10.150753768844222,0.33075010386724446
151,0.5999999999999999,10.35175879396985,0.31611365081570475
152,0.5999999999999999,10.552763819095478,0.30213722021057277
153,0.5999999999999999,10.753768844221106,0.2888026907331465
154,0.5999999999999999,10.954773869346734,0.2760952507962301
155,0.5999999999999999,11.155778894472363,0.2639914927769633
156,0.5999999999999999,11.35678391959799,0.252470900722274
157,0.5999999999999999,11.557788944723619,0.24150893224319106
158,0.5999999999999999,11.758793969849247,0.23108179914180654
159,0.5999999999999999,11.959798994974875,0.2211637488848261
160,0.5999999999999999,12.160804020100507,0.21173275587383858
161,0.5999999999999999,12.361809045226131,0.20276324048133848
162,0.5999999999999999,12.562814070351763,0.1942342584127452
163,0.5999999999999999,12.763819095477388,0.18611970167841724
164,0.5999999999999999,12.96482412060302,0.1783999476300446
165,0.5999999999999999,13.165829145728644,0.17105523827565752
166,0.5999999999999999,13.366834170854275,0.16406307550453106
167,0.5999999999999999,13.5678391959799,0.15740589288139709
168,0.5999999999999999,13.768844221105532,0.1510668212081641
169,0.5999999999999999,13.969849246231156,0.14502701265991985
170,0.5999999999999999,14.170854271356788,0.13927160851236584
171,0.5999999999999999,14.371859296482413,0.1337851439939747
172,0.5999999999999999,14.572864321608044,0.1285536298585377
173,0.5999999999999999,14.773869346733669,0.12356405590419324
174,0.5999999999999999,14.9748743718593,0.11880243870009288
175,0.5999999999999999,15.175879396984925,0.11425719900753208
176,0.5999999999999999,15.376884422110557,0.10991704396147874
177,0.5999999999999999,15.577889447236181,0.10577099692656054
178,0.5999999999999999,15.778894472361813,0.10180925746273395
179,0.5999999999999999,15.979899497487438,0.09802247226641374
180,0.5999999999999999,16.18090452261307,0.09440196096194954
181,0.5999999999999999,16.381909547738694,0.09093860237327141
182,0.5999999999999999,16.582914572864325,0.0876235605294322
183,0.5999999999999999,16.78391959798995,0.08445089769666055
184,0.5999999999999999,16.98492462311558,0.08141289790604903
185,0.5999999999999999,17.185929648241206,0.07850305845967313
186,0.5999999999999999,17.386934673366838,0.07571466000975706
187,0.5999999999999999,17.587939698492463,0.07304302906853821
188,0.5999999999999999,17.788944723618094,0.07047965889613497
189,0.5999999999999999,17.98994974874372,0.06802006518669597
190,0.5999999999999999,18.19095477386935,0.06566039727295749
191,0.5999999999999999,18.391959798994975,0.06339549612491877
192,0.5999999999999999,18.592964824120607,0.06122018816733207
193,0.5999999999999999,18.79396984924623,0.05913003138253815
194,0.5999999999999999,18.994974874371863,0.057120133671100394
195,0.5999999999999999,19.195979899497488,0.055187231324106356
196,0.5999999999999999,19.39698492462312,0.05332763902312654
197,0.5999999999999999,19.597989949748744,0.05153652408094464
198,0.5999999999999999,19.798994974874375,0.04981177882765972
199,0.5999999999999999,20.0,0.04814828106919863
