,t,height,fid
0,0.8999999999999999,-20.0,0.008138335189392266
1,0.8999999999999999,-19.798994974874372,0.009504006655371483
2,0.8999999999999999,-19.597989949748744,0.01108778537960902
3,0.8999999999999999,-19.396984924623116,0.01286660415218348
4,0.8999999999999999,-19.195979899497488,0.014812093033546593
5,0.8999999999999999,-18.99497487437186,0.01689155934156669
6,0.8999999999999999,-18.79396984924623,0.01907145749460912
7,0.8999999999999999,-18.592964824120603,0.021316445212833095
8,0.8999999999999999,-18.391959798994975,0.02359658549789278
9,0.8999999999999999,-18.190954773869347,0.02588319984880392
10,0.8999999999999999,-17.98994974874372,0.028152846038012345
11,0.8999999999999999,-17.78894472361809,0.03038705398858712
12,0.8999999999999999,-17.587939698492463,0.03257445834148493
13,0.8999999999999999,-17.386934673366834,0.03470680032336194
14,0.8999999999999999,-17.185929648241206,0.0367820279542496
15,0.8999999999999999,-16.984924623115578,0.03880285881511779
16,0.8999999999999999,-16.78391959798995,0.0407768320459631
17,0.8999999999999999,-16.582914572864322,0.04271309631530729
18,0.8999999999999999,-16.381909547738694,0.044625240121860164
19,0.8999999999999999,-16.180904522613066,0.04652793309047267
20,0.8999999999999999,-15.979899497487438,0.048438211602726634
21,0.8999999999999999,-15.77889447236181,0.05037270738591083
22,0.8999999999999999,-15.577889447236181,0.052349968508983886
23,0.8999999999999999,-15.376884422110553,0.054388528793958175
24,0.8999999999999999,-15.175879396984925,0.056505378652457874
25,0.8999999999999999,-14.974874371859297,0.058720119545641644
26,0.8999999999999999,-14.773869346733669,0.0610480872225206
27,0.8999999999999999,-14.57286432160804,0.06350832171197097
28,0.8999999999999999,-14.371859296482413,0.0661176848971215
29,0.8999999999999999,-14.170854271356784,0.06889431412826975
30,0.8999999999999999,-13.969849246231156,0.07185233766686662
31,0.8999999999999999,-13.768844221105528,0.07501054295572501
32,0.8999999999999999,-13.5678391959799,0.07838550162718205
33,0.8999999999999999,-13.366834170854272,0.08199544227225046
34,0.8999999999999999,-13.165829145728644,0.08585842374889054
35,0.8999999999999999,-12.964824120603016,0.08999421117831988
36,0.8999999999999999,-12.763819095477388,0.09442061300070938
37,0.8999999999999999,-12.56281407035176,0.09916062212181996
38,0.8999999999999999,-12.361809045226131,0.10423705772735443
39,0.8999999999999999,-12.160804020100503,0.10967407265252782
40,0.8999999999999999,-11.959798994974873,0.11549750302519124
41,0.8999999999999999,-11.758793969849245,0.12173508847639737
42,0.8999999999999999,-11.557788944723617,0.12841847221556002
43,0.8999999999999999,-11.356783919597989,0.1355800829675344
44,0.8999999999999999,-11.15577889447236,0.14325648965311152
45,0.8999999999999999,-10.954773869346733,0.15148460899030144
46,0.8999999999999999,-10.753768844221105,0.16030631798316067
47,0.8999999999999999,-10.552763819095476,0.16976755334223698
48,0.8999999999999999,-10.351758793969848,0.1799115957241472
49,0.8999999999999999,-10.15075376884422,0.19079726769736705
50,0.8999999999999999,-9.949748743718592,0.2024729676087915
51,0.8999999999999999,-9.748743718592964,0.21500079854034937
52,0.8999999999999999,-9.547738693467336,0.22843796296725496
53,0.8999999999999999,-9.346733668341708,0.2428467384843481
54,0.8999999999999999,-9.14572864321608,0.2582890174557667
55,0.8999999999999999,-8.944723618090451,0.2748266865089373
56,0.8999999999999999,-8.743718592964823,0.2925158124651039
57,0.8999999999999999,-8.542713567839195,0.31140859081460626
58,0.8999999999999999,-8.341708542713567,0.3315465225363091
59,0.8999999999999999,-8.140703517587939,0.35294948519303887
60,0.8999999999999999,-7.939698492462311,0.3756190451601031
61,0.8999999999999999,-7.738693467336683,0.39953213178747493
62,0.8999999999999999,-7.537688442211055,0.42461815820109083
63,0.8999999999999999,-7.3366834170854265,0.45077192539754724
64,0.8999999999999999,-7.135678391959798,0.47782682346727023
65,0.8999999999999999,-6.93467336683417,0.5055662993920401
66,0.8999999999999999,-6.733668341708542,0.53371792920919
67,0.8999999999999999,-6.532663316582914,0.5619505666109437
68,0.8999999999999999,-6.331658291457286,0.5898957151124529
69,0.8999999999999999,-6.130653266331658,0.617150624095645
70,0.8999999999999999,-5.92964824120603,0.6433084597633472
71,0.8999999999999999,-5.7286432160804015,0.6679727146774898
72,0.8999999999999999,-5.527638190954773,0.6907897023224647
73,0.8999999999999999,-5.326633165829145,0.7114613383759096
74,0.8999999999999999,-5.125628140703517,0.7297657658704549
75,0.8999999999999999,-4.924623115577889,0.7455688994783151
76,0.8999999999999999,-4.723618090452261,0.7588313535344662
77,0.8999999999999999,-4.522613065326633,0.7695933623184962
78,0.8999999999999999,-4.321608040201005,0.7779694817231473
79,0.8999999999999999,-4.1206030150753765,0.7841370753999358
80,0.8999999999999999,-3.9195979899497466,0.788320557436101
81,0.8999999999999999,-3.7185929648241185,0.7907673110098054
82,0.8999999999999999,-3.5175879396984904,0.7917375084149448
83,0.8999999999999999,-3.3165829145728623,0.7914900999702585
84,0.8999999999999999,-3.115577889447234,0.790272668079124
85,0.8999999999999999,-2.914572864321606,0.7883144053053113
86,0.8999999999999999,-2.713567839195978,0.785821737247079
87,0.8999999999999999,-2.5125628140703498,0.7829768073034965
88,0.8999999999999999,-2.3115577889447216,0.7799385590400222
89,0.8999999999999999,-2.1105527638190935,0.7768378391518429
90,0.8999999999999999,-1.9095477386934654,0.7737885411528677
91,0.8999999999999999,-1.7085427135678373,0.7708836529803891
92,0.8999999999999999,-1.5075376884422091,0.7681994984752448
93,0.8999999999999999,-1.306532663316581,0.7657979452737586
94,0.8999999999999999,-1.105527638190953,0.763727525076413
95,0.8999999999999999,-0.9045226130653248,0.7620297064278899
96,0.8999999999999999,-0.7035175879396967,0.7607345976792518
97,0.8999999999999999,-0.5025125628140685,0.7598651724292557
98,0.8999999999999999,-0.3015075376884404,0.7594387508717505
99,0.8999999999999999,-0.10050251256281229,0.7594675552969343
100,0.8999999999999999,0.10050251256281584,0.7599577328986524
101,0.8999999999999999,0.30150753768844396,0.7609108202542694
102,0.8999999999999999,0.5025125628140721,0.7623242472041366
103,0.8999999999999999,0.7035175879397002,0.7641888614344583
104,0.8999999999999999,0.9045226130653283,0.7664909995493817
105,0.8999999999999999,1.1055276381909565,0.7692076727628802
106,0.8999999999999999,1.3065326633165846,0.7723100627793218
107,0.8999999999999999,1.5075376884422127,0.7757592217432003
108,0.8999999999999999,1.7085427135678408,0.7795046611867816
109,0.8999999999999999,1.909547738693469,0.7834808909249552
110,0.8999999999999999,2.110552763819097,0.787611099536822
111,0.8999999999999999,2.311557788944725,0.7917953730182746
112,0.8999999999999999,2.5125628140703533,0.7959140916763119
113,0.8999999999999999,2.7135678391959814,0.7998239555337846
114,0.8999999999999999,2.9145728643216096,0.8033557454214769
115,0.8999999999999999,3.1155778894472377,0.8063130489162251
116,0.8999999999999999,3.316582914572866,0.8084725117332374
117,0.8999999999999999,3.517587939698494,0.8095855194243692
118,0.8999999999999999,3.718592964824122,0.8093828207375638
119,0.8999999999999999,3.91959798994975,0.8075821228526567
120,0.8999999999999999,4.120603015075378,0.8038990174348108
121,0.8999999999999999,4.321608040201006,0.7980611995556804
122,0.8999999999999999,4.5226130653266345,0.7898257960207007
123,0.8999999999999999,4.723618090452263,0.7789995317079368
124,0.8999999999999999,4.924623115577891,0.7654506839149866
125,0.8999999999999999,5.125628140703519,0.7491379170792507
126,0.8999999999999999,5.326633165829147,0.7301149721343345
127,0.8999999999999999,5.527638190954775,0.7085232160702305
128,0.8999999999999999,5.728643216080403,0.684614823682673
129,0.8999999999999999,5.929648241206031,0.6587154439725872
130,0.8999999999999999,6.1306532663316595,0.6312261620469516
131,0.8999999999999999,6.331658291457288,0.6025790516392533
132,0.8999999999999999,6.532663316582916,0.5732215220251455
133,0.8999999999999999,6.733668341708544,0.5435972242485299
134,0.8999999999999999,6.934673366834172,0.5141013952272653
135,0.8999999999999999,7.1356783919598,0.48509281120380554
136,0.8999999999999999,7.336683417085428,0.4568574648202741
137,0.8999999999999999,7.537688442211056,0.4296224452779752
138,0.8999999999999999,7.7386934673366845,0.4035593029518476
139,0.8999999999999999,7.939698492462313,0.37877137658775006
140,0.8999999999999999,8.14070351758794,0.3553244838294581
141,0.8999999999999999,8.341708542713569,0.33323455234038435
142,0.8999999999999999,8.542713567839197,0.3124917286091685
143,0.8999999999999999,8.743718592964825,0.2930672890898425
144,0.8999999999999999,8.944723618090453,0.2749109966651707
145,0.8999999999999999,9.145728643216081,0.2579623016592554
146,0.8999999999999999,9.34673366834171,0.2421574390577188
147,0.8999999999999999,9.547738693467338,0.2274275127469813
148,0.8999999999999999,9.748743718592966,0.21370454093338362
149,0.8999999999999999,9.949748743718594,0.2009214849188928
150,0.8999999999999999,10.150753768844222,0.1890138944159623
151,0.8999999999999999,10.35175879396985,0.1779187757996164
152,0.8999999999999999,10.552763819095478,0.1675804259364003
153,0.8999999999999999,10.753768844221106,0.1579400697200108
154,0.8999999999999999,10.954773869346734,0.14895079192886168
155,0.8999999999999999,11.155778894472363,0.14056349661718406
156,0.8999999999999999,11.35678391959799,0.13273448130342855
157,0.8999999999999999,11.557788944723619,0.12542577276102684
158,0.8999999999999999,11.758793969849247,0.11859756956522406
159,0.8999999999999999,11.959798994974875,0.11221688285497748
160,0.8999999999999999,12.160804020100507,0.10625229175380622
161,0.8999999999999999,12.361809045226131,0.10067376419964459
162,0.8999999999999999,12.562814070351763,0.09545464374765772
163,0.8999999999999999,12.763819095477388,0.09057176524990297
164,0.8999999999999999,12.96482412060302,0.08599781610128442
165,0.8999999999999999,13.165829145728644,0.08171530594901484
166,0.8999999999999999,13.366834170854275,0.07770367775157831
167,0.8999999999999999,13.5678391959799,0.07394347596696287
168,0.8999999999999999,13.768844221105532,0.07041688410249268
169,0.8999999999999999,13.969849246231156,0.06710669875475549
170,0.8999999999999999,14.170854271356788,0.0639992395545487
171,0.8999999999999999,14.371859296482413,0.06107807244265783
172,0.8999999999999999,14.572864321608044,0.05832842754079123
173,0.8999999999999999,14.773869346733669,0.05573521671628699
174,0.8999999999999999,14.9748743718593,0.05328582387036545
175,0.8999999999999999,15.175879396984925,0.05096484891080146
176,0.8999999999999999,15.376884422110557,0.04876095205257041
177,0.8999999999999999,15.577889447236181,0.046658038194387096
178,0.8999999999999999,15.778894472361813,0.04464401204892398
179,0.8999999999999999,15.979899497487438,0.042705596718173644
180,0.8999999999999999,16.18090452261307,0.040830014143095825
181,0.8999999999999999,16.381909547738694,0.03900418345701955
182,0.8999999999999999,16.582914572864325,0.037217098209410555
183,0.8999999999999999,16.78391959798995,0.03545845203796033
184,0.8999999999999999,16.98492462311558,0.033716987088103986
185,0.8999999999999999,17.185929648241206,0.03198601003483384
186,0.8999999999999999,17.386934673366838,0.030259303111515017
187,0.8999999999999999,17.587939698492463,0.028533408182450322
188,0.8999999999999999,17.788944723618094,0.026807682953383618
189,0.8999999999999999,17.98994974874372,0.02508232645483186
190,0.8999999999999999,18.19095477386935,0.02336396273372836
191,0.8999999999999999,18.391959798994975,0.021660669699911525
192,0.8999999999999999,18.592964824120607,0.019983110517954514
193,0.8999999999999999,18.79396984924623,0.018344683301494177
194,0.8999999999999999,18.994974874371863,0.016761630634926875
195,0.8999999999999999,19.195979899497488,0.01525171615807509
196,0.8999999999999999,19.39698492462312,0.013832121455253785
197,0.8999999999999999,19.597989949748744,0.012520067427532151
198,0.8999999999999999,19.798994974874375,0.01133052626955053
199,0.8999999999999999,20.0,0.010275825676104765
