,t,height,fid
0,0.25,-20.0,0.18961099387144215
1,0.25,-19.798994974874372,0.194132182540284
2,0.25,-19.597989949748744,0.19878447020963222
3,0.25,-19.396984924623116,0.20357087278134867
4,0.25,-19.195979899497488,0.20849856501346267
5,0.25,-18.99497487437186,0.21357065855621646
6,0.25,-18.79396984924623,0.21878991947272905
7,0.25,-18.592964824120603,0.2241625861078201
8,0.25,-18.391959798994975,0.2296929504578016
9,0.25,-18.190954773869347,0.23538429674763514
10,0.25,-17.98994974874372,0.2412411553571359
11,0.25,-17.78894472361809,0.24726797388456243
12,0.25,-17.587939698492463,0.2534708146127379
13,0.25,-17.386934673366834,0.2598517380084494
14,0.25,-17.185929648241206,0.26641586524873
15,0.25,-16.984924623115578,0.2731672138794801
16,0.25,-16.78391959798995,0.2801091995205205
17,0.25,-16.582914572864322,0.28724440144780927
18,0.25,-16.381909547738694,0.2945771936397284
19,0.25,-16.180904522613066,0.30211224819081534
20,0.25,-15.979899497487438,0.3098478030001333
21,0.25,-15.77889447236181,0.3177890404164824
22,0.25,-15.577889447236181,0.3259370092819898
23,0.25,-15.376884422110553,0.33429251464415116
24,0.25,-15.175879396984925,0.34285258633111804
25,0.25,-14.974874371859297,0.3516187557425728
26,0.25,-14.773869346733669,0.36059045276800383
27,0.25,-14.57286432160804,0.3697644216281385
28,0.25,-14.371859296482413,0.3791360463487941
29,0.25,-14.170854271356784,0.3887027828638814
30,0.25,-13.969849246231156,0.39845872200421356
31,0.25,-13.768844221105528,0.4083959141717252
32,0.25,-13.5678391959799,0.4185043046098949
33,0.25,-13.366834170854272,0.42877599535887784
34,0.25,-13.165829145728644,0.43920252972031437
35,0.25,-12.964824120603016,0.44976743219589477
36,0.25,-12.763819095477388,0.4604588056019044
37,0.25,-12.56281407035176,0.47125797723005197
38,0.25,-12.361809045226131,0.4821527770936162
39,0.25,-12.160804020100503,0.4931213944295314
40,0.25,-11.959798994974873,0.5041424703961047
41,0.25,-11.758793969849245,0.5151991599304828
42,0.25,-11.557788944723617,0.5262681239952636
43,0.25,-11.356783919597989,0.5373239888556345
44,0.25,-11.15577889447236,0.5483429139290764
45,0.25,-10.954773869346733,0.5592980421487797
46,0.25,-10.753768844221105,0.5701647375711206
47,0.25,-10.552763819095476,0.5809191685454446
48,0.25,-10.351758793969848,0.5915304460267565
49,0.25,-10.15075376884422,0.6019728291996017
50,0.25,-9.949748743718592,0.6122198269270098
51,0.25,-9.748743718592964,0.6222465119628149
52,0.25,-9.547738693467336,0.6320277418537444
53,0.25,-9.346733668341708,0.6415359562466877
54,0.25,-9.14572864321608,0.6507508391746012
55,0.25,-8.944723618090451,0.6596520173195473
56,0.25,-8.743718592964823,0.6682184140679105
57,0.25,-8.542713567839195,0.6764333076207044
58,0.25,-8.341708542713567,0.6842789054201779
59,0.25,-8.140703517587939,0.6917438628248919
60,0.25,-7.939698492462311,0.698816394053741
61,0.25,-7.738693467336683,0.7054886192612764
62,0.25,-7.537688442211055,0.7117545107237119
63,0.25,-7.3366834170854265,0.7176111009418026
64,0.25,-7.135678391959798,0.7230578752668562
65,0.25,-6.93467336683417,0.7280967437993827
66,0.25,-6.733668341708542,0.7327324331444892
67,0.25,-6.532663316582914,0.73696891874188
68,0.25,-6.331658291457286,0.7408196681646665
69,0.25,-6.130653266331658,0.7442959855650638
70,0.25,-5.92964824120603,0.7474095007566858
71,0.25,-5.7286432160804015,0.7501750086470347
72,0.25,-5.527638190954773,0.752608776335832
73,0.25,-5.326633165829145,0.7547283805205957
74,0.25,-5.125628140703517,0.7565524856638917
75,0.25,-4.924623115577889,0.758100273963009
76,0.25,-4.723618090452261,0.7593917749511316
77,0.25,-4.522613065326633,0.7604472220801408
78,0.25,-4.321608040201005,0.7612871244667225
79,0.25,-4.1206030150753765,0.76193181342846
80,0.25,-3.9195979899497466,0.7624015945113878
81,0.25,-3.7185929648241185,0.7627161713604607
82,0.25,-3.5175879396984904,0.7628949322590289
83,0.25,-3.3165829145728623,0.7629565166803914
84,0.25,-3.115577889447234,0.7629188148464542
85,0.25,-2.914572864321606,0.7627989810857031
86,0.25,-2.713567839195978,0.7626131505030811
87,0.25,-2.5125628140703498,0.7623765257148045
88,0.25,-2.3115577889447216,0.7621032579064877
89,0.25,-2.1105527638190935,0.7618064482439313
90,0.25,-1.9095477386934654,0.7614982991171564
91,0.25,-1.7085427135678373,0.7611896787824891
92,0.25,-1.5075376884422091,0.7608903566888707
93,0.25,-1.306532663316581,0.7606092397655793
94,0.25,-1.105527638190953,0.7603539415408058
95,0.25,-0.9045226130653248,0.7601311996099755
96,0.25,-0.7035175879396967,0.7599466172437854
97,0.25,-0.5025125628140685,0.7598044897359482
98,0.25,-0.3015075376884404,0.7597081812119555
99,0.25,-0.10050251256281229,0.7596599804354579
100,0.25,0.10050251256281584,0.7596616851856935
101,0.25,0.30150753768844396,0.7597135933929366
102,0.25,0.5025125628140721,0.7598146017556626
103,0.25,0.7035175879397002,0.7599631407219922
104,0.25,0.9045226130653283,0.7601564213273702
105,0.25,1.1055276381909565,0.7603909330334286
106,0.25,1.3065326633165846,0.7606617057546842
107,0.25,1.5075376884422127,0.7609629080734291
108,0.25,1.7085427135678408,0.7612875835931857
109,0.25,1.909547738693469,0.7616278373150889
110,0.25,2.110552763819097,0.7619747917420965
111,0.25,2.311557788944725,0.7623184498588946
112,0.25,2.5125628140703533,0.7626475673660152
113,0.25,2.7135678391959814,0.7629501027613863
114,0.25,2.9145728643216096,0.763212897561479
115,0.25,3.1155778894472377,0.7634217984977731
116,0.25,3.316582914572866,0.7635617488363319
117,0.25,3.517587939698494,0.7636165879701455
118,0.25,3.718592964824122,0.7635694881804916
119,0.25,3.91959798994975,0.7634026528540843
120,0.25,4.120603015075378,0.7630977335495133
121,0.25,4.321608040201006,0.7626356227297424
122,0.25,4.5226130653266345,0.7619968131151738
123,0.25,4.723618090452263,0.7611614726711925
124,0.25,4.924623115577891,0.7601094113284034
125,0.25,5.125628140703519,0.7588205766731587
126,0.25,5.326633165829147,0.7572749820224061
127,0.25,5.527638190954775,0.7554530345095546
128,0.25,5.728643216080403,0.7533356295090148
129,0.25,5.929648241206031,0.7509044001065338
130,0.25,6.1306532663316595,0.7481420687332868
131,0.25,6.331658291457288,0.7450324550402231
132,0.25,6.532663316582916,0.7415623952737803
133,0.25,6.733668341708544,0.7377157939240462
134,0.25,6.934673366834172,0.7334860014110498
135,0.25,7.1356783919598,0.7288578265508101
136,0.25,7.336683417085428,0.7238270735930088
137,0.25,7.537688442211056,0.7183891497607073
138,0.25,7.7386934673366845,0.7125418142239255
139,0.25,7.939698492462313,0.7062851996418212
140,0.25,8.14070351758794,0.6996224431014477
141,0.25,8.341708542713569,0.6925585998133997
142,0.25,8.542713567839197,0.6851018757096775
143,0.25,8.743718592964825,0.6772649319672055
144,0.25,8.944723618090453,0.6690544343977481
145,0.25,9.145728643216081,0.6604924307488943
146,0.25,9.34673366834171,0.6515936424741415
147,0.25,9.547738693467338,0.6423795662858232
148,0.25,9.748743718592966,0.6328686892929222
149,0.25,9.949748743718594,0.6230843986180118
150,0.25,10.150753768844222,0.6130516052834761
151,0.25,10.35175879396985,0.6027964656633346
152,0.25,10.552763819095478,0.592342954001227
153,0.25,10.753768844221106,0.5817188121792745
154,0.25,10.954773869346734,0.5709494399576256
155,0.25,11.155778894472363,0.5600661032316364
156,0.25,11.35678391959799,0.5490925996760514
157,0.25,11.557788944723619,0.5380541077449551
158,0.25,11.758793969849247,0.5269776657132003
159,0.25,11.959798994974875,0.5158873043456872
160,0.25,12.160804020100507,0.5048088743072076
161,0.25,12.361809045226131,0.4937659536749135
162,0.25,12.562814070351763,0.48277563289910413
163,0.25,12.763819095477388,0.4718596007591977
164,0.25,12.96482412060302,0.4610406774510392
165,0.25,13.165829145728644,0.4503289798282894
166,0.25,13.366834170854275,0.4397457530828794
167,0.25,13.5678391959799,0.429302132774236
168,0.25,13.768844221105532,0.4190148085754538
169,0.25,13.969849246231156,0.4088923940717924
170,0.25,14.170854271356788,0.39894280967633083
171,0.25,14.371859296482413,0.3891762172444849
172,0.25,14.572864321608044,0.37960048108508554
173,0.25,14.773869346733669,0.37022160051113395
174,0.25,14.9748743718593,0.361041946202602
175,0.25,15.175879396984925,0.35206627478650415
176,0.25,15.376884422110557,0.34329846192136165
177,0.25,15.577889447236181,0.3347364741739324
178,0.25,15.778894472361813,0.32638203592113996
179,0.25,15.979899497487438,0.3182355171772626
180,0.25,16.18090452261307,0.3102961024833783
181,0.25,16.381909547738694,0.30256418951712866
182,0.25,16.582914572864325,0.29503359792009104
183,0.25,16.78391959798995,0.2877062526652208
184,0.25,16.98492462311558,0.28057598297757547
185,0.25,17.185929648241206,0.2736412999867746
186,0.25,17.386934673366838,0.2668969262387379
187,0.25,17.587939698492463,0.2603400929685801
188,0.25,17.788944723618094,0.2539667775631315
189,0.25,17.98994974874372,0.24777164664905116
190,0.25,18.19095477386935,0.24175267285670182
191,0.25,18.391959798994975,0.2359037396705781
192,0.25,18.592964824120607,0.23022028377875062
193,0.25,18.79396984924623,0.22469778448335867
194,0.25,18.994974874371863,0.2193328182493958
195,0.25,19.195979899497488,0.2141212483485882
196,0.25,19.39698492462312,0.20905656688788762
197,0.25,19.597989949748744,0.2041362038313324
198,0.25,19.798994974874375,0.19935680227700608
199,0.25,20.0,0.19471136403450015
