,t,height,fid
0,0.49999999999999994,-20.0,0.06095301336545786
1,0.49999999999999994,-19.798994974874372,0.06311196128498983
2,0.49999999999999994,-19.597989949748744,0.06534899633558146
3,0.49999999999999994,-19.396984924623116,0.0676679638748819
4,0.49999999999999994,-19.195979899497488,0.07007279567027673
5,0.49999999999999994,-18.99497487437186,0.07256537173337817
6,0.49999999999999994,-18.79396984924623,0.07515111258574891
7,0.49999999999999994,-18.592964824120603,0.07783378706167038
8,0.49999999999999994,-18.391959798994975,0.080618344805825
9,0.49999999999999994,-18.190954773869347,0.08350957301475778
10,0.49999999999999994,-17.98994974874372,0.0865124664815931
11,0.49999999999999994,-17.78894472361809,0.08963191117424887
12,0.49999999999999994,-17.587939698492463,0.0928725529398999
13,0.49999999999999994,-17.386934673366834,0.09624128220333168
14,0.49999999999999994,-17.185929648241206,0.09974457226365133
15,0.49999999999999994,-16.984924623115578,0.10338832265402717
16,0.49999999999999994,-16.78391959798995,0.10717957195974842
17,0.49999999999999994,-16.582914572864322,0.11112497091816412
18,0.49999999999999994,-16.381909547738694,0.11523375323569221
19,0.49999999999999994,-16.180904522613066,0.11951219422461999
20,0.49999999999999994,-15.979899497487438,0.1239693250272622
21,0.49999999999999994,-15.77889447236181,0.1286136907135523
22,0.49999999999999994,-15.577889447236181,0.13345575476995067
23,0.49999999999999994,-15.376884422110553,0.13850513716198057
24,0.49999999999999994,-15.175879396984925,0.1437719662160479
25,0.49999999999999994,-14.974874371859297,0.14926700150906363
26,0.49999999999999994,-14.773869346733669,0.15500086905209043
27,0.49999999999999994,-14.57286432160804,0.16098778534482164
28,0.49999999999999994,-14.371859296482413,0.16723920341669257
29,0.49999999999999994,-14.170854271356784,0.1737668431450292
30,0.49999999999999994,-13.969849246231156,0.1805855839247141
31,0.49999999999999994,-13.768844221105528,0.18771228031815432
32,0.49999999999999994,-13.5678391959799,0.1951591429520727
33,0.49999999999999994,-13.366834170854272,0.20294015158923356
34,0.49999999999999994,-13.165829145728644,0.21107479120834852
35,0.49999999999999994,-12.964824120603016,0.2195771201309115
36,0.49999999999999994,-12.763819095477388,0.2284646389903046
37,0.49999999999999994,-12.56281407035176,0.23775304520919213
38,0.49999999999999994,-12.361809045226131,0.24745630683316525
39,0.49999999999999994,-12.160804020100503,0.2575946200444396
40,0.49999999999999994,-11.959798994974873,0.26818270854453335
41,0.49999999999999994,-11.758793969849245,0.27923441645275954
42,0.49999999999999994,-11.557788944723617,0.2907624782819565
43,0.49999999999999994,-11.356783919597989,0.3027815560389008
44,0.49999999999999994,-11.15577889447236,0.3152983471660039
45,0.49999999999999994,-10.954773869346733,0.3283225899707393
46,0.49999999999999994,-10.753768844221105,0.34185702486595093
47,0.49999999999999994,-10.552763819095476,0.3558988921517642
48,0.49999999999999994,-10.351758793969848,0.3704453630626228
49,0.49999999999999994,-10.15075376884422,0.3854834825188319
50,0.49999999999999994,-9.949748743718592,0.4009985135320642
51,0.49999999999999994,-9.748743718592964,0.41696244165116236
52,0.49999999999999994,-9.547738693467336,0.43334373360872236
53,0.49999999999999994,-9.346733668341708,0.45010189364901365
54,0.49999999999999994,-9.14572864321608,0.4671854964118664
55,0.49999999999999994,-8.944723618090451,0.48453378417734977
56,0.49999999999999994,-8.743718592964823,0.502077859870815
57,0.49999999999999994,-8.542713567839195,0.5197417116652526
58,0.49999999999999994,-8.341708542713567,0.5374392482562448
59,0.49999999999999994,-8.140703517587939,0.5550769153409644
60,0.49999999999999994,-7.939698492462311,0.5725525611065051
61,0.49999999999999994,-7.738693467336683,0.5897709754830076
62,0.49999999999999994,-7.537688442211055,0.606620127222852
63,0.49999999999999994,-7.3366834170854265,0.6230006070456867
64,0.49999999999999994,-7.135678391959798,0.638808893004349
65,0.49999999999999994,-6.93467336683417,0.6539477797756927
66,0.49999999999999994,-6.733668341708542,0.6683324937684167
67,0.49999999999999994,-6.532663316582914,0.6818844948025639
68,0.49999999999999994,-6.331658291457286,0.6945324182103633
69,0.49999999999999994,-6.130653266331658,0.7062283980823377
70,0.49999999999999994,-5.92964824120603,0.7169313698543273
71,0.49999999999999994,-5.7286432160804015,0.7266180202857165
72,0.49999999999999994,-5.527638190954773,0.735276987121993
73,0.49999999999999994,-5.326633165829145,0.7429193411889348
74,0.49999999999999994,-5.125628140703517,0.7495654509040431
75,0.49999999999999994,-4.924623115577889,0.7552467612067453
76,0.49999999999999994,-4.723618090452261,0.7600077815779945
77,0.49999999999999994,-4.522613065326633,0.7639022565753618
78,0.49999999999999994,-4.321608040201005,0.7669925037135326
79,0.49999999999999994,-4.1206030150753765,0.7693439622856992
80,0.49999999999999994,-3.9195979899497466,0.771028698113933
81,0.49999999999999994,-3.7185929648241185,0.7721198814228808
82,0.49999999999999994,-3.5175879396984904,0.7726916867026583
83,0.49999999999999994,-3.3165829145728623,0.7728170156831775
84,0.49999999999999994,-3.115577889447234,0.7725669860662808
85,0.49999999999999994,-2.914572864321606,0.7720098010220271
86,0.49999999999999994,-2.713567839195978,0.7712098214318421
87,0.49999999999999994,-2.5125628140703498,0.7702272694404063
88,0.49999999999999994,-2.3115577889447216,0.7691177810053466
89,0.49999999999999994,-2.1105527638190935,0.7679320737163945
90,0.49999999999999994,-1.9095477386934654,0.766716030419899
91,0.49999999999999994,-1.7085427135678373,0.7655095983604058
92,0.49999999999999994,-1.5075376884422091,0.764351071354537
93,0.49999999999999994,-1.306532663316581,0.7632711119345381
94,0.49999999999999994,-1.105527638190953,0.7622965601424635
95,0.49999999999999994,-0.9045226130653248,0.7614507673371939
96,0.49999999999999994,-0.7035175879396967,0.76075232177326
97,0.49999999999999994,-0.5025125628140685,0.7602162360588887
98,0.49999999999999994,-0.3015075376884404,0.7598545671497954
99,0.49999999999999994,-0.10050251256281229,0.7596747322646267
100,0.49999999999999994,0.10050251256281584,0.7596815397465743
101,0.49999999999999994,0.30150753768844396,0.759876216839971
102,0.49999999999999994,0.5025125628140721,0.7602564375472977
103,0.49999999999999994,0.7035175879397002,0.7608172762291169
104,0.49999999999999994,0.9045226130653283,0.761549218087697
105,0.49999999999999994,1.1055276381909565,0.7624399100440462
106,0.49999999999999994,1.3065326633165846,0.7634734596802534
107,0.49999999999999994,1.5075376884422127,0.7646294300555729
108,0.49999999999999994,1.7085427135678408,0.7658848620173533
109,0.49999999999999994,1.909547738693469,0.7672089724743402
110,0.49999999999999994,2.110552763819097,0.7685695638885371
111,0.49999999999999994,2.311557788944725,0.7699285085619426
112,0.49999999999999994,2.5125628140703533,0.7712427530719925
113,0.49999999999999994,2.7135678391959814,0.7724640093285349
114,0.49999999999999994,2.9145728643216096,0.7735388325033571
115,0.49999999999999994,3.1155778894472377,0.7744086104099507
116,0.49999999999999994,3.316582914572866,0.7750099648262648
117,0.49999999999999994,3.517587939698494,0.7752749426603808
118,0.49999999999999994,3.718592964824122,0.7751317867293044
119,0.49999999999999994,3.91959798994975,0.7745057254493767
120,0.49999999999999994,4.120603015075378,0.7733198381576949
121,0.49999999999999994,4.321608040201006,0.7714969321782288
122,0.49999999999999994,4.5226130653266345,0.7689606674203252
123,0.49999999999999994,4.723618090452263,0.7656362351521803
124,0.49999999999999994,4.924623115577891,0.7614569178571619
125,0.49999999999999994,5.125628140703519,0.756359737859536
126,0.49999999999999994,5.326633165829147,0.7502912576479943
127,0.49999999999999994,5.527638190954775,0.7432092095402911
128,0.49999999999999994,5.728643216080403,0.7350871367047238
129,0.49999999999999994,5.929648241206031,0.725904760748804
130,0.49999999999999994,6.1306532663316595,0.7156622773853032
131,0.49999999999999994,6.331658291457288,0.7043772655122698
132,0.49999999999999994,6.532663316582916,0.6920828838060945
133,0.49999999999999994,6.733668341708544,0.6788297871511106
134,0.49999999999999994,6.934673366834172,0.6646734808590669
135,0.49999999999999994,7.1356783919598,0.6497011198943173
136,0.49999999999999994,7.336683417085428,0.6339961849440487
137,0.49999999999999994,7.537688442211056,0.6176540538746708
138,0.49999999999999994,7.7386934673366845,0.6007864762782593
139,0.49999999999999994,7.939698492462313,0.5834959815378437
140,0.49999999999999994,8.14070351758794,0.5658949436723243
141,0.49999999999999994,8.341708542713569,0.5480930177519922
142,0.49999999999999994,8.542713567839197,0.5301930821150967
143,0.49999999999999994,8.743718592964825,0.5122966053874507
144,0.49999999999999994,8.944723618090453,0.49449670444998595
145,0.49999999999999994,9.145728643216081,0.476873114018135
146,0.49999999999999994,9.34673366834171,0.45950505176601764
147,0.49999999999999994,9.547738693467338,0.44245293161498156
148,0.49999999999999994,9.748743718592966,0.42577275546085924
149,0.49999999999999994,9.949748743718594,0.4095140964691138
150,0.49999999999999994,10.150753768844222,0.39370519584539815
151,0.49999999999999994,10.35175879396985,0.3783787317872639
152,0.49999999999999994,10.552763819095478,0.36355355844162035
153,0.49999999999999994,10.753768844221106,0.34924110340024733
154,0.49999999999999994,10.954773869346734,0.3354467560277427
155,0.49999999999999994,11.155778894472363,0.3221720992521
156,0.49999999999999994,11.35678391959799,0.3094144093486457
157,0.49999999999999994,11.557788944723619,0.2971684477239958
158,0.49999999999999994,11.758793969849247,0.2854212060587434
159,0.49999999999999994,11.959798994974875,0.27416342270202326
160,0.49999999999999994,12.160804020100507,0.26337826914725593
161,0.49999999999999994,12.361809045226131,0.2530540978417209
162,0.49999999999999994,12.562814070351763,0.24317194463787623
163,0.49999999999999994,12.763819095477388,0.23371650454153872
164,0.49999999999999994,12.96482412060302,0.22466950433909083
165,0.49999999999999994,13.165829145728644,0.21601633779091367
166,0.49999999999999994,13.366834170854275,0.20773781768689545
167,0.49999999999999994,13.5678391959799,0.19982049841428776
168,0.49999999999999994,13.768844221105532,0.1922447471807727
169,0.49999999999999994,13.969849246231156,0.18499478425403204
170,0.49999999999999994,14.170854271356788,0.17806050689773084
171,0.49999999999999994,14.371859296482413,0.17142206929666318
172,0.49999999999999994,14.572864321608044,0.16506655288290117
173,0.49999999999999994,14.773869346733669,0.15897978761589612
174,0.49999999999999994,14.9748743718593,0.15315138779250306
175,0.49999999999999994,15.175879396984925,0.14756679980340887
176,0.49999999999999994,15.376884422110557,0.14221476183174536
177,0.49999999999999994,15.577889447236181,0.13708427828431452
178,0.49999999999999994,15.778894472361813,0.13216475645688577
179,0.49999999999999994,15.979899497487438,0.12744716183860183
180,0.49999999999999994,16.18090452261307,0.12291982716756884
181,0.49999999999999994,16.381909547738694,0.1185752803438118
182,0.49999999999999994,16.582914572864325,0.11440469276017334
183,0.49999999999999994,16.78391959798995,0.11039914589570704
184,0.49999999999999994,16.98492462311558,0.10655116702530285
185,0.49999999999999994,17.185929648241206,0.10285332741845862
186,0.49999999999999994,17.386934673366838,0.09929900321377526
187,0.49999999999999994,17.587939698492463,0.09588122822336488
188,0.49999999999999994,17.788944723618094,0.09259442697526783
189,0.49999999999999994,17.98994974874372,0.0894317618755027
190,0.49999999999999994,18.19095477386935,0.08638750606720903
191,0.49999999999999994,18.391959798994975,0.08345695176482151
192,0.49999999999999994,18.592964824120607,0.08063484428151566
193,0.49999999999999994,18.79396984924623,0.07791710670320519
194,0.49999999999999994,18.994974874371863,0.07529734817605667
195,0.49999999999999994,19.195979899497488,0.07277376240299617
196,0.49999999999999994,19.39698492462312,0.07033998639937517
197,0.49999999999999994,19.597989949748744,0.06799203465393452
198,0.49999999999999994,19.798994974874375,0.06572793024186278
199,0.49999999999999994,20.0,0.06354380625430892
