,t,height,fid
0,0.44999999999999996,-20.0,0.07914676998653575
1,0.44999999999999996,-19.798994974874372,0.08154879498030326
2,0.44999999999999996,-19.597989949748744,0.08403719158331777
3,0.44999999999999996,-19.396984924623116,0.0866155828879413
4,0.44999999999999996,-19.195979899497488,0.08928789372833852
5,0.44999999999999996,-18.99497487437186,0.09205610550613842
6,0.44999999999999996,-18.79396984924623,0.09492528005772631
7,0.44999999999999996,-18.592964824120603,0.09790113379442121
8,0.44999999999999996,-18.391959798994975,0.10098734027207298
9,0.44999999999999996,-18.190954773869347,0.10418832382129237
10,0.44999999999999996,-17.98994974874372,0.10750957334271632
11,0.44999999999999996,-17.78894472361809,0.1109555460310678
12,0.44999999999999996,-17.587939698492463,0.1145333419764969
13,0.44999999999999996,-17.386934673366834,0.11824672761786068
14,0.44999999999999996,-17.185929648241206,0.12210321070391592
15,0.44999999999999996,-16.984924623115578,0.12610943116960502
16,0.44999999999999996,-16.78391959798995,0.13027049988266
17,0.44999999999999996,-16.582914572864322,0.1345950927133634
18,0.44999999999999996,-16.381909547738694,0.1390903950777505
19,0.44999999999999996,-16.180904522613066,0.14376376829016235
20,0.44999999999999996,-15.979899497487438,0.14862344119916296
21,0.44999999999999996,-15.77889447236181,0.1536774336493685
22,0.44999999999999996,-15.577889447236181,0.15893435360619815
23,0.44999999999999996,-15.376884422110553,0.16440522129763718
24,0.44999999999999996,-15.175879396984925,0.1700999218705772
25,0.44999999999999996,-14.974874371859297,0.17602378122405554
26,0.44999999999999996,-14.773869346733669,0.1821907220263038
27,0.44999999999999996,-14.57286432160804,0.1886153325062205
28,0.44999999999999996,-14.371859296482413,0.1953038355481601
29,0.44999999999999996,-14.170854271356784,0.20226745820380893
30,0.44999999999999996,-13.969849246231156,0.20952152042972516
31,0.44999999999999996,-13.768844221105528,0.21707621556741513
32,0.44999999999999996,-13.5678391959799,0.2249444960014708
33,0.44999999999999996,-13.366834170854272,0.23313883199192018
34,0.44999999999999996,-13.165829145728644,0.24167012306908195
35,0.44999999999999996,-12.964824120603016,0.2505517794056919
36,0.44999999999999996,-12.763819095477388,0.2597955553476569
37,0.44999999999999996,-12.56281407035176,0.2694132963036066
38,0.44999999999999996,-12.361809045226131,0.27941582841529167
39,0.44999999999999996,-12.160804020100503,0.2898116191414724
40,0.44999999999999996,-11.959798994974873,0.30061288394096425
41,0.44999999999999996,-11.758793969849245,0.311821022351972
42,0.44999999999999996,-11.557788944723617,0.3234467678971816
43,0.44999999999999996,-11.356783919597989,0.3354903876358516
44,0.44999999999999996,-11.15577889447236,0.34795105131661014
45,0.44999999999999996,-10.954773869346733,0.36082501945801543
46,0.44999999999999996,-10.753768844221105,0.3741072402026216
47,0.44999999999999996,-10.552763819095476,0.3877838254100276
48,0.44999999999999996,-10.351758793969848,0.40184159419507404
49,0.44999999999999996,-10.15075376884422,0.4162557787323168
50,0.44999999999999996,-9.949748743718592,0.4310006111294648
51,0.44999999999999996,-9.748743718592964,0.4460438117448681
52,0.44999999999999996,-9.547738693467336,0.4613457554272406
53,0.44999999999999996,-9.346733668341708,0.4768563008748492
54,0.44999999999999996,-9.14572864321608,0.49253030770327133
55,0.44999999999999996,-8.944723618090451,0.5083036970878737
56,0.44999999999999996,-8.743718592964823,0.5241191057712961
57,0.44999999999999996,-8.542713567839195,0.5399057815303346
58,0.44999999999999996,-8.341708542713567,0.5555908155834616
59,0.44999999999999996,-8.140703517587939,0.571100678435959
60,0.44999999999999996,-7.939698492462311,0.5863615335005862
61,0.44999999999999996,-7.738693467336683,0.6012924785056547
62,0.44999999999999996,-7.537688442211055,0.6158174334717874
63,0.44999999999999996,-7.3366834170854265,0.6298699525696518
64,0.44999999999999996,-7.135678391959798,0.6433739131487004
65,0.44999999999999996,-6.93467336683417,0.6562696260394384
66,0.44999999999999996,-6.733668341708542,0.6685020731316205
67,0.44999999999999996,-6.532663316582914,0.6800233941319941
68,0.44999999999999996,-6.331658291457286,0.6907899435494574
69,0.44999999999999996,-6.130653266331658,0.7007761966909799
70,0.44999999999999996,-5.92964824120603,0.7099612395738973
71,0.44999999999999996,-5.7286432160804015,0.7183351867728438
72,0.44999999999999996,-5.527638190954773,0.7258983682115683
73,0.44999999999999996,-5.326633165829145,0.7326604884475351
74,0.44999999999999996,-5.125628140703517,0.7386356130816121
75,0.44999999999999996,-4.924623115577889,0.7438593535171331
76,0.44999999999999996,-4.723618090452261,0.7483608891699337
77,0.44999999999999996,-4.522613065326633,0.7521800693099161
78,0.44999999999999996,-4.321608040201005,0.7553616573831906
79,0.44999999999999996,-4.1206030150753765,0.7579540977561378
80,0.44999999999999996,-3.9195979899497466,0.7600087192832963
81,0.44999999999999996,-3.7185929648241185,0.7615785162584643
82,0.44999999999999996,-3.5175879396984904,0.7627170898445003
83,0.44999999999999996,-3.3165829145728623,0.763477995873816
84,0.44999999999999996,-3.115577889447234,0.763913853500641
85,0.44999999999999996,-2.914572864321606,0.7640755826910015
86,0.44999999999999996,-2.713567839195978,0.7640122162525443
87,0.44999999999999996,-2.5125628140703498,0.7637702177030978
88,0.44999999999999996,-2.3115577889447216,0.7633930731434257
89,0.44999999999999996,-2.1105527638190935,0.7629213976088461
90,0.44999999999999996,-1.9095477386934654,0.7623924772654213
91,0.44999999999999996,-1.7085427135678373,0.7618401198556713
92,0.44999999999999996,-1.5075376884422091,0.7612950384427354
93,0.44999999999999996,-1.306532663316581,0.760784473858047
94,0.44999999999999996,-1.105527638190953,0.7603323143446947
95,0.44999999999999996,-0.9045226130653248,0.759959481065084
96,0.44999999999999996,-0.7035175879396967,0.7596830475936324
97,0.44999999999999996,-0.5025125628140685,0.7595174750542656
98,0.44999999999999996,-0.3015075376884404,0.7594739409261397
99,0.44999999999999996,-0.10050251256281229,0.7595608329502751
100,0.44999999999999996,0.10050251256281584,0.7597830302862992
101,0.44999999999999996,0.30150753768844396,0.7601425824920588
102,0.44999999999999996,0.5025125628140721,0.7606391535414382
103,0.44999999999999996,0.7035175879397002,0.7612682956002426
104,0.44999999999999996,0.9045226130653283,0.7620228981036908
105,0.44999999999999996,1.1055276381909565,0.7628924769228351
106,0.44999999999999996,1.3065326633165846,0.7638636882446918
107,0.44999999999999996,1.5075376884422127,0.7649191685334522
108,0.44999999999999996,1.7085427135678408,0.7660392002177635
109,0.44999999999999996,1.909547738693469,0.7671973374592902
110,0.44999999999999996,2.110552763819097,0.7683661702029994
111,0.44999999999999996,2.311557788944725,0.7695136540238483
112,0.44999999999999996,2.5125628140703533,0.770603500198354
113,0.44999999999999996,2.7135678391959814,0.771595440054719
114,0.44999999999999996,2.9145728643216096,0.7724453265379767
115,0.44999999999999996,3.1155778894472377,0.7731051560009345
116,0.44999999999999996,3.316582914572866,0.7735233300739343
117,0.44999999999999996,3.517587939698494,0.7736450489587893
118,0.44999999999999996,3.718592964824122,0.7734127529915777
119,0.44999999999999996,3.91959798994975,0.7727668249234162
120,0.44999999999999996,4.120603015075378,0.7716462353772298
121,0.44999999999999996,4.321608040201006,0.7699897287001087
122,0.44999999999999996,4.5226130653266345,0.7677364957834162
123,0.44999999999999996,4.723618090452263,0.7648267832514211
124,0.44999999999999996,4.924623115577891,0.7612071760522956
125,0.44999999999999996,5.125628140703519,0.756825562751859
126,0.44999999999999996,5.326633165829147,0.7516369030537563
127,0.44999999999999996,5.527638190954775,0.745603719849424
128,0.44999999999999996,5.728643216080403,0.7386983301080196
129,0.44999999999999996,5.929648241206031,0.7309015330149002
130,0.44999999999999996,6.1306532663316595,0.7222003750918768
131,0.44999999999999996,6.331658291457288,0.7126008575138904
132,0.44999999999999996,6.532663316582916,0.7021175349743067
133,0.44999999999999996,6.733668341708544,0.6907784369594349
134,0.44999999999999996,6.934673366834172,0.6786203709072887
135,0.44999999999999996,7.1356783919598,0.6656880738460722
136,0.44999999999999996,7.336683417085428,0.6520479988289107
137,0.44999999999999996,7.537688442211056,0.6377679113095129
138,0.44999999999999996,7.7386934673366845,0.6229162330593502
139,0.44999999999999996,7.939698492462313,0.6075783760484061
140,0.44999999999999996,8.14070351758794,0.5918374357062914
141,0.44999999999999996,8.341708542713569,0.5757777411596946
142,0.44999999999999996,8.542713567839197,0.5594908325183146
143,0.44999999999999996,8.743718592964825,0.5430588611742707
144,0.44999999999999996,8.944723618090453,0.5265625898827255
145,0.44999999999999996,9.145728643216081,0.5100804205045585
146,0.44999999999999996,9.34673366834171,0.4936879365240482
147,0.44999999999999996,9.547738693467338,0.47744490791309274
148,0.44999999999999996,9.748743718592966,0.46141775954802283
149,0.44999999999999996,9.949748743718594,0.44565124680602347
150,0.44999999999999996,10.150753768844222,0.4301949847447943
151,0.44999999999999996,10.35175879396985,0.4150874615179827
152,0.44999999999999996,10.552763819095478,0.4003580575662765
153,0.44999999999999996,10.753768844221106,0.38603022657658254
154,0.44999999999999996,10.954773869346734,0.3721252834400263
155,0.44999999999999996,11.155778894472363,0.3586533051894402
156,0.44999999999999996,11.35678391959799,0.34562486597641756
157,0.44999999999999996,11.557788944723619,0.33304131090030764
158,0.44999999999999996,11.758793969849247,0.32090267537411177
159,0.44999999999999996,11.959798994974875,0.30920713366758523
160,0.44999999999999996,12.160804020100507,0.2979504872834442
161,0.44999999999999996,12.361809045226131,0.2871213767049797
162,0.44999999999999996,12.562814070351763,0.27671321858497144
163,0.44999999999999996,12.763819095477388,0.2667127961810512
164,0.44999999999999996,12.96482412060302,0.2571096344738654
165,0.44999999999999996,13.165829145728644,0.24788929036489404
166,0.44999999999999996,13.366834170854275,0.23904047449722762
167,0.44999999999999996,13.5678391959799,0.23054974536498712
168,0.44999999999999996,13.768844221105532,0.222401066051077
169,0.44999999999999996,13.969849246231156,0.21458410543876386
170,0.44999999999999996,14.170854271356788,0.2070828224164264
171,0.44999999999999996,14.371859296482413,0.19988720091726764
172,0.44999999999999996,14.572864321608044,0.19298114534948466
173,0.44999999999999996,14.773869346733669,0.1863531739469653
174,0.44999999999999996,14.9748743718593,0.179991602535852
175,0.44999999999999996,15.175879396984925,0.17388526996440007
176,0.44999999999999996,15.376884422110557,0.1680231506306255
177,0.44999999999999996,15.577889447236181,0.16239112658586924
178,0.44999999999999996,15.778894472361813,0.1569817237804917
179,0.44999999999999996,15.979899497487438,0.15178568087840266
180,0.44999999999999996,16.18090452261307,0.14679164300921535
181,0.44999999999999996,16.381909547738694,0.1419906079610792
182,0.44999999999999996,16.582914572864325,0.13737563831440705
183,0.44999999999999996,16.78391959798995,0.13293694686128718
184,0.44999999999999996,16.98492462311558,0.1286676636896393
185,0.44999999999999996,17.185929648241206,0.12456053803299576
186,0.44999999999999996,17.386934673366838,0.12060743395923976
187,0.44999999999999996,17.587939698492463,0.11680197814766459
188,0.44999999999999996,17.788944723618094,0.11313754756828924
189,0.44999999999999996,17.98994974874372,0.10960836670904381
190,0.44999999999999996,18.19095477386935,0.10620834823561401
191,0.44999999999999996,18.391959798994975,0.10293216601137563
192,0.44999999999999996,18.592964824120607,0.09977465597505948
193,0.44999999999999996,18.79396984924623,0.09673045919667343
194,0.44999999999999996,18.994974874371863,0.0937956528171251
195,0.44999999999999996,19.195979899497488,0.09096497836478146
196,0.44999999999999996,19.39698492462312,0.08823423616794958
197,0.44999999999999996,19.597989949748744,0.08559789901547983
198,0.44999999999999996,19.798994974874375,0.08305451969164339
199,0.44999999999999996,20.0,0.08059913715980287
