,t,height,fid
0,0.7,-20.0,0.03539537328370027
1,0.7,-19.798994974874372,0.03605767475704767
2,0.7,-19.597989949748744,0.03680094398442686
3,0.7,-19.396984924623116,0.03762825054269921
4,0.7,-19.195979899497488,0.03854259457430308
5,0.7,-18.99497487437186,0.039546129565169806
6,0.7,-18.79396984924623,0.04064132748948958
7,0.7,-18.592964824120603,0.04183094472157734
8,0.7,-18.391959798994975,0.04311626312339611
9,0.7,-18.190954773869347,0.044500913089679406
10,0.7,-17.98994974874372,0.045986666099926826
11,0.7,-17.78894472361809,0.04757771566414393
12,0.7,-17.587939698492463,0.04927571775994505
13,0.7,-17.386934673366834,0.0510844229655247
14,0.7,-17.185929648241206,0.05300816584887739
15,0.7,-16.984924623115578,0.055049257106470094
16,0.7,-16.78391959798995,0.057213242672332326
17,0.7,-16.582914572864322,0.05950462352499992
18,0.7,-16.381909547738694,0.061927226635784524
19,0.7,-16.180904522613066,0.06448862315398343
20,0.7,-15.979899497487438,0.06719324805626394
21,0.7,-15.77889447236181,0.07004954464200865
22,0.7,-15.577889447236181,0.0730623198095523
23,0.7,-15.376884422110553,0.07623944447618355
24,0.7,-15.175879396984925,0.07959092572011095
25,0.7,-14.974874371859297,0.08312472336945277
26,0.7,-14.773869346733669,0.08685124333677806
27,0.7,-14.57286432160804,0.0907800830896218
28,0.7,-14.371859296482413,0.09492150806308439
29,0.7,-14.170854271356784,0.09928985478842106
30,0.7,-13.969849246231156,0.10389697360967994
31,0.7,-13.768844221105528,0.10875726387174857
32,0.7,-13.5678391959799,0.11388529635141742
33,0.7,-13.366834170854272,0.11929729303160716
34,0.7,-13.165829145728644,0.12501056687508147
35,0.7,-12.964824120603016,0.13104312609131624
36,0.7,-12.763819095477388,0.13741627982631135
37,0.7,-12.56281407035176,0.14414994639426698
38,0.7,-12.361809045226131,0.15126680012986785
39,0.7,-12.160804020100503,0.15878958787872777
40,0.7,-11.959798994974873,0.1667467242069043
41,0.7,-11.758793969849245,0.17516089977287058
42,0.7,-11.557788944723617,0.18406304809986035
43,0.7,-11.356783919597989,0.1934857628387506
44,0.7,-11.15577889447236,0.20345417316281228
45,0.7,-10.954773869346733,0.21400606573385364
46,0.7,-10.753768844221105,0.2251708234168658
47,0.7,-10.552763819095476,0.23698484412027787
48,0.7,-10.351758793969848,0.24947849186563437
49,0.7,-10.15075376884422,0.2626872303324333
50,0.7,-9.949748743718592,0.2766432038517341
51,0.7,-9.748743718592964,0.2913717860801776
52,0.7,-9.547738693467336,0.3069000065349343
53,0.7,-9.346733668341708,0.3232464846644921
54,0.7,-9.14572864321608,0.3404245039903791
55,0.7,-8.944723618090451,0.35842892489366346
56,0.7,-8.743718592964823,0.3772507936513822
57,0.7,-8.542713567839195,0.3968670492286877
58,0.7,-8.341708542713567,0.41722822271732496
59,0.7,-8.140703517587939,0.43827095109072994
60,0.7,-7.939698492462311,0.45990681635203934
61,0.7,-7.738693467336683,0.4820210989535398
62,0.7,-7.537688442211055,0.5044767446574896
63,0.7,-7.3366834170854265,0.527117050236497
64,0.7,-7.135678391959798,0.549758634279203
65,0.7,-6.93467336683417,0.5721990870349752
66,0.7,-6.733668341708542,0.5942354997023285
67,0.7,-6.532663316582914,0.6156460981062127
68,0.7,-6.331658291457286,0.636222720323412
69,0.7,-6.130653266331658,0.655760114583832
70,0.7,-5.92964824120603,0.6740840309918513
71,0.7,-5.7286432160804015,0.6910357429914948
72,0.7,-5.527638190954773,0.7064954005322173
73,0.7,-5.326633165829145,0.7203773904820402
74,0.7,-5.125628140703517,0.7326327435874369
75,0.7,-4.924623115577889,0.7432526541389041
76,0.7,-4.723618090452261,0.7522686999206545
77,0.7,-4.522613065326633,0.7597369094492215
78,0.7,-4.321608040201005,0.7657448839529002
79,0.7,-4.1206030150753765,0.7703982113758776
80,0.7,-3.9195979899497466,0.7738215717778226
81,0.7,-3.7185929648241185,0.7761485607348589
82,0.7,-3.5175879396984904,0.7775177699922591
83,0.7,-3.3165829145728623,0.7780677983000355
84,0.7,-3.115577889447234,0.7779341302637184
85,0.7,-2.914572864321606,0.777246088486973
86,0.7,-2.713567839195978,0.7761247775039419
87,0.7,-2.5125628140703498,0.7746817423189433
88,0.7,-2.3115577889447216,0.7730184610515842
89,0.7,-2.1105527638190935,0.7712259658844922
90,0.7,-1.9095477386934654,0.7693849739206721
91,0.7,-1.7085427135678373,0.7675665253565809
92,0.7,-1.5075376884422091,0.7658321745450201
93,0.7,-1.306532663316581,0.7642337620640126
94,0.7,-1.105527638190953,0.7628186145639395
95,0.7,-0.9045226130653248,0.7616228524489892
96,0.7,-0.7035175879396967,0.7606782399379645
97,0.7,-0.5025125628140685,0.7600091549637998
98,0.7,-0.3015075376884404,0.7596348495028977
99,0.7,-0.10050251256281229,0.7595690614588767
100,0.7,0.10050251256281584,0.7598203167456762
101,0.7,0.30150753768844396,0.7603920651309477
102,0.7,0.5025125628140721,0.7612830249472118
103,0.7,0.7035175879397002,0.7624859833140119
104,0.7,0.9045226130653283,0.7639882367041675
105,0.7,1.1055276381909565,0.7657727750407268
106,0.7,1.3065326633165846,0.767811688671755
107,0.7,1.5075376884422127,0.7700741130760723
108,0.7,1.7085427135678408,0.7725193165036144
109,0.7,1.909547738693469,0.7750978386979316
110,0.7,2.110552763819097,0.7777507013719838
111,0.7,2.311557788944725,0.780405988551115
112,0.7,2.5125628140703533,0.7829854680036089
113,0.7,2.7135678391959814,0.7853937205306077
114,0.7,2.9145728643216096,0.787524446635131
115,0.7,3.1155778894472377,0.7892585466319156
116,0.7,3.316582914572866,0.7904649154217404
117,0.7,3.517587939698494,0.7910017996441532
118,0.7,3.718592964824122,0.7907184971323068
119,0.7,3.91959798994975,0.7894588535031313
120,0.7,4.120603015075378,0.787064810413535
121,0.7,4.321608040201006,0.7833818558598942
122,0.7,4.5226130653266345,0.7782663065191617
123,0.7,4.723618090452263,0.7715860646505833
124,0.7,4.924623115577891,0.7632352776140835
125,0.7,5.125628140703519,0.7531393359864619
126,0.7,5.326633165829147,0.7412560626699021
127,0.7,5.527638190954775,0.7275891101486787
128,0.7,5.728643216080403,0.7121724471473393
129,0.7,5.929648241206031,0.695096699257768
130,0.7,6.1306532663316595,0.6764918503686672
131,0.7,6.331658291457288,0.6565179710755829
132,0.7,6.532663316582916,0.6353811936166206
133,0.7,6.733668341708544,0.6132910776850126
134,0.7,6.934673366834172,0.5904903834710388
135,0.7,7.1356783919598,0.5672110610842029
136,0.7,7.336683417085428,0.5436884906422467
137,0.7,7.537688442211056,0.5201412259658734
138,0.7,7.7386934673366845,0.49677118582802837
139,0.7,7.939698492462313,0.47375103143882047
140,0.7,8.14070351758794,0.451235174485605
141,0.7,8.341708542713569,0.4293426067409582
142,0.7,8.542713567839197,0.40817473150865335
143,0.7,8.743718592964825,0.3877939254040035
144,0.7,8.944723618090453,0.36825470141776956
145,0.7,9.145728643216081,0.349583143200918
146,0.7,9.34673366834171,0.3317864606908076
147,0.7,9.547738693467338,0.3148639541732258
148,0.7,9.748743718592966,0.29880643304554944
149,0.7,9.949748743718594,0.28358768545232527
150,0.7,10.150753768844222,0.26918333499370156
151,0.7,10.35175879396985,0.255560213405767
152,0.7,10.552763819095478,0.24268423020855698
153,0.7,10.753768844221106,0.2305200050596065
154,0.7,10.954773869346734,0.219030172617419
155,0.7,11.155778894472363,0.20818029509445196
156,0.7,11.35678391959799,0.1979364236160688
157,0.7,11.557788944723619,0.1882591275859035
158,0.7,11.758793969849247,0.17911880033421904
159,0.7,11.959798994974875,0.1704845124381706
160,0.7,12.160804020100507,0.16232336659971233
161,0.7,12.361809045226131,0.15460853098294863
162,0.7,12.562814070351763,0.1473142441601315
163,0.7,12.763819095477388,0.1404132468915947
164,0.7,12.96482412060302,0.133882215319709
165,0.7,13.165829145728644,0.12770120917942984
166,0.7,13.366834170854275,0.12184690991806837
167,0.7,13.5678391959799,0.11630220696006288
168,0.7,13.768844221105532,0.11104651160880355
169,0.7,13.969849246231156,0.10606518103337953
170,0.7,14.170854271356788,0.10134064703828005
171,0.7,14.371859296482413,0.09685994699426556
172,0.7,14.572864321608044,0.09260857107108729
173,0.7,14.773869346733669,0.08857420568307196
174,0.7,14.9748743718593,0.08474232695690105
175,0.7,15.175879396984925,0.08110517173169735
176,0.7,15.376884422110557,0.0776520512147729
177,0.7,15.577889447236181,0.07437258656057674
178,0.7,15.778894472361813,0.07125721249120423
179,0.7,15.979899497487438,0.06829888768310383
180,0.7,16.18090452261307,0.06548883114195034
181,0.7,16.381909547738694,0.06282140158324823
182,0.7,16.582914572864325,0.06028929424236769
183,0.7,16.78391959798995,0.05788628743538072
184,0.7,16.98492462311558,0.05560588385579911
185,0.7,17.185929648241206,0.0534441929486924
186,0.7,17.386934673366838,0.051395002189711485
187,0.7,17.587939698492463,0.04945488675881886
188,0.7,17.788944723618094,0.04761888339801779
189,0.7,17.98994974874372,0.045883409124567794
190,0.7,18.19095477386935,0.04424500605080738
191,0.7,18.391959798994975,0.04269982279177052
192,0.7,18.592964824120607,0.04124530777386368
193,0.7,18.79396984924623,0.03987697120261794
194,0.7,18.994974874371863,0.03859337525692849
195,0.7,19.195979899497488,0.03739123562606488
196,0.7,19.39698492462312,0.036268073808162514
197,0.7,19.597989949748744,0.03522073258650269
198,0.7,19.798994974874375,0.03424633537849117
199,0.7,20.0,0.033342288372067694
