,t,height,fid
0,0.3,-20.0,0.15893810030090663
1,0.3,-19.798994974874372,0.16296463321289117
2,0.3,-19.597989949748744,0.1671156535847746
3,0.3,-19.396984924623116,0.1713939589029019
4,0.3,-19.195979899497488,0.1758061539895665
5,0.3,-18.99497487437186,0.18035701014563071
6,0.3,-18.79396984924623,0.18505091546838645
7,0.3,-18.592964824120603,0.1898933576596573
8,0.3,-18.391959798994975,0.19488899292032705
9,0.3,-18.190954773869347,0.2000430224238037
10,0.3,-17.98994974874372,0.20535967074643494
11,0.3,-17.78894472361809,0.2108475207002723
12,0.3,-17.587939698492463,0.21651082298691146
13,0.3,-17.386934673366834,0.22235386176707495
14,0.3,-17.185929648241206,0.2283847579059072
15,0.3,-16.984924623115578,0.2346075542193244
16,0.3,-16.78391959798995,0.24102821576637312
17,0.3,-16.582914572864322,0.24765230849072092
18,0.3,-16.381909547738694,0.2544875631461005
19,0.3,-16.180904522613066,0.2615364224490227
20,0.3,-15.979899497487438,0.2688078497647394
21,0.3,-15.77889447236181,0.27630456701420003
22,0.3,-15.577889447236181,0.2840310758987273
23,0.3,-15.376884422110553,0.2919930881822459
24,0.3,-15.175879396984925,0.30019752334049665
25,0.3,-14.974874371859297,0.3086410361666025
26,0.3,-14.773869346733669,0.31733262128159256
27,0.3,-14.57286432160804,0.3262730919488698
28,0.3,-14.371859296482413,0.33546384463265716
29,0.3,-14.170854271356784,0.3449028611630743
30,0.3,-13.969849246231156,0.35458988538199177
31,0.3,-13.768844221105528,0.3645236346069489
32,0.3,-13.5678391959799,0.3747021653655925
33,0.3,-13.366834170854272,0.385117977091776
34,0.3,-13.165829145728644,0.3957666591533066
35,0.3,-12.964824120603016,0.4066403437375184
36,0.3,-12.763819095477388,0.41772429638930036
37,0.3,-12.56281407035176,0.4290086740827013
38,0.3,-12.361809045226131,0.4404817483399399
39,0.3,-12.160804020100503,0.45212265913810357
40,0.3,-11.959798994974873,0.4639152459648224
41,0.3,-11.758793969849245,0.4758328806304902
42,0.3,-11.557788944723617,0.4878589387439459
43,0.3,-11.356783919597989,0.4999637292738623
44,0.3,-11.15577889447236,0.5121184979462688
45,0.3,-10.954773869346733,0.5242961358644389
46,0.3,-10.753768844221105,0.5364643912503336
47,0.3,-10.552763819095476,0.5485894689711831
48,0.3,-10.351758793969848,0.560635518853561
49,0.3,-10.15075376884422,0.5725683262054815
50,0.3,-9.949748743718592,0.5843546379111496
51,0.3,-9.748743718592964,0.5959535159054382
52,0.3,-9.547738693467336,0.6073289808709191
53,0.3,-9.346733668341708,0.6184489853051948
54,0.3,-9.14572864321608,0.6292762391202477
55,0.3,-8.944723618090451,0.6397780787770883
56,0.3,-8.743718592964823,0.6499236373569112
57,0.3,-8.542713567839195,0.6596828219454719
58,0.3,-8.341708542713567,0.6690323086566422
59,0.3,-8.140703517587939,0.6779505644370603
60,0.3,-7.939698492462311,0.6864094371448218
61,0.3,-7.738693467336683,0.6944015224394815
62,0.3,-7.537688442211055,0.701911523928044
63,0.3,-7.3366834170854265,0.7089313980471716
64,0.3,-7.135678391959798,0.7154567401838259
65,0.3,-6.93467336683417,0.7214869109309258
66,0.3,-6.733668341708542,0.7270251665609025
67,0.3,-6.532663316582914,0.7320784201985646
68,0.3,-6.331658291457286,0.7366557702104383
69,0.3,-6.130653266331658,0.740770579007477
70,0.3,-5.92964824120603,0.7444437539732517
71,0.3,-5.7286432160804015,0.747691310587179
72,0.3,-5.527638190954773,0.7505343300273414
73,0.3,-5.326633165829145,0.7529957215629096
74,0.3,-5.125628140703517,0.7550999547989634
75,0.3,-4.924623115577889,0.7568723159084643
76,0.3,-4.723618090452261,0.7583389750016868
77,0.3,-4.522613065326633,0.7595265803363703
78,0.3,-4.321608040201005,0.7604615914215691
79,0.3,-4.1206030150753765,0.7611704367579969
80,0.3,-3.9195979899497466,0.7616789751682427
81,0.3,-3.7185929648241185,0.762012380248553
82,0.3,-3.5175879396984904,0.7621950358845595
83,0.3,-3.3165829145728623,0.7622501200477154
84,0.3,-3.115577889447234,0.7621997513999822
85,0.3,-2.914572864321606,0.7620647657677254
86,0.3,-2.713567839195978,0.7618644477078057
87,0.3,-2.5125628140703498,0.7616170324301875
88,0.3,-2.3115577889447216,0.7613390724761526
89,0.3,-2.1105527638190935,0.7610457472690321
90,0.3,-1.9095477386934654,0.7607507648141957
91,0.3,-1.7085427135678373,0.7604664374762523
92,0.3,-1.5075376884422091,0.7602035285017461
93,0.3,-1.306532663316581,0.7599715897926
94,0.3,-1.105527638190953,0.7597788417176244
95,0.3,-0.9045226130653248,0.7596318098113057
96,0.3,-0.7035175879396967,0.7595362713667871
97,0.3,-0.5025125628140685,0.7594963004267241
98,0.3,-0.3015075376884404,0.7595144109583365
99,0.3,-0.10050251256281229,0.7595926620569042
100,0.3,0.10050251256281584,0.7597315245312547
101,0.3,0.30150753768844396,0.759930175687071
102,0.3,0.5025125628140721,0.7601865537202719
103,0.3,0.7035175879397002,0.7604969858560247
104,0.3,0.9045226130653283,0.7608574119681484
105,0.3,1.1055276381909565,0.7612623089810364
106,0.3,1.3065326633165846,0.7617041431439538
107,0.3,1.5075376884422127,0.7621749698917379
108,0.3,1.7085427135678408,0.7626652629341358
109,0.3,1.909547738693469,0.7631639198796506
110,0.3,2.110552763819097,0.7636589231979161
111,0.3,2.311557788944725,0.7641367375769137
112,0.3,2.5125628140703533,0.7645824517850852
113,0.3,2.7135678391959814,0.7649798659016633
114,0.3,2.9145728643216096,0.7653115019725623
115,0.3,3.1155778894472377,0.7655583086851656
116,0.3,3.316582914572866,0.7657014242693413
117,0.3,3.517587939698494,0.7657174750253917
118,0.3,3.718592964824122,0.7655840261991245
119,0.3,3.91959798994975,0.7652798476158695
120,0.3,4.120603015075378,0.7647796430528677
121,0.3,4.321608040201006,0.7640583994303385
122,0.3,4.5226130653266345,0.7630908168858873
123,0.3,4.723618090452263,0.7618511511628758
124,0.3,4.924623115577891,0.7603136766759978
125,0.3,5.125628140703519,0.7584528604378892
126,0.3,5.326633165829147,0.7562436739233154
127,0.3,5.527638190954775,0.7536621634107015
128,0.3,5.728643216080403,0.7506852770737279
129,0.3,5.929648241206031,0.7472916939730277
130,0.3,6.1306532663316595,0.7434618762778088
131,0.3,6.331658291457288,0.739180155320592
132,0.3,6.532663316582916,0.7344315737343756
133,0.3,6.733668341708544,0.7292000404292824
134,0.3,6.934673366834172,0.7234795363549432
135,0.3,7.1356783919598,0.7172647150810052
136,0.3,7.336683417085428,0.7105538485782465
137,0.3,7.537688442211056,0.703348927460738
138,0.3,7.7386934673366845,0.6956556445965758
139,0.3,7.939698492462313,0.6874831790195685
140,0.3,8.14070351758794,0.6788478776765172
141,0.3,8.341708542713569,0.6697578478908058
142,0.3,8.542713567839197,0.660242603809271
143,0.3,8.743718592964825,0.650322362644955
144,0.3,8.944723618090453,0.64002541024796
145,0.3,9.145728643216081,0.6293780854808657
146,0.3,9.34673366834171,0.6184129307250456
147,0.3,9.547738693467338,0.6071629982307406
148,0.3,9.748743718592966,0.5956657165702011
149,0.3,9.949748743718594,0.5839532563664933
150,0.3,10.150753768844222,0.5720616981148373
151,0.3,10.35175879396985,0.5600319764634263
152,0.3,10.552763819095478,0.547897342307604
153,0.3,10.753768844221106,0.5356919599640113
154,0.3,10.954773869346734,0.5234515687561804
155,0.3,11.155778894472363,0.5112098237526177
156,0.3,11.35678391959799,0.4989988131745536
157,0.3,11.557788944723619,0.48684544226380216
158,0.3,11.758793969849247,0.4747782392562187
159,0.3,11.959798994974875,0.46282667221423185
160,0.3,12.160804020100507,0.4510069773076004
161,0.3,12.361809045226131,0.4393455796743056
162,0.3,12.562814070351763,0.42785824889482216
163,0.3,12.763819095477388,0.4165654657089717
164,0.3,12.96482412060302,0.40547791037659225
165,0.3,13.165829145728644,0.3946072069830817
166,0.3,13.366834170854275,0.38396547227090677
167,0.3,13.5678391959799,0.37356094080996577
168,0.3,13.768844221105532,0.36339760740366084
169,0.3,13.969849246231156,0.35348255345203666
170,0.3,14.170854271356788,0.343817346190326
171,0.3,14.371859296482413,0.33440288176269223
172,0.3,14.572864321608044,0.3252389799496211
173,0.3,14.773869346733669,0.31632754484140596
174,0.3,14.9748743718593,0.307666710046207
175,0.3,15.175879396984925,0.29925434925106137
176,0.3,15.376884422110557,0.2910836362064309
177,0.3,15.577889447236181,0.28315547786732737
178,0.3,15.778894472361813,0.27546337361116513
179,0.3,15.979899497487438,0.2680013966287796
180,0.3,16.18090452261307,0.26076485056605897
181,0.3,16.381909547738694,0.25375080948275414
182,0.3,16.582914572864325,0.24695018917184017
183,0.3,16.78391959798995,0.24035979387702955
184,0.3,16.98492462311558,0.23397353975429466
185,0.3,17.185929648241206,0.22778400511900188
186,0.3,17.386934673366838,0.22178571794477883
187,0.3,17.587939698492463,0.2159745742318553
188,0.3,17.788944723618094,0.21034238969331706
189,0.3,17.98994974874372,0.20488483417947775
190,0.3,18.19095477386935,0.19959762426352082
191,0.3,18.391959798994975,0.1944721702067844
192,0.3,18.592964824120607,0.18950423324096047
193,0.3,18.79396984924623,0.1846880997000657
194,0.3,18.994974874371863,0.18002047215244504
195,0.3,19.195979899497488,0.1754945925344715
196,0.3,19.39698492462312,0.171106471440918
197,0.3,19.597989949748744,0.16685135527116243
198,0.3,19.798994974874375,0.16272266522447731
199,0.3,20.0,0.15871761580367777
