,t,height,fid
0,1.5499999999999996,-20.0,0.19656570345386598
1,1.5499999999999996,-19.798994974874372,0.18934795653116662
2,1.5499999999999996,-19.597989949748744,0.21226755460396726
3,1.5499999999999996,-19.396984924623116,0.24261434805845453
4,1.5499999999999996,-19.195979899497488,0.24995360469021952
5,1.5499999999999996,-18.99497487437186,0.2183051175727753
6,1.5499999999999996,-18.79396984924623,0.15977019489756095
7,1.5499999999999996,-18.592964824120603,0.10728155961728628
8,1.5499999999999996,-18.391959798994975,0.08916459071638193
9,1.5499999999999996,-18.190954773869347,0.10472493675466382
10,1.5499999999999996,-17.98994974874372,0.12354054347777527
11,1.5499999999999996,-17.78894472361809,0.11299470912224499
12,1.5499999999999996,-17.587939698492463,0.07057793928341907
13,1.5499999999999996,-17.386934673366834,0.027080564636890958
14,1.5499999999999996,-17.185929648241206,0.01344143315372458
15,1.5499999999999996,-16.984924623115578,0.026587243461675555
16,1.5499999999999996,-16.78391959798995,0.03613056335428268
17,1.5499999999999996,-16.582914572864322,0.024338155431726384
18,1.5499999999999996,-16.381909547738694,0.005703805205884168
19,1.5499999999999996,-16.180904522613066,0.0010128911418636217
20,1.5499999999999996,-15.979899497487438,0.00813664082533622
21,1.5499999999999996,-15.77889447236181,0.011845761405079081
22,1.5499999999999996,-15.577889447236181,0.00880842017571207
23,1.5499999999999996,-15.376884422110553,0.006660862315996166
24,1.5499999999999996,-15.175879396984925,0.008095559359482259
25,1.5499999999999996,-14.974874371859297,0.009688977769419361
26,1.5499999999999996,-14.773869346733669,0.010055674219850035
27,1.5499999999999996,-14.57286432160804,0.010438897537521578
28,1.5499999999999996,-14.371859296482413,0.011274908958383347
29,1.5499999999999996,-14.170854271356784,0.012177127427983681
30,1.5499999999999996,-13.969849246231156,0.013064806177824509
31,1.5499999999999996,-13.768844221105528,0.014039604058498245
32,1.5499999999999996,-13.5678391959799,0.01511639485186791
33,1.5499999999999996,-13.366834170854272,0.016283726036597744
34,1.5499999999999996,-13.165829145728644,0.01755025465267857
35,1.5499999999999996,-12.964824120603016,0.018924420891931082
36,1.5499999999999996,-12.763819095477388,0.02041212892557992
37,1.5499999999999996,-12.56281407035176,0.022018827293497807
38,1.5499999999999996,-12.361809045226131,0.0237501765044609
39,1.5499999999999996,-12.160804020100503,0.025606785523657884
40,1.5499999999999996,-11.959798994974873,0.027586202473148032
41,1.5499999999999996,-11.758793969849245,0.029683753944245828
42,1.5499999999999996,-11.557788944723617,0.03189446779813861
43,1.5499999999999996,-11.356783919597989,0.03421583466517412
44,1.5499999999999996,-11.15577889447236,0.03665517783105995
45,1.5499999999999996,-10.954773869346733,0.039237035323408165
46,1.5499999999999996,-10.753768844221105,0.04200898239028344
47,1.5499999999999996,-10.552763819095476,0.04504208955689249
48,1.5499999999999996,-10.351758793969848,0.0484351511824486
49,1.5499999999999996,-10.15075376884422,0.05230474282448904
50,1.5499999999999996,-9.949748743718592,0.05678180384236254
51,1.5499999999999996,-9.748743718592964,0.062000340313667905
52,1.5499999999999996,-9.547738693467336,0.06809351570967981
53,1.5499999999999996,-9.346733668341708,0.07518663979628672
54,1.5499999999999996,-9.14572864321608,0.08339602991643194
55,1.5499999999999996,-8.944723618090451,0.09283552929178772
56,1.5499999999999996,-8.743718592964823,0.1036175268029475
57,1.5499999999999996,-8.542713567839195,0.11586309881153549
58,1.5499999999999996,-8.341708542713567,0.12970806851861066
59,1.5499999999999996,-8.140703517587939,0.1453151751391884
60,1.5499999999999996,-7.939698492462311,0.16287356971016761
61,1.5499999999999996,-7.738693467336683,0.18260772877988704
62,1.5499999999999996,-7.537688442211055,0.20478617887534248
63,1.5499999999999996,-7.3366834170854265,0.22971314094824716
64,1.5499999999999996,-7.135678391959798,0.2577219074457462
65,1.5499999999999996,-6.93467336683417,0.2891697699918002
66,1.5499999999999996,-6.733668341708542,0.3243993300648561
67,1.5499999999999996,-6.532663316582914,0.3636921254227036
68,1.5499999999999996,-6.331658291457286,0.40718303469075595
69,1.5499999999999996,-6.130653266331658,0.4547604865274024
70,1.5499999999999996,-5.92964824120603,0.5059286820069407
71,1.5499999999999996,-5.7286432160804015,0.5596975379913163
72,1.5499999999999996,-5.527638190954773,0.6145279747524337
73,1.5499999999999996,-5.326633165829145,0.668408407703918
74,1.5499999999999996,-5.125628140703517,0.7190805437714528
75,1.5499999999999996,-4.924623115577889,0.7643496101172413
76,1.5499999999999996,-4.723618090452261,0.8024712273513066
77,1.5499999999999996,-4.522613065326633,0.8323847602440828
78,1.5499999999999996,-4.321608040201005,0.8538313240190609
79,1.5499999999999996,-4.1206030150753765,0.867273234282105
80,1.5499999999999996,-3.9195979899497466,0.873710933062378
81,1.5499999999999996,-3.7185929648241185,0.8744306557850743
82,1.5499999999999996,-3.5175879396984904,0.8707927806231502
83,1.5499999999999996,-3.3165829145728623,0.864067176897353
84,1.5499999999999996,-3.115577889447234,0.8553474801597681
85,1.5499999999999996,-2.914572864321606,0.845509731190844
86,1.5499999999999996,-2.713567839195978,0.8352246024248022
87,1.5499999999999996,-2.5125628140703498,0.8249820632825284
88,1.5499999999999996,-2.3115577889447216,0.8151211592374673
89,1.5499999999999996,-2.1105527638190935,0.8058686412846231
90,1.5499999999999996,-1.9095477386934654,0.7973668744950686
91,1.5499999999999996,-1.7085427135678373,0.7896984926792809
92,1.5499999999999996,-1.5075376884422091,0.7829052424819148
93,1.5499999999999996,-1.306532663316581,0.7770029403834939
94,1.5499999999999996,-1.105527638190953,0.771986363274244
95,1.5499999999999996,-0.9045226130653248,0.7678456407853528
96,1.5499999999999996,-0.7035175879396967,0.7645640800705025
97,1.5499999999999996,-0.5025125628140685,0.7621281629204233
98,1.5499999999999996,-0.3015075376884404,0.7605233480215866
99,1.5499999999999996,-0.10050251256281229,0.7597398799789358
100,1.5499999999999996,0.10050251256281584,0.7597739336572457
101,1.5499999999999996,0.30150753768844396,0.7606265428592865
102,1.5499999999999996,0.5025125628140721,0.7623051220697876
103,1.5499999999999996,0.7035175879397002,0.7648236229241893
104,1.5499999999999996,0.9045226130653283,0.7682004868599314
105,1.5499999999999996,1.1055276381909565,0.772455367689325
106,1.5499999999999996,1.3065326633165846,0.7776122499038444
107,1.5499999999999996,1.5075376884422127,0.7836896220759095
108,1.5499999999999996,1.7085427135678408,0.7907033512615049
109,1.5499999999999996,1.909547738693469,0.7986499487389892
110,1.5499999999999996,2.110552763819097,0.8075016595575895
111,1.5499999999999996,2.311557788944725,0.8171910065539653
112,1.5499999999999996,2.5125628140703533,0.8275909897516763
113,1.5499999999999996,2.7135678391959814,0.8384904867047299
114,1.5499999999999996,2.9145728643216096,0.8495590640545096
115,1.5499999999999996,3.1155778894472377,0.8603119396550238
116,1.5499999999999996,3.316582914572866,0.8700736529711929
117,1.5499999999999996,3.517587939698494,0.877944057236497
118,1.5499999999999996,3.718592964824122,0.882783737752049
119,1.5499999999999996,3.91959798994975,0.8832524534889726
120,1.5499999999999996,4.120603015075378,0.8778941977356028
121,1.5499999999999996,4.321608040201006,0.8653061391691625
122,1.5499999999999996,4.5226130653266345,0.8443820412221705
123,1.5499999999999996,4.723618090452263,0.8145726340051735
124,1.5499999999999996,4.924623115577891,0.7761135479333304
125,1.5499999999999996,5.125628140703519,0.7301043113984296
126,1.5499999999999996,5.326633165829147,0.6784048804375021
127,1.5499999999999996,5.527638190954775,0.6233532606103885
128,1.5499999999999996,5.728643216080403,0.5673723035764987
129,1.5499999999999996,5.929648241206031,0.5125990630509847
130,1.5499999999999996,6.1306532663316595,0.4606486575501698
131,1.5499999999999996,6.331658291457288,0.41253757466859325
132,1.5499999999999996,6.532663316582916,0.3687547821113961
133,1.5499999999999996,6.733668341708544,0.3293804517086585
134,1.5499999999999996,6.934673366834172,0.29423321841700506
135,1.5499999999999996,7.1356783919598,0.2629969593745363
136,1.5499999999999996,7.336683417085428,0.23529017151955714
137,1.5499999999999996,7.537688442211056,0.2107237343597567
138,1.5499999999999996,7.7386934673366845,0.18893491383007374
139,1.5499999999999996,7.939698492462313,0.16958724683558785
140,1.5499999999999996,8.14070351758794,0.15238465166155932
141,1.5499999999999996,8.341708542713569,0.13707384808464676
142,1.5499999999999996,8.542713567839197,0.12343533429857449
143,1.5499999999999996,8.743718592964825,0.11127988851711346
144,1.5499999999999996,8.944723618090453,0.10044756734947206
145,1.5499999999999996,9.145728643216081,0.09079878294885456
146,1.5499999999999996,9.34673366834171,0.08221258294105142
147,1.5499999999999996,9.547738693467338,0.07458280459855941
148,1.5499999999999996,9.748743718592966,0.0678066652358
149,1.5499999999999996,9.949748743718594,0.06179362004557485
150,1.5499999999999996,10.150753768844222,0.056453393189468105
151,1.5499999999999996,10.35175879396985,0.051699193925092785
152,1.5499999999999996,10.552763819095478,0.04745062942627504
153,1.5499999999999996,10.753768844221106,0.04363329742112984
154,1.5499999999999996,10.954773869346734,0.04018141915023172
155,1.5499999999999996,11.155778894472363,0.037040240501951746
156,1.5499999999999996,11.35678391959799,0.034165141420328095
157,1.5499999999999996,11.557788944723619,0.03152213398076555
158,1.5499999999999996,11.758793969849247,0.029087532901561484
159,1.5499999999999996,11.959798994974875,0.026842298850622635
160,1.5499999999999996,12.160804020100507,0.02477065154340841
161,1.5499999999999996,12.361809045226131,0.022862375891293144
162,1.5499999999999996,12.562814070351763,0.02110582475413607
163,1.5499999999999996,12.763819095477388,0.019490590620228534
164,1.5499999999999996,12.96482412060302,0.018005663802371393
165,1.5499999999999996,13.165829145728644,0.01664110388090669
166,1.5499999999999996,13.366834170854275,0.015388896188812246
167,1.5499999999999996,13.5678391959799,0.014237332172328723
168,1.5499999999999996,13.768844221105532,0.013175898958241521
169,1.5499999999999996,13.969849246231156,0.012215021158884872
170,1.5499999999999996,14.170854271356788,0.011350837279203347
171,1.5499999999999996,14.371859296482413,0.010467203943765064
172,1.5499999999999996,14.572864321608044,0.009609521409678096
173,1.5499999999999996,14.773869346733669,0.009227581056762607
174,1.5499999999999996,14.9748743718593,0.008980161661936084
175,1.5499999999999996,15.175879396984925,0.007419772939897684
176,1.5499999999999996,15.376884422110557,0.005737273366358227
177,1.5499999999999996,15.577889447236181,0.007826439857186838
178,1.5499999999999996,15.778894472361813,0.01140769555948716
179,1.5499999999999996,15.979899497487438,0.008167155690323908
180,1.5499999999999996,16.18090452261307,0.0007502335093472303
181,1.5499999999999996,16.381909547738694,0.005103487604346405
182,1.5499999999999996,16.582914572864325,0.024466042224069742
183,1.5499999999999996,16.78391959798995,0.03799632800702341
184,1.5499999999999996,16.98492462311558,0.0302886776009627
185,1.5499999999999996,17.185929648241206,0.018283043715904758
186,1.5499999999999996,17.386934673366838,0.03202659300571014
187,1.5499999999999996,17.587939698492463,0.07510730802277833
188,1.5499999999999996,17.788944723618094,0.11815299732276982
189,1.5499999999999996,17.98994974874372,0.13172531409403615
190,1.5499999999999996,18.19095477386935,0.11743390034835328
191,1.5499999999999996,18.391959798994975,0.1046672281964574
192,1.5499999999999996,18.592964824120607,0.12111489791691944
193,1.5499999999999996,18.79396984924623,0.16833147007831892
194,1.5499999999999996,18.994974874371863,0.22244594010586574
195,1.5499999999999996,19.195979899497488,0.25503726203666105
196,1.5499999999999996,19.39698492462312,0.2544847392553198
197,1.5499999999999996,19.597989949748744,0.23225879303781413
198,1.5499999999999996,19.798994974874375,0.2124119928895635
199,1.5499999999999996,20.0,0.21427102925124494
