,t,height,fid
0,1.0999999999999999,-20.0,0.005166577620533701
1,1.0999999999999999,-19.798994974874372,0.005724531265171847
2,1.0999999999999999,-19.597989949748744,0.006835713061145191
3,1.0999999999999999,-19.396984924623116,0.007665207171352987
4,1.0999999999999999,-19.195979899497488,0.008051643415548473
5,1.0999999999999999,-18.99497487437186,0.008269743491384794
6,1.0999999999999999,-18.79396984924623,0.00858057253167181
7,1.0999999999999999,-18.592964824120603,0.009038751432108692
8,1.0999999999999999,-18.391959798994975,0.009574019837632206
9,1.0999999999999999,-18.190954773869347,0.010114962001282831
10,1.0999999999999999,-17.98994974874372,0.010631787359856789
11,1.0999999999999999,-17.78894472361809,0.011111943497247898
12,1.0999999999999999,-17.587939698492463,0.011539336853096339
13,1.0999999999999999,-17.386934673366834,0.011893409358513676
14,1.0999999999999999,-17.185929648241206,0.012159394365505055
15,1.0999999999999999,-16.984924623115578,0.012337400493173768
16,1.0999999999999999,-16.78391959798995,0.012442397051709245
17,1.0999999999999999,-16.582914572864322,0.012506164729100013
18,1.0999999999999999,-16.381909547738694,0.012574647333349776
19,1.0999999999999999,-16.180904522613066,0.012704441772365791
20,1.0999999999999999,-15.979899497487438,0.012957542663608173
21,1.0999999999999999,-15.77889447236181,0.013396472247953537
22,1.0999999999999999,-15.577889447236181,0.014076758922211339
23,1.0999999999999999,-15.376884422110553,0.015046057429212807
24,1.0999999999999999,-15.175879396984925,0.01633740159731709
25,1.0999999999999999,-14.974874371859297,0.01797092270300719
26,1.0999999999999999,-14.773869346733669,0.019950429177006006
27,1.0999999999999999,-14.57286432160804,0.0222674802963792
28,1.0999999999999999,-14.371859296482413,0.024906653768627357
29,1.0999999999999999,-14.170854271356784,0.027842045618390543
30,1.0999999999999999,-13.969849246231156,0.031045103368386034
31,1.0999999999999999,-13.768844221105528,0.03448961055138081
32,1.0999999999999999,-13.5678391959799,0.03814796900779486
33,1.0999999999999999,-13.366834170854272,0.04200060844776846
34,1.0999999999999999,-13.165829145728644,0.04603029284915125
35,1.0999999999999999,-12.964824120603016,0.050230602925493466
36,1.0999999999999999,-12.763819095477388,0.05459884391409161
37,1.0999999999999999,-12.56281407035176,0.05914154247003753
38,1.0999999999999999,-12.361809045226131,0.06387070045482732
39,1.0999999999999999,-12.160804020100503,0.06880698595456948
40,1.0999999999999999,-11.959798994974873,0.07397386848884088
41,1.0999999999999999,-11.758793969849245,0.07939995960700026
42,1.0999999999999999,-11.557788944723617,0.08512136652347764
43,1.0999999999999999,-11.356783919597989,0.09117645431716234
44,1.0999999999999999,-11.15577889447236,0.09760515545267408
45,1.0999999999999999,-10.954773869346733,0.10445632906189652
46,1.0999999999999999,-10.753768844221105,0.11177898526241038
47,1.0999999999999999,-10.552763819095476,0.11962851138641079
48,1.0999999999999999,-10.351758793969848,0.128062640000723
49,1.0999999999999999,-10.15075376884422,0.1371447871344258
50,1.0999999999999999,-9.949748743718592,0.14694491545542082
51,1.0999999999999999,-9.748743718592964,0.15753465970944183
52,1.0999999999999999,-9.547738693467336,0.16899842939257528
53,1.0999999999999999,-9.346733668341708,0.1814169108145357
54,1.0999999999999999,-9.14572864321608,0.1948892421948602
55,1.0999999999999999,-8.944723618090451,0.20951143027036598
56,1.0999999999999999,-8.743718592964823,0.22539323087669222
57,1.0999999999999999,-8.542713567839195,0.24264421483497384
58,1.0999999999999999,-8.341708542713567,0.26137653001903244
59,1.0999999999999999,-8.140703517587939,0.28170692385958257
60,1.0999999999999999,-7.939698492462311,0.30373869030933254
61,1.0999999999999999,-7.738693467336683,0.3275701256957599
62,1.0999999999999999,-7.537688442211055,0.3532685538628391
63,1.0999999999999999,-7.3366834170854265,0.3808640880137972
64,1.0999999999999999,-7.135678391959798,0.41033876258892577
65,1.0999999999999999,-6.93467336683417,0.4415922255606196
66,1.0999999999999999,-6.733668341708542,0.4744307849126851
67,1.0999999999999999,-6.532663316582914,0.5085493412766992
68,1.0999999999999999,-6.331658291457286,0.5435235046373723
69,1.0999999999999999,-6.130653266331658,0.5787999250345093
70,1.0999999999999999,-5.92964824120603,0.6137303099254634
71,1.0999999999999999,-5.7286432160804015,0.6475909802294268
72,1.0999999999999999,-5.527638190954773,0.6796460338015884
73,1.0999999999999999,-5.326633165829145,0.7091942747668222
74,1.0999999999999999,-5.125628140703517,0.7356390430408623
75,1.0999999999999999,-4.924623115577889,0.758537176570234
76,1.0999999999999999,-4.723618090452261,0.7776256884994601
77,1.0999999999999999,-4.522613065326633,0.7928270274461577
78,1.0999999999999999,-4.321608040201005,0.8042529386394132
79,1.0999999999999999,-4.1206030150753765,0.8121596032160494
80,1.0999999999999999,-3.9195979899497466,0.8169162849795214
81,1.0999999999999999,-3.7185929648241185,0.8189602898716445
82,1.0999999999999999,-3.5175879396984904,0.8187576729810183
83,1.0999999999999999,-3.3165829145728623,0.8167692902824438
84,1.0999999999999999,-3.115577889447234,0.8134289094981536
85,1.0999999999999999,-2.914572864321606,0.8091248398983465
86,1.0999999999999999,-2.713567839195978,0.8041952896893758
87,1.0999999999999999,-2.5125628140703498,0.798925175678284
88,1.0999999999999999,-2.3115577889447216,0.7935474752655933
89,1.0999999999999999,-2.1105527638190935,0.7882497905321946
90,1.0999999999999999,-1.9095477386934654,0.7831794119460339
91,1.0999999999999999,-1.7085427135678373,0.7784512961115634
92,1.0999999999999999,-1.5075376884422091,0.7741482181457691
93,1.0999999999999999,-1.306532663316581,0.7703352773359372
94,1.0999999999999999,-1.105527638190953,0.7670587445764526
95,1.0999999999999999,-0.9045226130653248,0.7643499626837841
96,1.0999999999999999,-0.7035175879396967,0.7622338387476835
97,1.0999999999999999,-0.5025125628140685,0.7607239315857905
98,1.0999999999999999,-0.3015075376884404,0.7598302774995855
99,1.0999999999999999,-0.10050251256281229,0.7595574322523382
100,1.0999999999999999,0.10050251256281584,0.7599075049612249
101,1.0999999999999999,0.30150753768844396,0.7608792637700557
102,1.0999999999999999,0.5025125628140721,0.7624686565048286
103,1.0999999999999999,0.7035175879397002,0.7646686201560012
104,1.0999999999999999,0.9045226130653283,0.7674689580140551
105,1.0999999999999999,1.1055276381909565,0.7708506695634915
106,1.0999999999999999,1.3065326633165846,0.7747907674873382
107,1.0999999999999999,1.5075376884422127,0.779254992606024
108,1.0999999999999999,1.7085427135678408,0.784194637462519
109,1.0999999999999999,1.909547738693469,0.7895480914849637
110,1.0999999999999999,2.110552763819097,0.7952269528821548
111,1.0999999999999999,2.311557788944725,0.8011164952912032
112,1.0999999999999999,2.5125628140703533,0.8070674462125821
113,1.0999999999999999,2.7135678391959814,0.8128891317553795
114,1.0999999999999999,2.9145728643216096,0.8183431386778939
115,1.0999999999999999,3.1155778894472377,0.82313712213142
116,1.0999999999999999,3.316582914572866,0.8269219816661232
117,1.0999999999999999,3.517587939698494,0.8292934978094552
118,1.0999999999999999,3.718592964824122,0.8297987388888246
119,1.0999999999999999,3.91959798994975,0.8279526967511782
120,1.0999999999999999,4.120603015075378,0.823262716969896
121,1.0999999999999999,4.321608040201006,0.8152642978648205
122,1.0999999999999999,4.5226130653266345,0.8035637277828634
123,1.0999999999999999,4.723618090452263,0.7878856544740951
124,1.0999999999999999,4.924623115577891,0.7681173314322454
125,1.0999999999999999,5.125628140703519,0.7443343252631551
126,1.0999999999999999,5.326633165829147,0.7168319269944188
127,1.0999999999999999,5.527638190954775,0.6860844406668781
128,1.0999999999999999,5.728643216080403,0.6527422001529263
129,1.0999999999999999,5.929648241206031,0.6175610354370762
130,1.0999999999999999,6.1306532663316595,0.5813291404847845
131,1.0999999999999999,6.331658291457288,0.5448168797691223
132,1.0999999999999999,6.532663316582916,0.5087117098616311
133,1.0999999999999999,6.733668341708544,0.47358997254570373
134,1.0999999999999999,6.934673366834172,0.43988712151608605
135,1.0999999999999999,7.1356783919598,0.4079097131765873
136,1.0999999999999999,7.336683417085428,0.37784059225295497
137,1.0999999999999999,7.537688442211056,0.34977172117666583
138,1.0999999999999999,7.7386934673366845,0.32370148700246765
139,1.0999999999999999,7.939698492462313,0.29959040515613616
140,1.0999999999999999,8.14070351758794,0.2773511387287017
141,1.0999999999999999,8.341708542713569,0.2568751599833444
142,1.0999999999999999,8.542713567839197,0.23804709920683617
143,1.0999999999999999,8.743718592964825,0.22074052785370563
144,1.0999999999999999,8.944723618090453,0.20483815215626217
145,1.0999999999999999,9.145728643216081,0.19022354554792054
146,1.0999999999999999,9.34673366834171,0.17678375120104814
147,1.0999999999999999,9.547738693467338,0.16441646637442403
148,1.0999999999999999,9.748743718592966,0.1530267630346487
149,1.0999999999999999,9.949748743718594,0.1425266993715591
150,1.0999999999999999,10.150753768844222,0.132835743101342
151,1.0999999999999999,10.35175879396985,0.1238824457437609
152,1.0999999999999999,10.552763819095478,0.11559762517284891
153,1.0999999999999999,10.753768844221106,0.10792008961497418
154,1.0999999999999999,10.954773869346734,0.10079306615704763
155,1.0999999999999999,11.155778894472363,0.0941672592346374
156,1.0999999999999999,11.35678391959799,0.08799357334608822
157,1.0999999999999999,11.557788944723619,0.08222678314953809
158,1.0999999999999999,11.758793969849247,0.07683105887836597
159,1.0999999999999999,11.959798994974875,0.07176942043628716
160,1.0999999999999999,12.160804020100507,0.06700798056804025
161,1.0999999999999999,12.361809045226131,0.06251959453116082
162,1.0999999999999999,12.562814070351763,0.058278680976205
163,1.0999999999999999,12.763819095477388,0.05426199277610832
164,1.0999999999999999,12.96482412060302,0.050452132941983995
165,1.0999999999999999,13.165829145728644,0.046837307356062674
166,1.0999999999999999,13.366834170854275,0.04340613988319044
167,1.0999999999999999,13.5678391959799,0.04015419886982915
168,1.0999999999999999,13.768844221105532,0.03708057274271267
169,1.0999999999999999,13.969849246231156,0.03418844227153656
170,1.0999999999999999,14.170854271356788,0.031482478630583344
171,1.0999999999999999,14.371859296482413,0.028971926059395272
172,1.0999999999999999,14.572864321608044,0.026664669643168035
173,1.0999999999999999,14.773869346733669,0.02456853682433674
174,1.0999999999999999,14.9748743718593,0.022689827248843688
175,1.0999999999999999,15.175879396984925,0.021030872107011565
176,1.0999999999999999,15.376884422110557,0.019587840368259956
177,1.0999999999999999,15.577889447236181,0.018350532944999335
178,1.0999999999999999,15.778894472361813,0.017302529365176716
179,1.0999999999999999,15.979899497487438,0.016420955731053705
180,1.0999999999999999,16.18090452261307,0.015678294461110322
181,1.0999999999999999,16.381909547738694,0.015043168782312755
182,1.0999999999999999,16.582914572864325,0.014483054554863447
183,1.0999999999999999,16.78391959798995,0.01396780151101056
184,1.0999999999999999,16.98492462311558,0.01347182965544415
185,1.0999999999999999,17.185929648241206,0.01297479659996186
186,1.0999999999999999,17.386934673366838,0.012465063973482956
187,1.0999999999999999,17.587939698492463,0.011938872242068913
188,1.0999999999999999,17.788944723618094,0.011400161857299144
189,1.0999999999999999,17.98994974874372,0.010856221955095368
190,1.0999999999999999,18.19095477386935,0.010307553437060264
191,1.0999999999999999,18.391959798994975,0.00974693503694527
192,1.0999999999999999,18.592964824120607,0.009188500594085732
193,1.0999999999999999,18.79396984924623,0.008701136120930987
194,1.0999999999999999,18.994974874371863,0.008377709598724085
195,1.0999999999999999,19.195979899497488,0.008182746449920005
196,1.0999999999999999,19.39698492462312,0.007828068297165723
197,1.0999999999999999,19.597989949748744,0.006957354022250967
198,1.0999999999999999,19.798994974874375,0.0056855627737781795
199,1.0999999999999999,20.0,0.004945037694371872
