,t,height,fid
0,1.0499999999999998,-20.0,0.009571485680098794
1,1.0499999999999998,-19.798994974874372,0.010373941618977776
2,1.0499999999999998,-19.597989949748744,0.011106953794069178
3,1.0499999999999998,-19.396984924623116,0.011765940610892854
4,1.0499999999999998,-19.195979899497488,0.012457156520769525
5,1.0499999999999998,-18.99497487437186,0.013255264248342747
6,1.0499999999999998,-18.79396984924623,0.014163144977119162
7,1.0499999999999998,-18.592964824120603,0.015143722510188582
8,1.0499999999999998,-18.391959798994975,0.01615006017827411
9,1.0499999999999998,-18.190954773869347,0.01713852916438194
10,1.0499999999999998,-17.98994974874372,0.018064873264135643
11,1.0499999999999998,-17.78894472361809,0.018886352364953812
12,1.0499999999999998,-17.587939698492463,0.019564989438258962
13,1.0499999999999998,-17.386934673366834,0.02007479377442082
14,1.0499999999999998,-17.185929648241206,0.020404808558720698
15,1.0499999999999998,-16.984924623115578,0.020560583900360876
16,1.0499999999999998,-16.78391959798995,0.020566360325610804
17,1.0499999999999998,-16.582914572864322,0.020460915959954258
18,1.0499999999999998,-16.381909547738694,0.020294713365362118
19,1.0499999999999998,-16.180904522613066,0.0201263440780339
20,1.0499999999999998,-15.979899497487438,0.020018139485244904
21,1.0499999999999998,-15.77889447236181,0.020030048967036793
22,1.0499999999999998,-15.577889447236181,0.020217781896220952
23,1.0499999999999998,-15.376884422110553,0.020629039061695637
24,1.0499999999999998,-15.175879396984925,0.02130221223160274
25,1.0499999999999998,-14.974874371859297,0.022265401517579178
26,1.0499999999999998,-14.773869346733669,0.023537233023886515
27,1.0499999999999998,-14.57286432160804,0.02512636742890928
28,1.0499999999999998,-14.371859296482413,0.02703494943913071
29,1.0499999999999998,-14.170854271356784,0.029257103330026544
30,1.0499999999999998,-13.969849246231156,0.031787660928451235
31,1.0499999999999998,-13.768844221105528,0.03461695828445343
32,1.0499999999999998,-13.5678391959799,0.03773443814977497
33,1.0499999999999998,-13.366834170854272,0.04113346199791146
34,1.0499999999999998,-13.165829145728644,0.04480619542713085
35,1.0499999999999998,-12.964824120603016,0.04875101035745726
36,1.0499999999999998,-12.763819095477388,0.05296862621918518
37,1.0499999999999998,-12.56281407035176,0.05746352017537355
38,1.0499999999999998,-12.361809045226131,0.06224497028005303
39,1.0499999999999998,-12.160804020100503,0.06732759576956122
40,1.0499999999999998,-11.959798994974873,0.07272995339174342
41,1.0499999999999998,-11.758793969849245,0.0784711761557804
42,1.0499999999999998,-11.557788944723617,0.08458187188271764
43,1.0499999999999998,-11.356783919597989,0.09109161188265852
44,1.0499999999999998,-11.15577889447236,0.09803417695021646
45,1.0499999999999998,-10.954773869346733,0.10545172855457807
46,1.0499999999999998,-10.753768844221105,0.11338797306313908
47,1.0499999999999998,-10.552763819095476,0.12189124885593819
48,1.0499999999999998,-10.351758793969848,0.13101716553824663
49,1.0499999999999998,-10.15075376884422,0.14082570561185986
50,1.0499999999999998,-9.949748743718592,0.151380495788441
51,1.0499999999999998,-9.748743718592964,0.1627525544115036
52,1.0499999999999998,-9.547738693467336,0.17501933713845613
53,1.0499999999999998,-9.346733668341708,0.1882635207575571
54,1.0499999999999998,-9.14572864321608,0.20257368918797933
55,1.0499999999999998,-8.944723618090451,0.21804661558291094
56,1.0499999999999998,-8.743718592964823,0.23478048113131067
57,1.0499999999999998,-8.542713567839195,0.25287533454402406
58,1.0499999999999998,-8.341708542713567,0.27243366343808767
59,1.0499999999999998,-8.140703517587939,0.2935519153458929
60,1.0499999999999998,-7.939698492462311,0.3163182911344519
61,1.0499999999999998,-7.738693467336683,0.3408025033885164
62,1.0499999999999998,-7.537688442211055,0.367036831291688
63,1.0499999999999998,-7.3366834170854265,0.3950216441515128
64,1.0499999999999998,-7.135678391959798,0.42469482038781925
65,1.0499999999999998,-6.93467336683417,0.4559200974221794
66,1.0499999999999998,-6.733668341708542,0.48846385630022693
67,1.0499999999999998,-6.532663316582914,0.5219979488511797
68,1.0499999999999998,-6.331658291457286,0.5560874260994958
69,1.0499999999999998,-6.130653266331658,0.5902003710948558
70,1.0499999999999998,-5.92964824120603,0.6237239341395329
71,1.0499999999999998,-5.7286432160804015,0.6560054555916239
72,1.0499999999999998,-5.527638190954773,0.6863977251712728
73,1.0499999999999998,-5.326633165829145,0.7143009268975558
74,1.0499999999999998,-5.125628140703517,0.7392103619907046
75,1.0499999999999998,-4.924623115577889,0.760771361621313
76,1.0499999999999998,-4.723618090452261,0.7787746981919944
77,1.0499999999999998,-4.522613065326633,0.7931741524429791
78,1.0499999999999998,-4.321608040201005,0.8040821963339425
79,1.0499999999999998,-4.1206030150753765,0.8117309578058223
80,1.0499999999999998,-3.9195979899497466,0.8164482605972352
81,1.0499999999999998,-3.7185929648241185,0.8186202801344651
82,1.0499999999999998,-3.5175879396984904,0.8186595165952874
83,1.0499999999999998,-3.3165829145728623,0.8169776068989876
84,1.0499999999999998,-3.115577889447234,0.8139648273183487
85,1.0499999999999998,-2.914572864321606,0.8099767266214201
86,1.0499999999999998,-2.713567839195978,0.8053263662325651
87,1.0499999999999998,-2.5125628140703498,0.8002826313273638
88,1.0499999999999998,-2.3115577889447216,0.7950706141489482
89,1.0499999999999998,-2.1105527638190935,0.7898748990071477
90,1.0499999999999998,-1.9095477386934654,0.7848439804253097
91,1.0499999999999998,-1.7085427135678373,0.7800971456044268
92,1.0499999999999998,-1.5075376884422091,0.7757229506151586
93,1.0499999999999998,-1.306532663316581,0.7717931528199388
94,1.0499999999999998,-1.105527638190953,0.7683606677538104
95,1.0499999999999998,-0.9045226130653248,0.7654636898521449
96,1.0499999999999998,-0.7035175879396967,0.7631326689346816
97,1.0499999999999998,-0.5025125628140685,0.761386184120764
98,1.0499999999999998,-0.3015075376884404,0.7602382464662449
99,1.0499999999999998,-0.10050251256281229,0.7596966773118314
100,1.0499999999999998,0.10050251256281584,0.7597655799293214
101,1.0499999999999998,0.30150753768844396,0.760445070736881
102,1.0499999999999998,0.5025125628140721,0.761731842126976
103,1.0499999999999998,0.7035175879397002,0.7636188758580154
104,1.0499999999999998,0.9045226130653283,0.766094752224553
105,1.0499999999999998,1.1055276381909565,0.7691396292954552
106,1.0499999999999998,1.3065326633165846,0.7727289507397319
107,1.0499999999999998,1.5075376884422127,0.7768267690630267
108,1.0499999999999998,1.7085427135678408,0.7813828854794231
109,1.0499999999999998,1.909547738693469,0.7863348039241885
110,1.0499999999999998,2.110552763819097,0.7915946256585661
111,1.0499999999999998,2.311557788944725,0.797049923234547
112,1.0499999999999998,2.5125628140703533,0.8025569247430775
113,1.0499999999999998,2.7135678391959814,0.8079347852292443
114,1.0499999999999998,2.9145728643216096,0.8129601654562961
115,1.0499999999999998,3.1155778894472377,0.817363219898506
116,1.0499999999999998,3.316582914572866,0.8208258217921356
117,1.0499999999999998,3.517587939698494,0.8229829305647177
118,1.0499999999999998,3.718592964824122,0.8234293507880338
119,1.0499999999999998,3.91959798994975,0.8217332683894053
120,1.0499999999999998,4.120603015075378,0.8174571803425265
121,1.0499999999999998,4.321608040201006,0.8101866992614947
122,1.0499999999999998,4.5226130653266345,0.799565091729765
123,1.0499999999999998,4.723618090452263,0.7853323536436161
124,1.0499999999999998,4.924623115577891,0.7673611052646401
125,1.0499999999999998,5.125628140703519,0.745679226098726
126,1.0499999999999998,5.326633165829147,0.720501683188772
127,1.0499999999999998,5.527638190954775,0.6921957374729528
128,1.0499999999999998,5.728643216080403,0.6612907999801835
129,1.0499999999999998,5.929648241206031,0.6284202135280035
130,1.0499999999999998,6.1306532663316595,0.5942684225779378
131,1.0499999999999998,6.331658291457288,0.559524671991462
132,1.0499999999999998,6.532663316582916,0.5248337328753305
133,1.0499999999999998,6.733668341708544,0.4907529141749797
134,1.0499999999999998,6.934673366834172,0.45773258015455054
135,1.0499999999999998,7.1356783919598,0.42610934278341445
136,1.0499999999999998,7.336683417085428,0.3961180796978565
137,1.0499999999999998,7.537688442211056,0.36789121409861253
138,1.0499999999999998,7.7386934673366845,0.3414841873408022
139,1.0499999999999998,7.939698492462313,0.31688797705825933
140,1.0499999999999998,8.14070351758794,0.2940615334301799
141,1.0499999999999998,8.341708542713569,0.27292713143917346
142,1.0499999999999998,8.542713567839197,0.2533891262617508
143,1.0499999999999998,8.743718592964825,0.23534497264230653
144,1.0499999999999998,8.944723618090453,0.21868700034534394
145,1.0499999999999998,9.145728643216081,0.20331126620104492
146,1.0499999999999998,9.34673366834171,0.189116548523719
147,1.0499999999999998,9.547738693467338,0.17600377554452235
148,1.0499999999999998,9.748743718592966,0.16388280012200473
149,1.0499999999999998,9.949748743718594,0.1526696678402112
150,1.0499999999999998,10.150753768844222,0.14228662056110994
151,1.0499999999999998,10.35175879396985,0.13266207672272165
152,1.0499999999999998,10.552763819095478,0.12373268771514427
153,1.0499999999999998,10.753768844221106,0.11543721581386794
154,1.0499999999999998,10.954773869346734,0.10772118882171804
155,1.0499999999999998,11.155778894472363,0.10053579062948091
156,1.0499999999999998,11.35678391959799,0.09383648392514836
157,1.0499999999999998,11.557788944723619,0.08758179178594844
158,1.0499999999999998,11.758793969849247,0.08173587687270503
159,1.0499999999999998,11.959798994974875,0.07626615309809905
160,1.0499999999999998,12.160804020100507,0.07114366251661547
161,1.0499999999999998,12.361809045226131,0.06634138965556187
162,1.0499999999999998,12.562814070351763,0.0618390134555232
163,1.0499999999999998,12.763819095477388,0.05761684530457646
164,1.0499999999999998,12.96482412060302,0.05365844025424612
165,1.0499999999999998,13.165829145728644,0.049950837727107886
166,1.0499999999999998,13.366834170854275,0.04648509827892468
167,1.0499999999999998,13.5678391959799,0.04325335553408555
168,1.0499999999999998,13.768844221105532,0.040251196101409106
169,1.0499999999999998,13.969849246231156,0.03747594761129354
170,1.0499999999999998,14.170854271356788,0.03492664885842191
171,1.0499999999999998,14.371859296482413,0.03260165098562424
172,1.0499999999999998,14.572864321608044,0.030500556320831616
173,1.0499999999999998,14.773869346733669,0.028622706249055663
174,1.0499999999999998,14.9748743718593,0.026963847038245538
175,1.0499999999999998,15.175879396984925,0.025515909357597958
176,1.0499999999999998,15.376884422110557,0.024270367754209977
177,1.0499999999999998,15.577889447236181,0.023211137859257613
178,1.0499999999999998,15.778894472361813,0.022318991955198965
179,1.0499999999999998,15.979899497487438,0.02156998271234064
180,1.0499999999999998,16.18090452261307,0.020934853298334825
181,1.0499999999999998,16.381909547738694,0.02038344519698924
182,1.0499999999999998,16.582914572864325,0.01988242802709763
183,1.0499999999999998,16.78391959798995,0.019400534789707186
184,1.0499999999999998,16.98492462311558,0.0189098773941285
185,1.0499999999999998,17.185929648241206,0.018386378526606396
186,1.0499999999999998,17.386934673366838,0.017814144386118315
187,1.0499999999999998,17.587939698492463,0.017184554424192235
188,1.0499999999999998,17.788944723618094,0.016497962914796424
189,1.0499999999999998,17.98994974874372,0.01576245124530271
190,1.0499999999999998,18.19095477386935,0.014992555770505699
191,1.0499999999999998,18.391959798994975,0.014204196199583404
192,1.0499999999999998,18.592964824120607,0.013414507566175375
193,1.0499999999999998,18.79396984924623,0.012642400688016147
194,1.0499999999999998,18.994974874371863,0.01191822480759697
195,1.0499999999999998,19.195979899497488,0.01127510640758157
196,1.0499999999999998,19.39698492462312,0.010716083325976507
197,1.0499999999999998,19.597989949748744,0.010169039229808772
198,1.0499999999999998,19.798994974874375,0.00950820239156959
199,1.0499999999999998,20.0,0.00870724208225368
