,t,height,fid
0,1.9499999999999995,-20.0,0.25095147613434715
1,1.9499999999999995,-19.798994974874372,0.25016216027192545
2,1.9499999999999995,-19.597989949748744,0.2652652486108853
3,1.9499999999999995,-19.396984924623116,0.28972197553112605
4,1.9499999999999995,-19.195979899497488,0.31295514686775683
5,1.9499999999999995,-18.99497487437186,0.3304870636608615
6,1.9499999999999995,-18.79396984924623,0.3391659763691031
7,1.9499999999999995,-18.592964824120603,0.32890396560148916
8,1.9499999999999995,-18.391959798994975,0.2952590338053188
9,1.9499999999999995,-18.190954773869347,0.2616623337000899
10,1.9499999999999995,-17.98994974874372,0.2679011762402432
11,1.9499999999999995,-17.78894472361809,0.32013587883345357
12,1.9499999999999995,-17.587939698492463,0.3665757808209477
13,1.9499999999999995,-17.386934673366834,0.3489785654507047
14,1.9499999999999995,-17.185929648241206,0.2767039070537676
15,1.9499999999999995,-16.984924623115578,0.22162718495688885
16,1.9499999999999995,-16.78391959798995,0.23014628921638397
17,1.9499999999999995,-16.582914572864322,0.2673762340192037
18,1.9499999999999995,-16.381909547738694,0.2686479140194357
19,1.9499999999999995,-16.180904522613066,0.22228099875688237
20,1.9499999999999995,-15.979899497487438,0.17018956218305537
21,1.9499999999999995,-15.77889447236181,0.1432089458651566
22,1.9499999999999995,-15.577889447236181,0.13407028115383943
23,1.9499999999999995,-15.376884422110553,0.12518725393914568
24,1.9499999999999995,-15.175879396984925,0.10555855393726161
25,1.9499999999999995,-14.974874371859297,0.07079809430761694
26,1.9499999999999995,-14.773869346733669,0.0378182912458733
27,1.9499999999999995,-14.57286432160804,0.031192909288435183
28,1.9499999999999995,-14.371859296482413,0.03516875172917007
29,1.9499999999999995,-14.170854271356784,0.018834892543260158
30,1.9499999999999995,-13.969849246231156,0.0013035719135610978
31,1.9499999999999995,-13.768844221105528,0.006145491381746129
32,1.9499999999999995,-13.5678391959799,0.009809893477357074
33,1.9499999999999995,-13.366834170854272,0.003472255169318984
34,1.9499999999999995,-13.165829145728644,0.003940172719182493
35,1.9499999999999995,-12.964824120603016,0.0068714545665385885
36,1.9499999999999995,-12.763819095477388,0.006496336598886592
37,1.9499999999999995,-12.56281407035176,0.007243457046420784
38,1.9499999999999995,-12.361809045226131,0.008533560217967051
39,1.9499999999999995,-12.160804020100503,0.009467042625881002
40,1.9499999999999995,-11.959798994974873,0.010645118363556525
41,1.9499999999999995,-11.758793969849245,0.011961225187132458
42,1.9499999999999995,-11.557788944723617,0.013400985272149557
43,1.9499999999999995,-11.356783919597989,0.015013138897632412
44,1.9499999999999995,-11.15577889447236,0.01681284076775863
45,1.9499999999999995,-10.954773869346733,0.018827790405774578
46,1.9499999999999995,-10.753768844221105,0.021087046209844303
47,1.9499999999999995,-10.552763819095476,0.023627185508219642
48,1.9499999999999995,-10.351758793969848,0.02648856924199635
49,1.9499999999999995,-10.15075376884422,0.02971653508120124
50,1.9499999999999995,-9.949748743718592,0.03336703160598655
51,1.9499999999999995,-9.748743718592964,0.037501477585538665
52,1.9499999999999995,-9.547738693467336,0.04219283465888519
53,1.9499999999999995,-9.346733668341708,0.04752064779694049
54,1.9499999999999995,-9.14572864321608,0.05357742494418315
55,1.9499999999999995,-8.944723618090451,0.06046365087932182
56,1.9499999999999995,-8.743718592964823,0.06829011690029115
57,1.9499999999999995,-8.542713567839195,0.07717595101040312
58,1.9499999999999995,-8.341708542713567,0.0872541711636045
59,1.9499999999999995,-8.140703517587939,0.09866958030606757
60,1.9499999999999995,-7.939698492462311,0.11159593098401481
61,1.9499999999999995,-7.738693467336683,0.12624782862016712
62,1.9499999999999995,-7.537688442211055,0.14290025171402007
63,1.9499999999999995,-7.3366834170854265,0.16191089581519794
64,1.9499999999999995,-7.135678391959798,0.18373961902842273
65,1.9499999999999995,-6.93467336683417,0.20897667508323567
66,1.9499999999999995,-6.733668341708542,0.2383395783781584
67,1.9499999999999995,-6.532663316582914,0.27266943209839306
68,1.9499999999999995,-6.331658291457286,0.31289948259618416
69,1.9499999999999995,-6.130653266331658,0.35994860402981277
70,1.9499999999999995,-5.92964824120603,0.4144897530271138
71,1.9499999999999995,-5.7286432160804015,0.4765896488546156
72,1.9499999999999995,-5.527638190954773,0.54518778610635
73,1.9499999999999995,-5.326633165829145,0.6176612240072111
74,1.9499999999999995,-5.125628140703517,0.6897963281450029
75,1.9499999999999995,-4.924623115577889,0.7564416036725837
76,1.9499999999999995,-4.723618090452261,0.8127527456423463
77,1.9499999999999995,-4.522613065326633,0.855440768858253
78,1.9499999999999995,-4.321608040201005,0.8834647402329713
79,1.9499999999999995,-4.1206030150753765,0.8979064562304446
80,1.9499999999999995,-3.9195979899497466,0.9012523351205742
81,1.9499999999999995,-3.7185929648241185,0.8965084171949667
82,1.9499999999999995,-3.5175879396984904,0.8865327227165462
83,1.9499999999999995,-3.3165829145728623,0.8736593013623861
84,1.9499999999999995,-3.115577889447234,0.8596053293984649
85,1.9499999999999995,-2.914572864321606,0.8455270396226945
86,1.9499999999999995,-2.713567839195978,0.832135288782569
87,1.9499999999999995,-2.5125628140703498,0.8198271946539714
88,1.9499999999999995,-2.3115577889447216,0.8087851785736857
89,1.9499999999999995,-2.1105527638190935,0.7990590956268773
90,1.9499999999999995,-1.9095477386934654,0.790621916671743
91,1.9499999999999995,-1.7085427135678373,0.7834031159187642
92,1.9499999999999995,-1.5075376884422091,0.7773159306654814
93,1.9499999999999995,-1.306532663316581,0.7722639454226797
94,1.9499999999999995,-1.105527638190953,0.7681601617816678
95,1.9499999999999995,-0.9045226130653248,0.7649244148001549
96,1.9499999999999995,-0.7035175879396967,0.7624917828470271
97,1.9499999999999995,-0.5025125628140685,0.7608078005797324
98,1.9499999999999995,-0.3015075376884404,0.7598335900786469
99,1.9499999999999995,-0.10050251256281229,0.7595453357073416
100,1.9499999999999995,0.10050251256281584,0.7599334558346384
101,1.9499999999999995,0.30150753768844396,0.7610031404671493
102,1.9499999999999995,0.5025125628140721,0.7627749309622627
103,1.9499999999999995,0.7035175879397002,0.765283786875332
104,1.9499999999999995,0.9045226130653283,0.7685801974309616
105,1.9499999999999995,1.1055276381909565,0.7727270281171248
106,1.9499999999999995,1.3065326633165846,0.777804265921914
107,1.9499999999999995,1.5075376884422127,0.7839022856067521
108,1.9499999999999995,1.7085427135678408,0.7911270855948335
109,1.9499999999999995,1.909547738693469,0.7995862643110301
110,1.9499999999999995,2.110552763819097,0.8093862456505413
111,1.9499999999999995,2.311557788944725,0.8206179898205075
112,1.9499999999999995,2.5125628140703533,0.8333312642164485
113,1.9499999999999995,2.7135678391959814,0.8475011709539249
114,1.9499999999999995,2.9145728643216096,0.8629605482578452
115,1.9499999999999995,3.1155778894472377,0.8793276572619156
116,1.9499999999999995,3.316582914572866,0.8958771743263051
117,1.9499999999999995,3.517587939698494,0.9114103795647134
118,1.9499999999999995,3.718592964824122,0.924094976817335
119,1.9499999999999995,3.91959798994975,0.9313895997557617
120,1.9499999999999995,4.120603015075378,0.9301297890040666
121,1.9499999999999995,4.321608040201006,0.9169145344421741
122,1.9499999999999995,4.5226130653266345,0.8888630942147004
123,1.9499999999999995,4.723618090452263,0.8446102278213584
124,1.9499999999999995,4.924623115577891,0.7851866305644742
125,1.9499999999999995,5.125628140703519,0.714201328223135
126,1.9499999999999995,5.326633165829147,0.6370585926049569
127,1.9499999999999995,5.527638190954775,0.559524403190604
128,1.9499999999999995,5.728643216080403,0.48628782119608727
129,1.9499999999999995,5.929648241206031,0.4202075184625396
130,1.9499999999999995,6.1306532663316595,0.3623940722611352
131,1.9499999999999995,6.331658291457288,0.3127229069608774
132,1.9499999999999995,6.532663316582916,0.27043689945046356
133,1.9499999999999995,6.733668341708544,0.23454434739646474
134,1.9499999999999995,6.934673366834172,0.2040613473022895
135,1.9499999999999995,7.1356783919598,0.17810492489604923
136,1.9499999999999995,7.336683417085428,0.1559132916072986
137,1.9499999999999995,7.537688442211056,0.1368562533042933
138,1.9499999999999995,7.7386934673366845,0.12041707940885817
139,1.9499999999999995,7.939698492462313,0.10617393198484522
140,1.9499999999999995,8.14070351758794,0.09378543122624822
141,1.9499999999999995,8.341708542713569,0.08297350238074323
142,1.9499999999999995,8.542713567839197,0.07351427542300404
143,1.9499999999999995,8.743718592964825,0.06521651195832356
144,1.9499999999999995,8.944723618090453,0.05792928305150495
145,1.9499999999999995,9.145728643216081,0.05151575561721265
146,1.9499999999999995,9.34673366834171,0.04586446424090871
147,1.9499999999999995,9.547738693467338,0.04087863331351252
148,1.9499999999999995,9.748743718592966,0.036472035208461095
149,1.9499999999999995,9.949748743718594,0.03257241678785332
150,1.9499999999999995,10.150753768844222,0.02911590846535437
151,1.9499999999999995,10.35175879396985,0.02604838707235272
152,1.9499999999999995,10.552763819095478,0.023320263842301223
153,1.9499999999999995,10.753768844221106,0.020891728382485247
154,1.9499999999999995,10.954773869346734,0.018726382217442765
155,1.9499999999999995,11.155778894472363,0.01679194706718529
156,1.9499999999999995,11.35678391959799,0.015062368977352735
157,1.9499999999999995,11.557788944723619,0.013511336371942814
158,1.9499999999999995,11.758793969849247,0.01212787925430674
159,1.9499999999999995,11.959798994974875,0.010867535973050495
160,1.9499999999999995,12.160804020100507,0.009719744011192497
161,1.9499999999999995,12.361809045226131,0.008866526142149911
162,1.9499999999999995,12.562814070351763,0.007634119368049828
163,1.9499999999999995,12.763819095477388,0.006749025663029591
164,1.9499999999999995,12.96482412060302,0.0075275173885447745
165,1.9499999999999995,13.165829145728644,0.004667447405647502
166,1.9499999999999995,13.366834170854275,0.0033008605831559928
167,1.9499999999999995,13.5678391959799,0.01115277130125515
168,1.9499999999999995,13.768844221105532,0.008713043199973958
169,1.9499999999999995,13.969849246231156,0.0010738825876033717
170,1.9499999999999995,14.170854271356788,0.02023128780450036
171,1.9499999999999995,14.371859296482413,0.042936191182060664
172,1.9499999999999995,14.572864321608044,0.03705713487776068
173,1.9499999999999995,14.773869346733669,0.03831364655766626
174,1.9499999999999995,14.9748743718593,0.07833834523362286
175,1.9499999999999995,15.175879396984925,0.12342150835152017
176,1.9499999999999995,15.376884422110557,0.1374261339650865
177,1.9499999999999995,15.577889447236181,0.1348929368668804
178,1.9499999999999995,15.778894472361813,0.15012987787509333
179,1.9499999999999995,15.979899497487438,0.1935711369255901
180,1.9499999999999995,16.18090452261307,0.2448452446513846
181,1.9499999999999995,16.381909547738694,0.2720539331261998
182,1.9499999999999995,16.582914572864325,0.26223772014842767
183,1.9499999999999995,16.78391959798995,0.24048703687442102
184,1.9499999999999995,16.98492462311558,0.24855421807531108
185,1.9499999999999995,17.185929648241206,0.2967985409468407
186,1.9499999999999995,17.386934673366838,0.34779025010129483
187,1.9499999999999995,17.587939698492463,0.35723991768327545
188,1.9499999999999995,17.788944723618094,0.3235368364324683
189,1.9499999999999995,17.98994974874372,0.28605872759368045
190,1.9499999999999995,18.19095477386935,0.2794937435376891
191,1.9499999999999995,18.391959798994975,0.302154408601801
192,1.9499999999999995,18.592964824120607,0.32861144881076476
193,1.9499999999999995,18.79396984924623,0.3398061689014217
194,1.9499999999999995,18.994974874371863,0.3339178691609393
195,1.9499999999999995,19.195979899497488,0.316848637210113
196,1.9499999999999995,19.39698492462312,0.294119308337793
197,1.9499999999999995,19.597989949748744,0.2721436633512296
198,1.9499999999999995,19.798994974874375,0.25873041102703404
199,1.9499999999999995,20.0,0.25747149860343627
