,t,height,fid
0,1.4999999999999998,-20.0,0.1856851967283384
1,1.4999999999999998,-19.798994974874372,0.17536253268745877
2,1.4999999999999998,-19.597989949748744,0.18367417014712054
3,1.4999999999999998,-19.396984924623116,0.19607033592626713
4,1.4999999999999998,-19.195979899497488,0.19187608655102537
5,1.4999999999999998,-18.99497487437186,0.16074389752387805
6,1.4999999999999998,-18.79396984924623,0.11322709174924038
7,1.4999999999999998,-18.592964824120603,0.07456631890546463
8,1.4999999999999998,-18.391959798994975,0.06372900518835764
9,1.4999999999999998,-18.190954773869347,0.07525919921324303
10,1.4999999999999998,-17.98994974874372,0.08314750131695489
11,1.4999999999999998,-17.78894472361809,0.06664440186056635
12,1.4999999999999998,-17.587939698492463,0.03255885223217943
13,1.4999999999999998,-17.386934673366834,0.007598118645230758
14,1.4999999999999998,-17.185929648241206,0.007235655844793664
15,1.4999999999999998,-16.984924623115578,0.018860030053117666
16,1.4999999999999998,-16.78391959798995,0.020889750191858025
17,1.4999999999999998,-16.582914572864322,0.01066870505796884
18,1.4999999999999998,-16.381909547738694,0.002624007107929004
19,1.4999999999999998,-16.180904522613066,0.004343412144329051
20,1.4999999999999998,-15.979899497487438,0.00890759835582867
21,1.4999999999999998,-15.77889447236181,0.009528181918682238
22,1.4999999999999998,-15.577889447236181,0.008149630518831916
23,1.4999999999999998,-15.376884422110553,0.008333006940361959
24,1.4999999999999998,-15.175879396984925,0.009637792573768017
25,1.4999999999999998,-14.974874371859297,0.010580611449792927
26,1.4999999999999998,-14.773869346733669,0.011229746033321336
27,1.4999999999999998,-14.57286432160804,0.012061173995736783
28,1.4999999999999998,-14.371859296482413,0.013064143430647008
29,1.4999999999999998,-14.170854271356784,0.014128283101083383
30,1.4999999999999998,-13.969849246231156,0.015272410312589491
31,1.4999999999999998,-13.768844221105528,0.016527611282243
32,1.4999999999999998,-13.5678391959799,0.017902923173018007
33,1.4999999999999998,-13.366834170854272,0.019406858420718313
34,1.4999999999999998,-13.165829145728644,0.02105372137861827
35,1.4999999999999998,-12.964824120603016,0.022859126312450996
36,1.4999999999999998,-12.763819095477388,0.024838256568133665
37,1.4999999999999998,-12.56281407035176,0.027005301664502324
38,1.4999999999999998,-12.361809045226131,0.029368486736961033
39,1.4999999999999998,-12.160804020100503,0.03193351553246018
40,1.4999999999999998,-11.959798994974873,0.03469319020959671
41,1.4999999999999998,-11.758793969849245,0.0376300568410933
42,1.4999999999999998,-11.557788944723617,0.04072009269376174
43,1.4999999999999998,-11.356783919597989,0.04393454716298623
44,1.4999999999999998,-11.15577889447236,0.0472496167238442
45,1.4999999999999998,-10.954773869346733,0.05065556011914753
46,1.4999999999999998,-10.753768844221105,0.054165811932072074
47,1.4999999999999998,-10.552763819095476,0.057818694640427104
48,1.4999999999999998,-10.351758793969848,0.06168453268510628
49,1.4999999999999998,-10.15075376884422,0.06586074858673166
50,1.4999999999999998,-9.949748743718592,0.07046710153232529
51,1.4999999999999998,-9.748743718592964,0.07563450478692209
52,1.4999999999999998,-9.547738693467336,0.08150821470832562
53,1.4999999999999998,-9.346733668341708,0.08823457779334994
54,1.4999999999999998,-9.14572864321608,0.09595589924019729
55,1.4999999999999998,-8.944723618090451,0.10482256356269558
56,1.4999999999999998,-8.743718592964823,0.11498238729393213
57,1.4999999999999998,-8.542713567839195,0.12659014908653712
58,1.4999999999999998,-8.341708542713567,0.13981327848090708
59,1.4999999999999998,-8.140703517587939,0.15483489779820384
60,1.4999999999999998,-7.939698492462311,0.1718608271795526
61,1.4999999999999998,-7.738693467336683,0.1911224537173044
62,1.4999999999999998,-7.537688442211055,0.21287908343979597
63,1.4999999999999998,-7.3366834170854265,0.23742267196744532
64,1.4999999999999998,-7.135678391959798,0.26505541633779983
65,1.4999999999999998,-6.93467336683417,0.2960904616911104
66,1.4999999999999998,-6.733668341708542,0.33081190342527017
67,1.4999999999999998,-6.532663316582914,0.369418513597487
68,1.4999999999999998,-6.331658291457286,0.41196250661470996
69,1.4999999999999998,-6.130653266331658,0.45824078475871294
70,1.4999999999999998,-5.92964824120603,0.507683606795987
71,1.4999999999999998,-5.7286432160804015,0.5592901405330252
72,1.4999999999999998,-5.527638190954773,0.6115881618436235
73,1.4999999999999998,-5.326633165829145,0.662731081496486
74,1.4999999999999998,-5.125628140703517,0.7107074437934869
75,1.4999999999999998,-4.924623115577889,0.7535992552214463
76,1.4999999999999998,-4.723618090452261,0.7899035829125611
77,1.4999999999999998,-4.522613065326633,0.8187113752939342
78,1.4999999999999998,-4.321608040201005,0.8398002154243901
79,1.4999999999999998,-4.1206030150753765,0.8535629635784246
80,1.4999999999999998,-3.9195979899497466,0.8608535994874428
81,1.4999999999999998,-3.7185929648241185,0.8627885944360139
82,1.4999999999999998,-3.5175879396984904,0.8605612768039065
83,1.4999999999999998,-3.3165829145728623,0.8553049453930947
84,1.4999999999999998,-3.115577889447234,0.8480102003878991
85,1.4999999999999998,-2.914572864321606,0.839489029263004
86,1.4999999999999998,-2.713567839195978,0.8303769275780494
87,1.4999999999999998,-2.5125628140703498,0.8211493186886268
88,1.4999999999999998,-2.3115577889447216,0.8121456978028284
89,1.4999999999999998,-2.1105527638190935,0.8036020903530907
90,1.4999999999999998,-1.9095477386934654,0.7956746763538584
91,1.4999999999999998,-1.7085427135678373,0.7884626704100638
92,1.4999999999999998,-1.5075376884422091,0.7820241240131465
93,1.4999999999999998,-1.306532663316581,0.7763915634314373
94,1.4999999999999998,-1.105527638190953,0.7715750940638247
95,1.4999999999999998,-0.9045226130653248,0.7675789451666932
96,1.4999999999999998,-0.7035175879396967,0.7643992126563366
97,1.4999999999999998,-0.5025125628140685,0.7620334190574752
98,1.4999999999999998,-0.3015075376884404,0.7604763964210346
99,1.4999999999999998,-0.10050251256281229,0.7597265153320496
100,1.4999999999999998,0.10050251256281584,0.7597858228003587
101,1.4999999999999998,0.30150753768844396,0.760659508177053
102,1.4999999999999998,0.5025125628140721,0.7623576939394112
103,1.4999999999999998,0.7035175879397002,0.7648937634781308
104,1.4999999999999998,0.9045226130653283,0.7682844773795546
105,1.4999999999999998,1.1055276381909565,0.7725452610622788
106,1.4999999999999998,1.3065326633165846,0.7776930374643435
107,1.4999999999999998,1.5075376884422127,0.7837377348246571
108,1.4999999999999998,1.7085427135678408,0.7906836958301665
109,1.4999999999999998,1.909547738693469,0.7985134272908766
110,1.4999999999999998,2.110552763819097,0.8071841550468134
111,1.4999999999999998,2.311557788944725,0.8166118306384367
112,1.4999999999999998,2.5125628140703533,0.8266543600471515
113,1.4999999999999998,2.7135678391959814,0.8370876909064081
114,1.4999999999999998,2.9145728643216096,0.8475754146050694
115,1.4999999999999998,3.1155778894472377,0.857639962708457
116,1.4999999999999998,3.316582914572866,0.8666317818210062
117,1.4999999999999998,3.517587939698494,0.8737039784483269
118,1.4999999999999998,3.718592964824122,0.877805066362588
119,1.4999999999999998,3.91959798994975,0.8777166106984232
120,1.4999999999999998,4.120603015075378,0.8721332358180333
121,1.4999999999999998,4.321608040201006,0.8598092617756716
122,1.4999999999999998,4.5226130653266345,0.8397625116940735
123,1.4999999999999998,4.723618090452263,0.8114958945803127
124,1.4999999999999998,4.924623115577891,0.7751848604449122
125,1.4999999999999998,5.125628140703519,0.7317517128781649
126,1.4999999999999998,5.326633165829147,0.6827957329703591
127,1.4999999999999998,5.527638190954775,0.6303698606417284
128,1.4999999999999998,5.728643216080403,0.5766448068227272
129,1.4999999999999998,5.929648241206031,0.5236131133681372
130,1.4999999999999998,6.1306532663316595,0.472844216802858
131,1.4999999999999998,6.331658291457288,0.4254007435289675
132,1.4999999999999998,6.532663316582916,0.381864764072329
133,1.4999999999999998,6.733668341708544,0.34242847874537785
134,1.4999999999999998,6.934673366834172,0.3070070820649112
135,1.4999999999999998,7.1356783919598,0.27537345521118684
136,1.4999999999999998,7.336683417085428,0.24720335751706646
137,1.4999999999999998,7.537688442211056,0.22216001924839143
138,1.4999999999999998,7.7386934673366845,0.19990792975193786
139,1.4999999999999998,7.939698492462313,0.1801309778814315
140,1.4999999999999998,8.14070351758794,0.1625506238562387
141,1.4999999999999998,8.341708542713569,0.14691266192267183
142,1.4999999999999998,8.542713567839197,0.13299676874258323
143,1.4999999999999998,8.743718592964825,0.1206138088053523
144,1.4999999999999998,8.944723618090453,0.10959136099443416
145,1.4999999999999998,9.145728643216081,0.09977978923077513
146,1.4999999999999998,9.34673366834171,0.09104513979887705
147,1.4999999999999998,9.547738693467338,0.08326381567461832
148,1.4999999999999998,9.748743718592966,0.07632396401597676
149,1.4999999999999998,9.949748743718594,0.07012046304797646
150,1.4999999999999998,10.150753768844222,0.06455247374217145
151,1.4999999999999998,10.35175879396985,0.05953137339368191
152,1.4999999999999998,10.552763819095478,0.05497230619106321
153,1.4999999999999998,10.753768844221106,0.050803995404657236
154,1.4999999999999998,10.954773869346734,0.04696679181036606
155,1.4999999999999998,11.155778894472363,0.043412879601206114
156,1.4999999999999998,11.35678391959799,0.040108151064531125
157,1.4999999999999998,11.557788944723619,0.03702997311025927
158,1.4999999999999998,11.758793969849247,0.03416331822633787
159,1.4999999999999998,11.959798994974875,0.03149923993206445
160,1.4999999999999998,12.160804020100507,0.02903195323353277
161,1.4999999999999998,12.361809045226131,0.026753809999506308
162,1.4999999999999998,12.562814070351763,0.024656175269175427
163,1.4999999999999998,12.763819095477388,0.02272958069239557
164,1.4999999999999998,12.96482412060302,0.02096213315126626
165,1.4999999999999998,13.165829145728644,0.01934181280384953
166,1.4999999999999998,13.366834170854275,0.01785579251413449
167,1.4999999999999998,13.5678391959799,0.016492231923158896
168,1.4999999999999998,13.768844221105532,0.015240168295648187
169,1.4999999999999998,13.969849246231156,0.014091758290428889
170,1.4999999999999998,14.170854271356788,0.013044120765275752
171,1.4999999999999998,14.371859296482413,0.012067306323690456
172,1.4999999999999998,14.572864321608044,0.011130663607410569
173,1.4999999999999998,14.773869346733669,0.010344669979818297
174,1.4999999999999998,14.9748743718593,0.009787533056497481
175,1.4999999999999998,15.175879396984925,0.00896712141025444
176,1.4999999999999998,15.376884422110557,0.007612945117776643
177,1.4999999999999998,15.577889447236181,0.0072629654381459645
178,1.4999999999999998,15.778894472361813,0.008874121460433936
179,1.4999999999999998,15.979899497487438,0.008867159599104515
180,1.4999999999999998,16.18090452261307,0.004291225402855916
181,1.4999999999999998,16.381909547738694,0.001687076546878721
182,1.4999999999999998,16.582914572864325,0.009580530376728758
183,1.4999999999999998,16.78391959798995,0.021593004490996222
184,1.4999999999999998,16.98492462311558,0.021838578814697227
185,1.4999999999999998,17.185929648241206,0.010548319726994977
186,1.4999999999999998,17.386934673366838,0.009339280010318732
187,1.4999999999999998,17.587939698492463,0.03361683497854605
188,1.4999999999999998,17.788944723618094,0.07027754594465839
189,1.4999999999999998,17.98994974874372,0.09178567318914932
190,1.4999999999999998,18.19095477386935,0.08788228967885459
191,1.4999999999999998,18.391959798994975,0.07639917900531654
192,1.4999999999999998,18.592964824120607,0.08369295008312269
193,1.4999999999999998,18.79396984924623,0.11875957279605844
194,1.4999999999999998,18.994974874371863,0.16653679866820087
195,1.4999999999999998,19.195979899497488,0.20279709670843601
196,1.4999999999999998,19.39698492462312,0.2140394830926569
197,1.4999999999999998,19.597989949748744,0.2056784889925293
198,1.4999999999999998,19.798994974874375,0.19507069944881764
199,1.4999999999999998,20.0,0.19762185240953645
