,t,height,fid
0,1.6999999999999995,-20.0,0.2322294037563921
1,1.6999999999999995,-19.798994974874372,0.27088230633605836
2,1.6999999999999995,-19.597989949748744,0.3182273993654935
3,1.6999999999999995,-19.396984924623116,0.338817902777119
4,1.6999999999999995,-19.195979899497488,0.3191036281514315
5,1.6999999999999995,-18.99497487437186,0.2751628997643877
6,1.6999999999999995,-18.79396984924623,0.23604724248654962
7,1.6999999999999995,-18.592964824120603,0.21928065138339767
8,1.6999999999999995,-18.391959798994975,0.22047173350995575
9,1.6999999999999995,-18.190954773869347,0.2235789225927592
10,1.6999999999999995,-17.98994974874372,0.21782280181922561
11,1.6999999999999995,-17.78894472361809,0.2030945945804728
12,1.6999999999999995,-17.587939698492463,0.18206168044934448
13,1.6999999999999995,-17.386934673366834,0.15403266044499378
14,1.6999999999999995,-17.185929648241206,0.12087325284758625
15,1.6999999999999995,-16.984924623115578,0.09389644657704188
16,1.6999999999999995,-16.78391959798995,0.08430312289586075
17,1.6999999999999995,-16.582914572864322,0.0848296585308111
18,1.6999999999999995,-16.381909547738694,0.0731251424780193
19,1.6999999999999995,-16.180904522613066,0.042339960439312846
20,1.6999999999999995,-15.979899497487438,0.015526228694038866
21,1.6999999999999995,-15.77889447236181,0.013388210795299883
22,1.6999999999999995,-15.577889447236181,0.021906894320140674
23,1.6999999999999995,-15.376884422110553,0.0167581144910113
24,1.6999999999999995,-15.175879396984925,0.0034316849495883333
25,1.6999999999999995,-14.974874371859297,0.001172400595294499
26,1.6999999999999995,-14.773869346733669,0.006883130739870788
27,1.6999999999999995,-14.57286432160804,0.007551362450076167
28,1.6999999999999995,-14.371859296482413,0.005172029851263113
29,1.6999999999999995,-14.170854271356784,0.005835772331531136
30,1.6999999999999995,-13.969849246231156,0.007511224500426395
31,1.6999999999999995,-13.768844221105528,0.008084130041134894
32,1.6999999999999995,-13.5678391959799,0.008695941265816862
33,1.6999999999999995,-13.366834170854272,0.009709262011125968
34,1.6999999999999995,-13.165829145728644,0.01074304539831777
35,1.6999999999999995,-12.964824120603016,0.01183042748383014
36,1.6999999999999995,-12.763819095477388,0.013052084326311893
37,1.6999999999999995,-12.56281407035176,0.014399385478578275
38,1.6999999999999995,-12.361809045226131,0.015884588134996325
39,1.6999999999999995,-12.160804020100503,0.017529616531515288
40,1.6999999999999995,-11.959798994974873,0.019353646139244167
41,1.6999999999999995,-11.758793969849245,0.02137997232841655
42,1.6999999999999995,-11.557788944723617,0.023636255212679397
43,1.6999999999999995,-11.356783919597989,0.026154233908271915
44,1.6999999999999995,-11.15577889447236,0.028968498539334083
45,1.6999999999999995,-10.954773869346733,0.032120903800980725
46,1.6999999999999995,-10.753768844221105,0.035656593700323314
47,1.6999999999999995,-10.552763819095476,0.03962093785770649
48,1.6999999999999995,-10.351758793969848,0.04406281087361095
49,1.6999999999999995,-10.15075376884422,0.049023085831207326
50,1.6999999999999995,-9.949748743718592,0.05453728883694687
51,1.6999999999999995,-9.748743718592964,0.060628843200391754
52,1.6999999999999995,-9.547738693467336,0.06731656273493002
53,1.6999999999999995,-9.346733668341708,0.07461819344613306
54,1.6999999999999995,-9.14572864321608,0.08255678403443395
55,1.6999999999999995,-8.944723618090451,0.09117945623017255
56,1.6999999999999995,-8.743718592964823,0.10056020967668734
57,1.6999999999999995,-8.542713567839195,0.1108223738029687
58,1.6999999999999995,-8.341708542713567,0.12213200694292554
59,1.6999999999999995,-8.140703517587939,0.13470863970234961
60,1.6999999999999995,-7.939698492462311,0.14882467928832835
61,1.6999999999999995,-7.738693467336683,0.16479878205395407
62,1.6999999999999995,-7.537688442211055,0.18300081575249066
63,1.6999999999999995,-7.3366834170854265,0.20385454922382557
64,1.6999999999999995,-7.135678391959798,0.22782524919209593
65,1.6999999999999995,-6.93467336683417,0.25541931807346435
66,1.6999999999999995,-6.733668341708542,0.28717232314994084
67,1.6999999999999995,-6.532663316582914,0.3236088176826674
68,1.6999999999999995,-6.331658291457286,0.36517612581444125
69,1.6999999999999995,-6.130653266331658,0.4121156949101295
70,1.6999999999999995,-5.92964824120603,0.4642914715354326
71,1.6999999999999995,-5.7286432160804015,0.5209584276540972
72,1.6999999999999995,-5.527638190954773,0.5806033140762588
73,1.6999999999999995,-5.326633165829145,0.6408852038062814
74,1.6999999999999995,-5.125628140703517,0.6988600145220596
75,1.6999999999999995,-4.924623115577889,0.7514344054632
76,1.6999999999999995,-4.723618090452261,0.7959644066007832
77,1.6999999999999995,-4.522613065326633,0.8307430986524157
78,1.6999999999999995,-4.321608040201005,0.8552465957495091
79,1.6999999999999995,-4.1206030150753765,0.8700398648479898
80,1.6999999999999995,-3.9195979899497466,0.8764816445437013
81,1.6999999999999995,-3.7185929648241185,0.876318638969799
82,1.6999999999999995,-3.5175879396984904,0.8713506522950305
83,1.6999999999999995,-3.3165829145728623,0.8631934355827269
84,1.6999999999999995,-3.115577889447234,0.8531727283457576
85,1.6999999999999995,-2.914572864321606,0.8422924321880327
86,1.6999999999999995,-2.713567839195978,0.8312726482597915
87,1.6999999999999995,-2.5125628140703498,0.8206003382030073
88,1.6999999999999995,-2.3115577889447216,0.8105816982007743
89,1.6999999999999995,-2.1105527638190935,0.8013964621463264
90,1.6999999999999995,-1.9095477386934654,0.7931362436964041
91,1.6999999999999995,-1.7085427135678373,0.7858352549449393
92,1.6999999999999995,-1.5075376884422091,0.7794938175280378
93,1.6999999999999995,-1.306532663316581,0.774086922312392
94,1.6999999999999995,-1.105527638190953,0.7695844775583529
95,1.6999999999999995,-0.9045226130653248,0.7659522479827648
96,1.6999999999999995,-0.7035175879396967,0.7631573265051227
97,1.6999999999999995,-0.5025125628140685,0.7611746207645993
98,1.6999999999999995,-0.3015075376884404,0.7599828363396189
99,1.6999999999999995,-0.10050251256281229,0.7595703142555068
100,1.6999999999999995,0.10050251256281584,0.7599335151728374
101,1.6999999999999995,0.30150753768844396,0.7610781464085207
102,1.6999999999999995,0.5025125628140721,0.7630191978169628
103,1.6999999999999995,0.7035175879397002,0.7657810821008929
104,1.6999999999999995,0.9045226130653283,0.7693933503154202
105,1.6999999999999995,1.1055276381909565,0.7738955065491854
106,1.6999999999999995,1.3065326633165846,0.7793314755268226
107,1.6999999999999995,1.5075376884422127,0.7857459733482404
108,1.6999999999999995,1.7085427135678408,0.7931861012456041
109,1.6999999999999995,1.909547738693469,0.801685196330635
110,1.6999999999999995,2.110552763819097,0.8112584805978662
111,1.6999999999999995,2.311557788944725,0.8218854190772482
112,1.6999999999999995,2.5125628140703533,0.8334872470633145
113,1.6999999999999995,2.7135678391959814,0.8458960500275807
114,1.6999999999999995,2.9145728643216096,0.8588076194706369
115,1.6999999999999995,3.1155778894472377,0.8717299385368232
116,1.6999999999999995,3.316582914572866,0.8839164774633566
117,1.6999999999999995,3.517587939698494,0.8943063485588177
118,1.6999999999999995,3.718592964824122,0.9014842472371756
119,1.6999999999999995,3.91959798994975,0.9036873464077966
120,1.6999999999999995,4.120603015075378,0.8989245222483799
121,1.6999999999999995,4.321608040201006,0.8852249958142102
122,1.6999999999999995,4.5226130653266345,0.8610138989833563
123,1.6999999999999995,4.723618090452263,0.8255730833012831
124,1.6999999999999995,4.924623115577891,0.7794051383427694
125,1.6999999999999995,5.125628140703519,0.7243341574850822
126,1.6999999999999995,5.326633165829147,0.6632587377345126
127,1.6999999999999995,5.527638190954775,0.5995922672355435
128,1.6999999999999995,5.728643216080403,0.5365701658510504
129,1.6999999999999995,5.929648241206031,0.47674356802072
130,1.6999999999999995,6.1306532663316595,0.4217369143758191
131,1.6999999999999995,6.331658291457288,0.37230620906020945
132,1.6999999999999995,6.532663316582916,0.3285566623649981
133,1.6999999999999995,6.733668341708544,0.29019172267285986
134,1.6999999999999995,6.934673366834172,0.2567187616435328
135,1.6999999999999995,7.1356783919598,0.2275742656176545
136,1.6999999999999995,7.336683417085428,0.2022048998635895
137,1.6999999999999995,7.537688442211056,0.18010005653734854
138,1.6999999999999995,7.7386934673366845,0.16080457840188497
139,1.6999999999999995,7.939698492462313,0.14391256031796804
140,1.6999999999999995,8.14070351758794,0.1290783137775111
141,1.6999999999999995,8.341708542713569,0.11600321446390092
142,1.6999999999999995,8.542713567839197,0.10442776713924046
143,1.6999999999999995,8.743718592964825,0.09413448493656025
144,1.6999999999999995,8.944723618090453,0.0849419827223311
145,1.6999999999999995,9.145728643216081,0.07669928975884922
146,1.6999999999999995,9.34673366834171,0.0692865480608816
147,1.6999999999999995,9.547738693467338,0.0626032143638321
148,1.6999999999999995,9.748743718592966,0.05657505307540441
149,1.6999999999999995,9.949748743718594,0.05113588022841692
150,1.6999999999999995,10.150753768844222,0.04623257287520687
151,1.6999999999999995,10.35175879396985,0.041816451235570005
152,1.6999999999999995,10.552763819095478,0.03784139801025969
153,1.6999999999999995,10.753768844221106,0.03426666689654377
154,1.6999999999999995,10.954773869346734,0.031050491315735618
155,1.6999999999999995,11.155778894472363,0.02815685036504228
156,1.6999999999999995,11.35678391959799,0.02555045708307157
157,1.6999999999999995,11.557788944723619,0.02320021891428081
158,1.6999999999999995,11.758793969849247,0.021078810508717266
159,1.6999999999999995,11.959798994974875,0.019162215103116737
160,1.6999999999999995,12.160804020100507,0.017427183541628075
161,1.6999999999999995,12.361809045226131,0.015855367748420283
162,1.6999999999999995,12.562814070351763,0.014431226421955356
163,1.6999999999999995,12.763819095477388,0.01313551837425243
164,1.6999999999999995,12.96482412060302,0.011954600560324212
165,1.6999999999999995,13.165829145728644,0.010907313198929623
166,1.6999999999999995,13.366834170854275,0.009920304421676079
167,1.6999999999999995,13.5678391959799,0.008904619043391068
168,1.6999999999999995,13.768844221105532,0.008297921508882892
169,1.6999999999999995,13.969849246231156,0.007905528908906034
170,1.6999999999999995,14.170854271356788,0.006206491211546141
171,1.6999999999999995,14.371859296482413,0.005154780408732618
172,1.6999999999999995,14.572864321608044,0.007951164218910104
173,1.6999999999999995,14.773869346733669,0.008253153703305769
174,1.6999999999999995,14.9748743718593,0.0017804483824306941
175,1.6999999999999995,15.175879396984925,0.0028076237190870195
176,1.6999999999999995,15.376884422110557,0.018268764413188185
177,1.6999999999999995,15.577889447236181,0.026883144891889983
178,1.6999999999999995,15.778894472361813,0.01757120501847414
179,1.6999999999999995,15.979899497487438,0.016456493910035827
180,1.6999999999999995,16.18090452261307,0.04511916805646481
181,1.6999999999999995,16.381909547738694,0.08335451108082821
182,1.6999999999999995,16.582914572864325,0.09936566952878087
183,1.6999999999999995,16.78391959798995,0.09461477343870671
184,1.6999999999999995,16.98492462311558,0.097810150687791
185,1.6999999999999995,17.185929648241206,0.12632743199533952
186,1.6999999999999995,17.386934673366838,0.16944188553314152
187,1.6999999999999995,17.587939698492463,0.20529062446437285
188,1.6999999999999995,17.788944723618094,0.22263681002139318
189,1.6999999999999995,17.98994974874372,0.22509389756400966
190,1.6999999999999995,18.19095477386935,0.22265996480143221
191,1.6999999999999995,18.391959798994975,0.22456580991246192
192,1.6999999999999995,18.592964824120607,0.2373916196716576
193,1.6999999999999995,18.79396984924623,0.26338259320245677
194,1.6999999999999995,18.994974874371863,0.2968780950649205
195,1.6999999999999995,19.195979899497488,0.3238344465770762
196,1.6999999999999995,19.39698492462312,0.32928655027623355
197,1.6999999999999995,19.597989949748744,0.3091756136300673
198,1.6999999999999995,19.798994974874375,0.2763571483649341
199,1.6999999999999995,20.0,0.2536653767757369
