,t,height,fid
0,1.8999999999999997,-20.0,0.26895937005409426
1,1.8999999999999997,-19.798994974874372,0.26813107676943376
2,1.8999999999999997,-19.597989949748744,0.2764310916229277
3,1.8999999999999997,-19.396984924623116,0.2872068556753622
4,1.8999999999999997,-19.195979899497488,0.30028121516844325
5,1.8999999999999997,-18.99497487437186,0.32160497483362555
6,1.8999999999999997,-18.79396984924623,0.3450026374255487
7,1.8999999999999997,-18.592964824120603,0.3455500086575808
8,1.8999999999999997,-18.391959798994975,0.3070769970398241
9,1.8999999999999997,-18.190954773869347,0.25518586819031597
10,1.8999999999999997,-17.98994974874372,0.24319968898230124
11,1.8999999999999997,-17.78894472361809,0.29126519863427375
12,1.8999999999999997,-17.587939698492463,0.35019530449661507
13,1.8999999999999997,-17.386934673366834,0.34764913850896745
14,1.8999999999999997,-17.185929648241206,0.27292696272094086
15,1.8999999999999997,-16.984924623115578,0.19536062613735825
16,1.8999999999999997,-16.78391959798995,0.18478990550154595
17,1.8999999999999997,-16.582914572864322,0.22856762632478295
18,1.8999999999999997,-16.381909547738694,0.250072682490689
19,1.8999999999999997,-16.180904522613066,0.2049535061879479
20,1.8999999999999997,-15.979899497487438,0.1311652028545671
21,1.8999999999999997,-15.77889447236181,0.09344147577600737
22,1.8999999999999997,-15.577889447236181,0.10174101545915211
23,1.8999999999999997,-15.376884422110553,0.10849865737030505
24,1.8999999999999997,-15.175879396984925,0.07851585579385115
25,1.8999999999999997,-14.974874371859297,0.03425843890724135
26,1.8999999999999997,-14.773869346733669,0.017798984073749597
27,1.8999999999999997,-14.57286432160804,0.026432081308026826
28,1.8999999999999997,-14.371859296482413,0.02337285999838072
29,1.8999999999999997,-14.170854271356784,0.005475696207925164
30,1.8999999999999997,-13.969849246231156,0.0007251669294103701
31,1.8999999999999997,-13.768844221105528,0.007276623592865874
32,1.8999999999999997,-13.5678391959799,0.006237184874561911
33,1.8999999999999997,-13.366834170854272,0.0032318694582397335
34,1.8999999999999997,-13.165829145728644,0.005130961937689966
35,1.8999999999999997,-12.964824120603016,0.006305735616834944
36,1.8999999999999997,-12.763819095477388,0.006414815454932393
37,1.8999999999999997,-12.56281407035176,0.007357249173694515
38,1.8999999999999997,-12.361809045226131,0.00834567000644607
39,1.8999999999999997,-12.160804020100503,0.009311718341851367
40,1.8999999999999997,-11.959798994974873,0.010451735585304775
41,1.8999999999999997,-11.758793969849245,0.011713414855384078
42,1.8999999999999997,-11.557788944723617,0.013115796683478181
43,1.8999999999999997,-11.356783919597989,0.014683055035506092
44,1.8999999999999997,-11.15577889447236,0.016434713375083405
45,1.8999999999999997,-10.954773869346733,0.01839698696716436
46,1.8999999999999997,-10.753768844221105,0.02059773975330088
47,1.8999999999999997,-10.552763819095476,0.023072059894745436
48,1.8999999999999997,-10.351758793969848,0.025861003445286513
49,1.8999999999999997,-10.15075376884422,0.029012160289640022
50,1.8999999999999997,-9.949748743718592,0.032583528700019654
51,1.8999999999999997,-9.748743718592964,0.036644274327689505
52,1.8999999999999997,-9.547738693467336,0.04127682680762719
53,1.8999999999999997,-9.346733668341708,0.04657801733146204
54,1.8999999999999997,-9.14572864321608,0.0526643614300206
55,1.8999999999999997,-8.944723618090451,0.05966595469596844
56,1.8999999999999997,-8.743718592964823,0.06772944879649248
57,1.8999999999999997,-8.542713567839195,0.07701749295275172
58,1.8999999999999997,-8.341708542713567,0.08770155036206503
59,1.8999999999999997,-8.140703517587939,0.0999635732780639
60,1.8999999999999997,-7.939698492462311,0.11400418671963522
61,1.8999999999999997,-7.738693467336683,0.13004678211969684
62,1.8999999999999997,-7.537688442211055,0.14836150918329852
63,1.8999999999999997,-7.3366834170854265,0.16927568466416387
64,1.8999999999999997,-7.135678391959798,0.19320024160464486
65,1.8999999999999997,-6.93467336683417,0.22065497246559426
66,1.8999999999999997,-6.733668341708542,0.25227126657596277
67,1.8999999999999997,-6.532663316582914,0.2887797869513491
68,1.8999999999999997,-6.331658291457286,0.33097633864646836
69,1.8999999999999997,-6.130653266331658,0.37958963867057066
70,1.8999999999999997,-5.92964824120603,0.4350814097679265
71,1.8999999999999997,-5.7286432160804015,0.49726466372374956
72,1.8999999999999997,-5.527638190954773,0.5648780593721071
73,1.8999999999999997,-5.326633165829145,0.6352632077792145
74,1.8999999999999997,-5.125628140703517,0.7044096237250077
75,1.8999999999999997,-4.924623115577889,0.7676295946610282
76,1.8999999999999997,-4.723618090452261,0.8206370664472309
77,1.8999999999999997,-4.522613065326633,0.8606089388933181
78,1.8999999999999997,-4.321608040201005,0.886725956156033
79,1.8999999999999997,-4.1206030150753765,0.9000402450203032
80,1.8999999999999997,-3.9195979899497466,0.9028521614853798
81,1.8999999999999997,-3.7185929648241185,0.8979339304914383
82,1.8999999999999997,-3.5175879396984904,0.8879458997769983
83,1.8999999999999997,-3.3165829145728623,0.8750905878926261
84,1.8999999999999997,-3.115577889447234,0.8610163645016449
85,1.8999999999999997,-2.914572864321606,0.8468572816375117
86,1.8999999999999997,-2.713567839195978,0.8333250999569765
87,1.8999999999999997,-2.5125628140703498,0.8208343788452283
88,1.8999999999999997,-2.3115577889447216,0.8095861141262184
89,1.8999999999999997,-2.1105527638190935,0.799648474079691
90,1.8999999999999997,-1.9095477386934654,0.7910089371644844
91,1.8999999999999997,-1.7085427135678373,0.783609541474523
92,1.8999999999999997,-1.5075376884422091,0.7773703029311699
93,1.8999999999999997,-1.306532663316581,0.7722004140262262
94,1.8999999999999997,-1.105527638190953,0.7680151253808434
95,1.8999999999999997,-0.9045226130653248,0.7647342418299263
96,1.8999999999999997,-0.7035175879396967,0.7622916035054424
97,1.8999999999999997,-0.5025125628140685,0.760630567115982
98,1.8999999999999997,-0.3015075376884404,0.7597087602162046
99,1.8999999999999997,-0.10050251256281229,0.7594983947468185
100,1.8999999999999997,0.10050251256281584,0.7599851488757872
101,1.8999999999999997,0.30150753768844396,0.7611696415387669
102,1.8999999999999997,0.5025125628140721,0.7630677014767479
103,1.8999999999999997,0.7035175879397002,0.765709681245669
104,1.8999999999999997,0.9045226130653283,0.7691379577725234
105,1.8999999999999997,1.1055276381909565,0.7734116767116421
106,1.8999999999999997,1.3065326633165846,0.778602785019785
107,1.8999999999999997,1.5075376884422127,0.7847932531054178
108,1.8999999999999997,1.7085427135678408,0.7920782164987623
109,1.8999999999999997,1.909547738693469,0.8005517289572832
110,1.8999999999999997,2.110552763819097,0.8103043082530641
111,1.8999999999999997,2.311557788944725,0.8214050063140351
112,1.8999999999999997,2.5125628140703533,0.8338784036935812
113,1.8999999999999997,2.7135678391959814,0.8476695931189524
114,1.8999999999999997,2.9145728643216096,0.8625783969315289
115,1.8999999999999997,3.1155778894472377,0.8781958005077765
116,1.8999999999999997,3.316582914572866,0.8937813440093715
117,1.8999999999999997,3.517587939698494,0.9081540728195988
118,1.8999999999999997,3.718592964824122,0.9195609182644997
119,1.8999999999999997,3.91959798994975,0.9256270869253556
120,1.8999999999999997,4.120603015075378,0.9234572577817439
121,1.8999999999999997,4.321608040201006,0.9099958987474769
122,1.8999999999999997,4.5226130653266345,0.8826937420021276
123,1.8999999999999997,4.723618090452263,0.8403572733663482
124,1.8999999999999997,4.924623115577891,0.7838916053671807
125,1.8999999999999997,5.125628140703519,0.7164619222333792
126,1.8999999999999997,5.326633165829147,0.6428510490951007
127,1.8999999999999997,5.527638190954775,0.5682679309911751
128,1.8999999999999997,5.728643216080403,0.4970948670791178
129,1.8999999999999997,5.929648241206031,0.43216438036666593
130,1.8999999999999997,6.1306532663316595,0.37474307132230594
131,1.8999999999999997,6.331658291457288,0.3249195425482784
132,1.8999999999999997,6.532663316582916,0.28211974293694325
133,1.8999999999999997,6.733668341708544,0.24549645285850355
134,1.8999999999999997,6.934673366834172,0.21415978662069632
135,1.8999999999999997,7.1356783919598,0.18729004818580275
136,1.8999999999999997,7.336683417085428,0.16417521239233995
137,1.8999999999999997,7.537688442211056,0.14421653091795536
138,1.8999999999999997,7.7386934673366845,0.12692246935334256
139,1.8999999999999997,7.939698492462313,0.11188943701993871
140,1.8999999999999997,8.14070351758794,0.0987880372536902
141,1.8999999999999997,8.341708542713569,0.08734644916962613
142,1.8999999999999997,8.542713567839197,0.07733677921276831
143,1.8999999999999997,8.743718592964825,0.06857139991733939
144,1.8999999999999997,8.944723618090453,0.06088370116513407
145,1.8999999999999997,9.145728643216081,0.054133235981044074
146,1.8999999999999997,9.34673366834171,0.048195748438402346
147,1.8999999999999997,9.547738693467338,0.042965734277339594
148,1.8999999999999997,9.748743718592966,0.0383497661658856
149,1.8999999999999997,9.949748743718594,0.03426855200499351
150,1.8999999999999997,10.150753768844222,0.03065223257685512
151,1.8999999999999997,10.35175879396985,0.027443505713334707
152,1.8999999999999997,10.552763819095478,0.024589602429280877
153,1.8999999999999997,10.753768844221106,0.02204766380542594
154,1.8999999999999997,10.954773869346734,0.019780905668462603
155,1.8999999999999997,11.155778894472363,0.017755224502111488
156,1.8999999999999997,11.35678391959799,0.01594292155812487
157,1.8999999999999997,11.557788944723619,0.014319747495444039
158,1.8999999999999997,11.758793969849247,0.01286562512424826
159,1.8999999999999997,11.959798994974875,0.01155869200572721
160,1.8999999999999997,12.160804020100507,0.010369429716032117
161,1.8999999999999997,12.361809045226131,0.009370975090066888
162,1.8999999999999997,12.562814070351763,0.00836089453234063
163,1.8999999999999997,12.763819095477388,0.0073061867766915055
164,1.8999999999999997,12.96482412060302,0.007273231673023062
165,1.8999999999999997,13.165829145728644,0.006155430658622268
166,1.8999999999999997,13.366834170854275,0.003753130102072973
167,1.8999999999999997,13.5678391959799,0.007260272621780162
168,1.8999999999999997,13.768844221105532,0.008966819791911038
169,1.8999999999999997,13.969849246231156,0.0009726775805015847
170,1.8999999999999997,14.170854271356788,0.0065125433295438635
171,1.8999999999999997,14.371859296482413,0.027711981681055913
172,1.8999999999999997,14.572864321608044,0.02943620710841422
173,1.8999999999999997,14.773869346733669,0.01891938705586378
174,1.8999999999999997,14.9748743718593,0.04108922604276701
175,1.8999999999999997,15.175879396984925,0.09003402376905116
176,1.8999999999999997,15.376884422110557,0.11475414626202189
177,1.8999999999999997,15.577889447236181,0.10438734437520855
178,1.8999999999999997,15.778894472361813,0.10499686835501196
179,1.8999999999999997,15.979899497487438,0.15126005962188666
180,1.8999999999999997,16.18090452261307,0.21760666192748035
181,1.8999999999999997,16.381909547738694,0.24957237786370842
182,1.8999999999999997,16.582914572864325,0.23080121811679283
183,1.8999999999999997,16.78391959798995,0.20385997823181765
184,1.8999999999999997,16.98492462311558,0.22098471034536354
185,1.8999999999999997,17.185929648241206,0.2833182631662556
186,1.8999999999999997,17.386934673366838,0.33965154687819293
187,1.8999999999999997,17.587939698492463,0.34416042145950804
188,1.8999999999999997,17.788944723618094,0.3046923414640524
189,1.8999999999999997,17.98994974874372,0.2691890758605915
190,1.8999999999999997,18.19095477386935,0.2725456121888573
191,1.8999999999999997,18.391959798994975,0.30624779065922547
192,1.8999999999999997,18.592964824120607,0.33724602411714194
193,1.8999999999999997,18.79396984924623,0.3445894735617662
194,1.8999999999999997,18.994974874371863,0.3321607127231842
195,1.8999999999999997,19.195979899497488,0.31363615194749883
196,1.8999999999999997,19.39698492462312,0.2964852754512187
197,1.8999999999999997,19.597989949748744,0.28209288990291725
198,1.8999999999999997,19.798994974874375,0.27296293491784035
199,1.8999999999999997,20.0,0.27251977092687246
