,t,height,fid
0,1.2999999999999996,-20.0,0.07340564979664214
1,1.2999999999999996,-19.798994974874372,0.07203360264347194
2,1.2999999999999996,-19.597989949748744,0.05221632006477793
3,1.2999999999999996,-19.396984924623116,0.024318046744324657
4,1.2999999999999996,-19.195979899497488,0.004791893889085382
5,1.2999999999999996,-18.99497487437186,0.002146055296862052
6,1.2999999999999996,-18.79396984924623,0.01062333939619768
7,1.2999999999999996,-18.592964824120603,0.01745890679104819
8,1.2999999999999996,-18.391959798994975,0.015673119366197908
9,1.2999999999999996,-18.190954773869347,0.008887959397473898
10,1.2999999999999996,-17.98994974874372,0.004579757571313209
11,1.2999999999999996,-17.78894472361809,0.005391604274281421
12,1.2999999999999996,-17.587939698492463,0.008245204219966206
13,1.2999999999999996,-17.386934673366834,0.009727950927376388
14,1.2999999999999996,-17.185929648241206,0.009610717814238388
15,1.2999999999999996,-16.984924623115578,0.009428669950092746
16,1.2999999999999996,-16.78391959798995,0.009934862655430457
17,1.2999999999999996,-16.582914572864322,0.01078067258281106
18,1.2999999999999996,-16.381909547738694,0.011555078099395988
19,1.2999999999999996,-16.180904522613066,0.012250087243280385
20,1.2999999999999996,-15.979899497487438,0.012996428486223425
21,1.2999999999999996,-15.77889447236181,0.013832922804449982
22,1.2999999999999996,-15.577889447236181,0.014740960933925063
23,1.2999999999999996,-15.376884422110553,0.015712543343839248
24,1.2999999999999996,-15.175879396984925,0.01675500062131115
25,1.2999999999999996,-14.974874371859297,0.017871068879856122
26,1.2999999999999996,-14.773869346733669,0.019054469297185746
27,1.2999999999999996,-14.57286432160804,0.020290469354132656
28,1.2999999999999996,-14.371859296482413,0.021556309947107416
29,1.2999999999999996,-14.170854271356784,0.0228234818914596
30,1.2999999999999996,-13.969849246231156,0.024061504857829787
31,1.2999999999999996,-13.768844221105528,0.025243022047742265
32,1.2999999999999996,-13.5678391959799,0.026355528338012486
33,1.2999999999999996,-13.366834170854272,0.027400127624701648
34,1.2999999999999996,-13.165829145728644,0.028402804288054716
35,1.2999999999999996,-12.964824120603016,0.029410234019012816
36,1.2999999999999996,-12.763819095477388,0.03048871643214635
37,1.2999999999999996,-12.56281407035176,0.03171839820583075
38,1.2999999999999996,-12.361809045226131,0.03318569078622879
39,1.2999999999999996,-12.160804020100503,0.03497616055192205
40,1.2999999999999996,-11.959798994974873,0.03716807951379766
41,1.2999999999999996,-11.758793969849245,0.039829955113195405
42,1.2999999999999996,-11.557788944723617,0.0430147640017089
43,1.2999999999999996,-11.356783919597989,0.04676228714411926
44,1.2999999999999996,-11.15577889447236,0.05110104894165491
45,1.2999999999999996,-10.954773869346733,0.05605158030099799
46,1.2999999999999996,-10.753768844221105,0.06162818428299701
47,1.2999999999999996,-10.552763819095476,0.06784744931655848
48,1.2999999999999996,-10.351758793969848,0.07472843754875741
49,1.2999999999999996,-10.15075376884422,0.0822951530045395
50,1.2999999999999996,-9.949748743718592,0.0905854145735985
51,1.2999999999999996,-9.748743718592964,0.09964130093651155
52,1.2999999999999996,-9.547738693467336,0.10952588192663697
53,1.2999999999999996,-9.346733668341708,0.12031084658685999
54,1.2999999999999996,-9.14572864321608,0.13208410295606016
55,1.2999999999999996,-8.944723618090451,0.14495167151712254
56,1.2999999999999996,-8.743718592964823,0.15903102031537356
57,1.2999999999999996,-8.542713567839195,0.1744594659266613
58,1.2999999999999996,-8.341708542713567,0.1913916569407688
59,1.2999999999999996,-8.140703517587939,0.2099930948705881
60,1.2999999999999996,-7.939698492462311,0.23045389576243774
61,1.2999999999999996,-7.738693467336683,0.2529639444855566
62,1.2999999999999996,-7.537688442211055,0.2777247350517091
63,1.2999999999999996,-7.3366834170854265,0.30492472195207904
64,1.2999999999999996,-7.135678391959798,0.3347383490712971
65,1.2999999999999996,-6.93467336683417,0.3672767334247726
66,1.2999999999999996,-6.733668341708542,0.40257763086407894
67,1.2999999999999996,-6.532663316582914,0.4405445800618019
68,1.2999999999999996,-6.331658291457286,0.48090533642801875
69,1.2999999999999996,-6.130653266331658,0.5231668464936491
70,1.2999999999999996,-5.92964824120603,0.566588058298157
71,1.2999999999999996,-5.7286432160804015,0.6101883370443181
72,1.2999999999999996,-5.527638190954773,0.6527968426286769
73,1.2999999999999996,-5.326633165829145,0.693164713332358
74,1.2999999999999996,-5.125628140703517,0.7300731551155438
75,1.2999999999999996,-4.924623115577889,0.7624928159813323
76,1.2999999999999996,-4.723618090452261,0.7896950914731392
77,1.2999999999999996,-4.522613065326633,0.8113098021650185
78,1.2999999999999996,-4.321608040201005,0.8273365245467719
79,1.2999999999999996,-4.1206030150753765,0.83810058750137
80,1.2999999999999996,-3.9195979899497466,0.8441648944609396
81,1.2999999999999996,-3.7185929648241185,0.8462421380738623
82,1.2999999999999996,-3.5175879396984904,0.8450953731199872
83,1.2999999999999996,-3.3165829145728623,0.8414775207580067
84,1.2999999999999996,-3.115577889447234,0.8360727925913466
85,1.2999999999999996,-2.914572864321606,0.8294737009067465
86,1.2999999999999996,-2.713567839195978,0.8221753511358217
87,1.2999999999999996,-2.5125628140703498,0.8145717854490874
88,1.2999999999999996,-2.3115577889447216,0.806970117979293
89,1.2999999999999996,-2.1105527638190935,0.7996024929259392
90,1.2999999999999996,-1.9095477386934654,0.7926400003770909
91,1.2999999999999996,-1.7085427135678373,0.7862052063820072
92,1.2999999999999996,-1.5075376884422091,0.7803835803578797
93,1.2999999999999996,-1.306532663316581,0.7752342409862272
94,1.2999999999999996,-1.105527638190953,0.770791369803421
95,1.2999999999999996,-0.9045226130653248,0.7670794103308132
96,1.2999999999999996,-0.7035175879396967,0.7641104266944659
97,1.2999999999999996,-0.5025125628140685,0.7618934503800012
98,1.2999999999999996,-0.3015075376884404,0.7604311652003675
99,1.2999999999999996,-0.10050251256281229,0.7597246692728341
100,1.2999999999999996,0.10050251256281584,0.7597747076967792
101,1.2999999999999996,0.30150753768844396,0.7605822176251952
102,1.2999999999999996,0.5025125628140721,0.7621486620323753
103,1.2999999999999996,0.7035175879397002,0.7644752300491288
104,1.2999999999999996,0.9045226130653283,0.7675628481079716
105,1.2999999999999996,1.1055276381909565,0.7714064951441677
106,1.2999999999999996,1.3065326633165846,0.7759993061258464
107,1.2999999999999996,1.5075376884422127,0.7813231741749683
108,1.2999999999999996,1.7085427135678408,0.787351420280078
109,1.2999999999999996,1.909547738693469,0.794033620286193
110,1.2999999999999996,2.110552763819097,0.8012934598774447
111,1.2999999999999996,2.311557788944725,0.8090179361448081
112,1.2999999999999996,2.5125628140703533,0.8170447736306363
113,1.2999999999999996,2.7135678391959814,0.8251488907460734
114,1.2999999999999996,2.9145728643216096,0.8330269929561822
115,1.2999999999999996,3.1155778894472377,0.8402833935878063
116,1.2999999999999996,3.316582914572866,0.846414915038467
117,1.2999999999999996,3.517587939698494,0.8508081093391326
118,1.2999999999999996,3.718592964824122,0.8527484187879116
119,1.2999999999999996,3.91959798994975,0.8514430804888978
120,1.2999999999999996,4.120603015075378,0.8460719123124449
121,1.2999999999999996,4.321608040201006,0.8358653855854269
122,1.2999999999999996,4.5226130653266345,0.8202018963162722
123,1.2999999999999996,4.723618090452263,0.798708458278897
124,1.2999999999999996,4.924623115577891,0.7713608442968907
125,1.2999999999999996,5.125628140703519,0.7385271749532206
126,1.2999999999999996,5.326633165829147,0.7009827066980568
127,1.2999999999999996,5.527638190954775,0.6598086581668243
128,1.2999999999999996,5.728643216080403,0.6163042142002804
129,1.2999999999999996,5.929648241206031,0.5717988340349258
130,1.2999999999999996,6.1306532663316595,0.5275351135908504
131,1.2999999999999996,6.331658291457288,0.48454137750616905
132,1.2999999999999996,6.532663316582916,0.44358541348377367
133,1.2999999999999996,6.733668341708544,0.4051715806136666
134,1.2999999999999996,6.934673366834172,0.36956561536892235
135,1.2999999999999996,7.1356783919598,0.3368504281588808
136,1.2999999999999996,7.336683417085428,0.30696833155920855
137,1.2999999999999996,7.537688442211056,0.2797926573048375
138,1.2999999999999996,7.7386934673366845,0.2551323070025373
139,1.2999999999999996,7.939698492462313,0.232785508540605
140,1.2999999999999996,8.14070351758794,0.2125406971567521
141,1.2999999999999996,8.341708542713569,0.19419772106476393
142,1.2999999999999996,8.542713567839197,0.17756154506448626
143,1.2999999999999996,8.743718592964825,0.1624590949700853
144,1.2999999999999996,8.944723618090453,0.14873093179423538
145,1.2999999999999996,9.145728643216081,0.1362332261847117
146,1.2999999999999996,9.34673366834171,0.1248426060802911
147,1.2999999999999996,9.547738693467338,0.11444522805676402
148,1.2999999999999996,9.748743718592966,0.10494321439992696
149,1.2999999999999996,9.949748743718594,0.0962519855073105
150,1.2999999999999996,10.150753768844222,0.0882997776380018
151,1.2999999999999996,10.35175879396985,0.08102026796476643
152,1.2999999999999996,10.552763819095478,0.07436550398501483
153,1.2999999999999996,10.753768844221106,0.06828790892781987
154,1.2999999999999996,10.954773869346734,0.06275154681266634
155,1.2999999999999996,11.155778894472363,0.05772549401213193
156,1.2999999999999996,11.35678391959799,0.053180244193995974
157,1.2999999999999996,11.557788944723619,0.049088656780193037
158,1.2999999999999996,11.758793969849247,0.0454246487932931
159,1.2999999999999996,11.959798994974875,0.042159009479490264
160,1.2999999999999996,12.160804020100507,0.039256620127162876
161,1.2999999999999996,12.361809045226131,0.036681639393475844
162,1.2999999999999996,12.562814070351763,0.03439170727152445
163,1.2999999999999996,12.763819095477388,0.03234216220280603
164,1.2999999999999996,12.96482412060302,0.030487756988166564
165,1.2999999999999996,13.165829145728644,0.02878632570618362
166,1.2999999999999996,13.366834170854275,0.02719910212698498
167,1.2999999999999996,13.5678391959799,0.02569382271195767
168,1.2999999999999996,13.768844221105532,0.024250980968603782
169,1.2999999999999996,13.969849246231156,0.02285684326123521
170,1.2999999999999996,14.170854271356788,0.021508224798595908
171,1.2999999999999996,14.371859296482413,0.020207755188655672
172,1.2999999999999996,14.572864321608044,0.018960184877115725
173,1.2999999999999996,14.773869346733669,0.017772321047663093
174,1.2999999999999996,14.9748743718593,0.016650251271625654
175,1.2999999999999996,15.175879396984925,0.01559713965098839
176,1.2999999999999996,15.376884422110557,0.01461413034275327
177,1.2999999999999996,15.577889447236181,0.013695481782967788
178,1.2999999999999996,15.778894472361813,0.012833309169130561
179,1.2999999999999996,15.979899497487438,0.012034324782388023
180,1.2999999999999996,16.18090452261307,0.01132674021502292
181,1.2999999999999996,16.381909547738694,0.010682475700522583
182,1.2999999999999996,16.582914572864325,0.009955086604094597
183,1.2999999999999996,16.78391959798995,0.00910349217472852
184,1.2999999999999996,16.98492462311558,0.008551564762671432
185,1.2999999999999996,17.185929648241206,0.008782698836702707
186,1.2999999999999996,17.386934673366838,0.009115316323549187
187,1.2999999999999996,17.587939698492463,0.007798374348351483
188,1.2999999999999996,17.788944723618094,0.004767312382966963
189,1.2999999999999996,17.98994974874372,0.003585418497746405
190,1.2999999999999996,18.19095477386935,0.00793472934906348
191,1.2999999999999996,18.391959798994975,0.01549419887867416
192,1.2999999999999996,18.592964824120607,0.01831892060145211
193,1.2999999999999996,18.79396984924623,0.012038702391118991
194,1.2999999999999996,18.994974874371863,0.0035083607375234987
195,1.2999999999999996,19.195979899497488,0.006113933519494862
196,1.2999999999999996,19.39698492462312,0.02628479128105221
197,1.2999999999999996,19.597989949748744,0.055640388656124404
198,1.2999999999999996,19.798994974874375,0.07739969605049617
199,1.2999999999999996,20.0,0.08081211102933028
