,t,height,fid
0,1.3999999999999997,-20.0,0.1356762281120848
1,1.3999999999999997,-19.798994974874372,0.1377879605390054
2,1.3999999999999997,-19.597989949748744,0.12940092572269016
3,1.3999999999999997,-19.396984924623116,0.1063007047827312
4,1.3999999999999997,-19.195979899497488,0.07356393361940855
5,1.3999999999999997,-18.99497487437186,0.04372607259233682
6,1.3999999999999997,-18.79396984924623,0.028417027316099835
7,1.3999999999999997,-18.592964824120603,0.02893741571387323
8,1.3999999999999997,-18.391959798994975,0.034634701260387105
9,1.3999999999999997,-18.190954773869347,0.03247681337387905
10,1.3999999999999997,-17.98994974874372,0.0195951396015631
11,1.3999999999999997,-17.78894472361809,0.005340321372831872
12,1.3999999999999997,-17.587939698492463,3.423411025618245e-05
13,1.3999999999999997,-17.386934673366834,0.0036662379707214595
14,1.3999999999999997,-17.185929648241206,0.007970579123770706
15,1.3999999999999997,-16.984924623115578,0.007576639667108481
16,1.3999999999999997,-16.78391959798995,0.004801221637635061
17,1.3999999999999997,-16.582914572864322,0.003857035021369149
18,1.3999999999999997,-16.381909547738694,0.005069864360684652
19,1.3999999999999997,-16.180904522613066,0.006308155378908017
20,1.3999999999999997,-15.979899497487438,0.006712280464258326
21,1.3999999999999997,-15.77889447236181,0.00694408473569185
22,1.3999999999999997,-15.577889447236181,0.007476254657964663
23,1.3999999999999997,-15.376884422110553,0.008167782494495767
24,1.3999999999999997,-15.175879396984925,0.008852947098850457
25,1.3999999999999997,-14.974874371859297,0.009553196480562742
26,1.3999999999999997,-14.773869346733669,0.010316990834142888
27,1.3999999999999997,-14.57286432160804,0.011148593939718765
28,1.3999999999999997,-14.371859296482413,0.012044296094161834
29,1.3999999999999997,-14.170854271356784,0.013010383714088105
30,1.3999999999999997,-13.969849246231156,0.014054884245827796
31,1.3999999999999997,-13.768844221105528,0.015188609003145238
32,1.3999999999999997,-13.5678391959799,0.016427324108952687
33,1.3999999999999997,-13.366834170854272,0.017796496908424705
34,1.3999999999999997,-13.165829145728644,0.019329737601008378
35,1.3999999999999997,-12.964824120603016,0.021072157004875997
36,1.3999999999999997,-12.763819095477388,0.023079327564997105
37,1.3999999999999997,-12.56281407035176,0.025408609318857543
38,1.3999999999999997,-12.361809045226131,0.028116150790349088
39,1.3999999999999997,-12.160804020100503,0.031246843941473285
40,1.3999999999999997,-11.959798994974873,0.03483091385698328
41,1.3999999999999997,-11.758793969849245,0.03887727660396253
42,1.3999999999999997,-11.557788944723617,0.04337742757903934
43,1.3999999999999997,-11.356783919597989,0.048305871572181816
44,1.3999999999999997,-11.15577889447236,0.05362905238123344
45,1.3999999999999997,-10.954773869346733,0.059311469844139555
46,1.3999999999999997,-10.753768844221105,0.0653250259323174
47,1.3999999999999997,-10.552763819095476,0.07165935363430337
48,1.3999999999999997,-10.351758793969848,0.07831732436708201
49,1.3999999999999997,-10.15075376884422,0.08532954598848405
50,1.3999999999999997,-9.949748743718592,0.0927442640684726
51,1.3999999999999997,-9.748743718592964,0.10063153874592391
52,1.3999999999999997,-9.547738693467336,0.10908518661383722
53,1.3999999999999997,-9.346733668341708,0.11821022695899588
54,1.3999999999999997,-9.14572864321608,0.12813253938442443
55,1.3999999999999997,-8.944723618090451,0.13898915519498603
56,1.3999999999999997,-8.743718592964823,0.15093367215000084
57,1.3999999999999997,-8.542713567839195,0.16413107863697488
58,1.3999999999999997,-8.341708542713567,0.17876332633429148
59,1.3999999999999997,-8.140703517587939,0.19503126729418285
60,1.3999999999999997,-7.939698492462311,0.21314570495318833
61,1.3999999999999997,-7.738693467336683,0.23334240985160754
62,1.3999999999999997,-7.537688442211055,0.25586445692058857
63,1.3999999999999997,-7.3366834170854265,0.28096419144870627
64,1.3999999999999997,-7.135678391959798,0.3088876001390598
65,1.3999999999999997,-6.93467336683417,0.33985700932593293
66,1.3999999999999997,-6.733668341708542,0.37402026879146055
67,1.3999999999999997,-6.532663316582914,0.41142983233448305
68,1.3999999999999997,-6.331658291457286,0.4519516993851926
69,1.3999999999999997,-6.130653266331658,0.49520977292369217
70,1.3999999999999997,-5.92964824120603,0.5405192968804484
71,1.3999999999999997,-5.7286432160804015,0.5868674394580318
72,1.3999999999999997,-5.527638190954773,0.6329334574003727
73,1.3999999999999997,-5.326633165829145,0.6771967098564349
74,1.3999999999999997,-5.125628140703517,0.7181107131291825
75,1.3999999999999997,-4.924623115577889,0.7542851898408965
76,1.3999999999999997,-4.723618090452261,0.784695774534308
77,1.3999999999999997,-4.522613065326633,0.8087729739875072
78,1.3999999999999997,-4.321608040201005,0.8264459749680231
79,1.3999999999999997,-4.1206030150753765,0.8380849148431292
80,1.3999999999999997,-3.9195979899497466,0.8443798598714785
81,1.3999999999999997,-3.7185929648241185,0.8462145205561407
82,1.3999999999999997,-3.5175879396984904,0.844531768302487
83,1.3999999999999997,-3.3165829145728623,0.8402387411905492
84,1.3999999999999997,-3.115577889447234,0.8341429414884206
85,1.3999999999999997,-2.914572864321606,0.8269260669653212
86,1.3999999999999997,-2.713567839195978,0.8191321659961728
87,1.3999999999999997,-2.5125628140703498,0.8111809645518037
88,1.3999999999999997,-2.3115577889447216,0.8033842120352509
89,1.3999999999999997,-2.1105527638190935,0.7959652346664442
90,1.3999999999999997,-1.9095477386934654,0.7890782412014034
91,1.3999999999999997,-1.7085427135678373,0.7828256182651323
92,1.3999999999999997,-1.5075376884422091,0.7772727961930619
93,1.3999999999999997,-1.306532663316581,0.7724544591560669
94,1.3999999999999997,-1.105527638190953,0.7683913414180555
95,1.3999999999999997,-0.9045226130653248,0.7650899177122076
96,1.3999999999999997,-0.7035175879396967,0.7625534938826916
97,1.3999999999999997,-0.5025125628140685,0.7607785794246072
98,1.3999999999999997,-0.3015075376884404,0.7597619346478418
99,1.3999999999999997,-0.10050251256281229,0.7595016245414307
100,1.3999999999999997,0.10050251256281584,0.7599968913308323
101,1.3999999999999997,0.30150753768844396,0.7612494807356197
102,1.3999999999999997,0.5025125628140721,0.7632636399636487
103,1.3999999999999997,0.7035175879397002,0.7660458232543583
104,1.3999999999999997,0.9045226130653283,0.769600368884687
105,1.3999999999999997,1.1055276381909565,0.7739340448195897
106,1.3999999999999997,1.3065326633165846,0.7790486498529493
107,1.3999999999999997,1.5075376884422127,0.784937834412281
108,1.3999999999999997,1.7085427135678408,0.7915879055781478
109,1.3999999999999997,1.909547738693469,0.7989621205477675
110,1.3999999999999997,2.110552763819097,0.8069977596034603
111,1.3999999999999997,2.311557788944725,0.8155927895768047
112,1.3999999999999997,2.5125628140703533,0.8245911618362392
113,1.3999999999999997,2.7135678391959814,0.8337642192243337
114,1.3999999999999997,2.9145728643216096,0.842790727896958
115,1.3999999999999997,3.1155778894472377,0.8512312425535942
116,1.3999999999999997,3.316582914572866,0.8585107390577092
117,1.3999999999999997,3.517587939698494,0.8639081138228901
118,1.3999999999999997,3.718592964824122,0.8665567323815366
119,1.3999999999999997,3.91959798994975,0.8654761726023538
120,1.3999999999999997,4.120603015075378,0.8596388620357567
121,1.3999999999999997,4.321608040201006,0.8480755930022394
122,1.3999999999999997,4.5226130653266345,0.830016094257923
123,1.3999999999999997,4.723618090452263,0.8050491536874911
124,1.3999999999999997,4.924623115577891,0.773242108037023
125,1.3999999999999997,5.125628140703519,0.7352104543659811
126,1.3999999999999997,5.326633165829147,0.6920925025970699
127,1.3999999999999997,5.527638190954775,0.6454082165196373
128,1.3999999999999997,5.728643216080403,0.5968595895948449
129,1.3999999999999997,5.929648241206031,0.5480999634609792
130,1.3999999999999997,6.1306532663316595,0.5005539146515348
131,1.3999999999999997,6.331658291457288,0.45529504490262107
132,1.3999999999999997,6.532663316582916,0.41303013431617736
133,1.3999999999999997,6.733668341708544,0.3741287362780154
134,1.3999999999999997,6.934673366834172,0.3386969247880205
135,1.3999999999999997,7.1356783919598,0.3066526648625254
136,1.3999999999999997,7.336683417085428,0.27781553894800765
137,1.3999999999999997,7.537688442211056,0.25193162013197884
138,1.3999999999999997,7.7386934673366845,0.22873363089082685
139,1.3999999999999997,7.939698492462313,0.20795043502829919
140,1.3999999999999997,8.14070351758794,0.18932827880441327
141,1.3999999999999997,8.341708542713569,0.17262438336540964
142,1.3999999999999997,8.542713567839197,0.15762385866508918
143,1.3999999999999997,8.743718592964825,0.1441317087526543
144,1.3999999999999997,8.944723618090453,0.13197106390883903
145,1.3999999999999997,9.145728643216081,0.12098615916764031
146,1.3999999999999997,9.34673366834171,0.1110352551798376
147,1.3999999999999997,9.547738693467338,0.10199231755579202
148,1.3999999999999997,9.748743718592966,0.09374406729301744
149,1.3999999999999997,9.949748743718594,0.08619183354145252
150,1.3999999999999997,10.150753768844222,0.07924845064892758
151,1.3999999999999997,10.35175879396985,0.07284030843726838
152,1.3999999999999997,10.552763819095478,0.0669035440881539
153,1.3999999999999997,10.753768844221106,0.061392294132643
154,1.3999999999999997,10.954773869346734,0.05626804274523149
155,1.3999999999999997,11.155778894472363,0.05150569531019064
156,1.3999999999999997,11.35678391959799,0.047089692088865785
157,1.3999999999999997,11.557788944723619,0.04301119862382285
158,1.3999999999999997,11.758793969849247,0.03926441894771654
159,1.3999999999999997,11.959798994974875,0.03584493325077649
160,1.3999999999999997,12.160804020100507,0.03274332733614865
161,1.3999999999999997,12.361809045226131,0.029946131989853866
162,1.3999999999999997,12.562814070351763,0.027435316412520203
163,1.3999999999999997,12.763819095477388,0.025184439438711927
164,1.3999999999999997,12.96482412060302,0.023166328833109352
165,1.3999999999999997,13.165829145728644,0.02135067400546846
166,1.3999999999999997,13.366834170854275,0.01970911438777025
167,1.3999999999999997,13.5678391959799,0.018216225257831363
168,1.3999999999999997,13.768844221105532,0.016850939750429623
169,1.3999999999999997,13.969849246231156,0.015597136875956832
170,1.3999999999999997,14.170854271356788,0.014442649135026246
171,1.3999999999999997,14.371859296482413,0.013377140843133387
172,1.3999999999999997,14.572864321608044,0.0123905811686317
173,1.3999999999999997,14.773869346733669,0.01147624290448406
174,1.3999999999999997,14.9748743718593,0.010637176665671173
175,1.3999999999999997,15.175879396984925,0.009875198182613907
176,1.3999999999999997,15.376884422110557,0.00913657823709697
177,1.3999999999999997,15.577889447236181,0.008368958183053542
178,1.3999999999999997,15.778894472361813,0.00775360751902663
179,1.3999999999999997,15.979899497487438,0.007529991458156951
180,1.3999999999999997,16.18090452261307,0.007209729592055964
181,1.3999999999999997,16.381909547738694,0.005862591996408332
182,1.3999999999999997,16.582914572864325,0.004289476328450938
183,1.3999999999999997,16.78391959798995,0.0051961659168600766
184,1.3999999999999997,16.98492462311558,0.008660388725382292
185,1.3999999999999997,17.185929648241206,0.009659491427572015
186,1.3999999999999997,17.386934673366838,0.004793179143145252
187,1.3999999999999997,17.587939698492463,9.528705041036915e-05
188,1.3999999999999997,17.788944723618094,0.005884026578241569
189,1.3999999999999997,17.98994974874372,0.022741797223426535
190,1.3999999999999997,18.19095477386935,0.038193028205335974
191,1.3999999999999997,18.391959798994975,0.040516758256911506
192,1.3999999999999997,18.592964824120607,0.03306769296663146
193,1.3999999999999997,18.79396984924623,0.03186920060536647
194,1.3999999999999997,18.994974874371863,0.04976416161191015
195,1.3999999999999997,19.195979899497488,0.08442439347066967
196,1.3999999999999997,19.39698492462312,0.12090528832215769
197,1.3999999999999997,19.597989949748744,0.14410878571168254
198,1.3999999999999997,19.798994974874375,0.14935017910496864
199,1.3999999999999997,20.0,0.1437894442931034
