,t,height,fid
0,0.9999999999999998,-20.0,0.011812747286352234
1,0.9999999999999998,-19.798994974874372,0.01276757442236141
2,0.9999999999999998,-19.597989949748744,0.013862142193556222
3,0.9999999999999998,-19.396984924623116,0.015119573889305127
4,0.9999999999999998,-19.195979899497488,0.01654172800589782
5,0.9999999999999998,-18.99497487437186,0.01810612334406974
6,0.9999999999999998,-18.79396984924623,0.01977048066864331
7,0.9999999999999998,-18.592964824120603,0.021483793915045384
8,0.9999999999999998,-18.391959798994975,0.02318956601283101
9,0.9999999999999998,-18.190954773869347,0.02483193783571413
10,0.9999999999999998,-17.98994974874372,0.026359667235676693
11,0.9999999999999998,-17.78894472361809,0.02772734475439412
12,0.9999999999999998,-17.587939698492463,0.02890438749796773
13,0.9999999999999998,-17.386934673366834,0.02987335609651312
14,0.9999999999999998,-17.185929648241206,0.030632145987856157
15,0.9999999999999998,-16.984924623115578,0.031193513800274665
16,0.9999999999999998,-16.78391959798995,0.03158257302595594
17,0.9999999999999998,-16.582914572864322,0.03183546820796305
18,0.9999999999999998,-16.381909547738694,0.03199510333189023
19,0.9999999999999998,-16.180904522613066,0.032109670417587596
20,0.9999999999999998,-15.979899497487438,0.032228664491913354
21,0.9999999999999998,-15.77889447236181,0.032400359942312676
22,0.9999999999999998,-15.577889447236181,0.03267021808446322
23,0.9999999999999998,-15.376884422110553,0.03307822850861763
24,0.9999999999999998,-15.175879396984925,0.0336602763927072
25,0.9999999999999998,-14.974874371859297,0.03444555003513231
26,0.9999999999999998,-14.773869346733669,0.03545782067675473
27,0.9999999999999998,-14.57286432160804,0.03671474741397695
28,0.9999999999999998,-14.371859296482413,0.038230944827581645
29,0.9999999999999998,-14.170854271356784,0.040017001352729134
30,0.9999999999999998,-13.969849246231156,0.04208060653614261
31,0.9999999999999998,-13.768844221105528,0.04442636191830961
32,0.9999999999999998,-13.5678391959799,0.04706073384299285
33,0.9999999999999998,-13.366834170854272,0.04998761087041006
34,0.9999999999999998,-13.165829145728644,0.053213457352050124
35,0.9999999999999998,-12.964824120603016,0.05674417398292443
36,0.9999999999999998,-12.763819095477388,0.06058899424400469
37,0.9999999999999998,-12.56281407035176,0.06475830267995826
38,0.9999999999999998,-12.361809045226131,0.06926685675901029
39,0.9999999999999998,-12.160804020100503,0.0741280174283622
40,0.9999999999999998,-11.959798994974873,0.07936180355587441
41,0.9999999999999998,-11.758793969849245,0.0849917076143832
42,0.9999999999999998,-11.557788944723617,0.09104338185830595
43,0.9999999999999998,-11.356783919597989,0.09754383838271162
44,0.9999999999999998,-11.15577889447236,0.10452861357862177
45,0.9999999999999998,-10.954773869346733,0.11203392174541302
46,0.9999999999999998,-10.753768844221105,0.12010215392590375
47,0.9999999999999998,-10.552763819095476,0.12877815004654233
48,0.9999999999999998,-10.351758793969848,0.13811444132935113
49,0.9999999999999998,-10.15075376884422,0.1481666163493663
50,0.9999999999999998,-9.949748743718592,0.15899390033106856
51,0.9999999999999998,-9.748743718592964,0.17066581849477416
52,0.9999999999999998,-9.547738693467336,0.1832490700758455
53,0.9999999999999998,-9.346733668341708,0.19682964200430844
54,0.9999999999999998,-9.14572864321608,0.21148009523035774
55,0.9999999999999998,-8.944723618090451,0.22729313811980578
56,0.9999999999999998,-8.743718592964823,0.24435365070058016
57,0.9999999999999998,-8.542713567839195,0.2627499378664358
58,0.9999999999999998,-8.341708542713567,0.28257034998982594
59,0.9999999999999998,-8.140703517587939,0.30388760535005693
60,0.9999999999999998,-7.939698492462311,0.3267688132664885
61,0.9999999999999998,-7.738693467336683,0.35125131463585374
62,0.9999999999999998,-7.537688442211055,0.3773401624172738
63,0.9999999999999998,-7.3366834170854265,0.4050030687183508
64,0.9999999999999998,-7.135678391959798,0.4341387623792674
65,0.9999999999999998,-6.93467336683417,0.46458276930947456
66,0.9999999999999998,-6.733668341708542,0.4960810239632528
67,0.9999999999999998,-6.532663316582914,0.5282992226786661
68,0.9999999999999998,-6.331658291457286,0.5608158257503568
69,0.9999999999999998,-6.130653266331658,0.5931368284347526
70,0.9999999999999998,-5.92964824120603,0.6247110553693821
71,0.9999999999999998,-5.7286432160804015,0.6549698441885637
72,0.9999999999999998,-5.527638190954773,0.6833644031627221
73,0.9999999999999998,-5.326633165829145,0.7093964182596394
74,0.9999999999999998,-5.125628140703517,0.7326596271339807
75,0.9999999999999998,-4.924623115577889,0.7528665975580343
76,0.9999999999999998,-4.723618090452261,0.7698676132056731
77,0.9999999999999998,-4.522613065326633,0.7836350423891046
78,0.9999999999999998,-4.321608040201005,0.7942731041356331
79,0.9999999999999998,-4.1206030150753765,0.8019833156315179
80,0.9999999999999998,-3.9195979899497466,0.807044266866408
81,0.9999999999999998,-3.7185929648241185,0.8097834775967419
82,0.9999999999999998,-3.5175879396984904,0.8105522056250194
83,0.9999999999999998,-3.3165829145728623,0.8097027711131145
84,0.9999999999999998,-3.115577889447234,0.8075731131717971
85,0.9999999999999998,-2.914572864321606,0.8044747364358857
86,0.9999999999999998,-2.713567839195978,0.8006863748532707
87,0.9999999999999998,-2.5125628140703498,0.7964513567041228
88,0.9999999999999998,-2.3115577889447216,0.7919772902775389
89,0.9999999999999998,-2.1105527638190935,0.7874385498871246
90,0.9999999999999998,-1.9095477386934654,0.7829790514684177
91,0.9999999999999998,-1.7085427135678373,0.7787175386363661
92,0.9999999999999998,-1.5075376884422091,0.7747454847563537
93,0.9999999999999998,-1.306532663316581,0.7711394763201288
94,0.9999999999999998,-1.105527638190953,0.7679589060397968
95,0.9999999999999998,-0.9045226130653248,0.7652486653616264
96,0.9999999999999998,-0.7035175879396967,0.7630463649585839
97,0.9999999999999998,-0.5025125628140685,0.7613776225084643
98,0.9999999999999998,-0.3015075376884404,0.7602620064938725
99,0.9999999999999998,-0.10050251256281229,0.7597135267125498
100,0.9999999999999998,0.10050251256281584,0.7597403583789221
101,0.9999999999999998,0.30150753768844396,0.7603465189154366
102,0.9999999999999998,0.5025125628140721,0.7615311281557959
103,0.9999999999999998,0.7035175879397002,0.7632884097136902
104,0.9999999999999998,0.9045226130653283,0.765606368067387
105,0.9999999999999998,1.1055276381909565,0.7684678731878466
106,0.9999999999999998,1.3065326633165846,0.7718434587405875
107,0.9999999999999998,1.5075376884422127,0.7756970830949461
108,0.9999999999999998,1.7085427135678408,0.7799778558604666
109,0.9999999999999998,1.909547738693469,0.7846172735463309
110,0.9999999999999998,2.110552763819097,0.7895315820335046
111,0.9999999999999998,2.311557788944725,0.794608290131451
112,0.9999999999999998,2.5125628140703533,0.7997082447768715
113,0.9999999999999998,2.7135678391959814,0.8046592400528069
114,0.9999999999999998,2.9145728643216096,0.8092523790669909
115,0.9999999999999998,3.1155778894472377,0.8132387334204965
116,0.9999999999999998,3.316582914572866,0.8163291761484515
117,0.9999999999999998,3.517587939698494,0.818195617248673
118,0.9999999999999998,3.718592964824122,0.8184781288851583
119,0.9999999999999998,3.91959798994975,0.8167949846208202
120,0.9999999999999998,4.120603015075378,0.8127616034296805
121,0.9999999999999998,4.321608040201006,0.8060122879493504
122,0.9999999999999998,4.5226130653266345,0.7962297860779357
123,0.9999999999999998,4.723618090452263,0.7831736935056821
124,0.9999999999999998,4.924623115577891,0.7667139344698624
125,0.9999999999999998,5.125628140703519,0.7468456425785385
126,0.9999999999999998,5.326633165829147,0.7237217550426203
127,0.9999999999999998,5.527638190954775,0.6976228539579925
128,0.9999999999999998,5.728643216080403,0.6689747442250531
129,0.9999999999999998,5.929648241206031,0.6383032568784479
130,0.9999999999999998,6.1306532663316595,0.6061913531480565
131,0.9999999999999998,6.331658291457288,0.5732492765258419
132,0.9999999999999998,6.532663316582916,0.5400662673255675
133,0.9999999999999998,6.733668341708544,0.5071655681251078
134,0.9999999999999998,6.934673366834172,0.47500237992402705
135,0.9999999999999998,7.1356783919598,0.443931660542557
136,0.9999999999999998,7.336683417085428,0.4142136060287223
137,0.9999999999999998,7.537688442211056,0.3860249601948127
138,0.9999999999999998,7.7386934673366845,0.3594667138955648
139,0.9999999999999998,7.939698492462313,0.3345711580514986
140,0.9999999999999998,8.14070351758794,0.3113275763597551
141,0.9999999999999998,8.341708542713569,0.28969463430472775
142,0.9999999999999998,8.542713567839197,0.2696031209799247
143,0.9999999999999998,8.743718592964825,0.25096983849676635
144,0.9999999999999998,8.944723618090453,0.23370593490337063
145,0.9999999999999998,9.145728643216081,0.2177168040296331
146,0.9999999999999998,9.34673366834171,0.20291301240055934
147,0.9999999999999998,9.547738693467338,0.1892057404301798
148,0.9999999999999998,9.748743718592966,0.1765080851651526
149,0.9999999999999998,9.949748743718594,0.1647407843175432
150,0.9999999999999998,10.150753768844222,0.15382902278143393
151,0.9999999999999998,10.35175879396985,0.143706628935001
152,0.9999999999999998,10.552763819095478,0.1343066845385101
153,0.9999999999999998,10.753768844221106,0.12557556578586182
154,0.9999999999999998,10.954773869346734,0.11745788485773441
155,0.9999999999999998,11.155778894472363,0.10990679643957617
156,0.9999999999999998,11.35678391959799,0.10287739132846077
157,0.9999999999999998,11.557788944723619,0.09633087704416657
158,0.9999999999999998,11.758793969849247,0.09023282054867925
159,0.9999999999999998,11.959798994974875,0.08454706647927179
160,0.9999999999999998,12.160804020100507,0.0792486773805861
161,0.9999999999999998,12.361809045226131,0.07431144420724553
162,0.9999999999999998,12.562814070351763,0.06971092518900107
163,0.9999999999999998,12.763819095477388,0.06542677248862186
164,0.9999999999999998,12.96482412060302,0.06144335218967476
165,0.9999999999999998,13.165829145728644,0.05774419264707678
166,0.9999999999999998,13.366834170854275,0.054315134029569924
167,0.9999999999999998,13.5678391959799,0.051143720960730325
168,0.9999999999999998,13.768844221105532,0.04822162656969998
169,0.9999999999999998,13.969849246231156,0.04553715201748301
170,0.9999999999999998,14.170854271356788,0.04308367794967716
171,0.9999999999999998,14.371859296482413,0.04085162600921105
172,0.9999999999999998,14.572864321608044,0.03883201697396544
173,0.9999999999999998,14.773869346733669,0.03701647376754619
174,0.9999999999999998,14.9748743718593,0.035393722241286014
175,0.9999999999999998,15.175879396984925,0.03395052899532269
176,0.9999999999999998,15.376884422110557,0.03267339731146719
177,0.9999999999999998,15.577889447236181,0.03154388259030517
178,0.9999999999999998,15.778894472361813,0.030543366188145675
179,0.9999999999999998,15.979899497487438,0.029649206875619685
180,0.9999999999999998,16.18090452261307,0.02883645325269115
181,0.9999999999999998,16.381909547738694,0.028078639098874127
182,0.9999999999999998,16.582914572864325,0.02734995352068506
183,0.9999999999999998,16.78391959798995,0.026621796916449794
184,0.9999999999999998,16.98492462311558,0.025871209881474184
185,0.9999999999999998,17.185929648241206,0.025076922188450257
186,0.9999999999999998,17.386934673366838,0.02422247458269895
187,0.9999999999999998,17.587939698492463,0.023297691616489067
188,0.9999999999999998,17.788944723618094,0.022299407530021232
189,0.9999999999999998,17.98994974874372,0.02123248865633243
190,0.9999999999999998,18.19095477386935,0.02010828980448415
191,0.9999999999999998,18.391959798994975,0.018944527300451208
192,0.9999999999999998,18.592964824120607,0.017762950219802686
193,0.9999999999999998,18.79396984924623,0.01658939521378194
194,0.9999999999999998,18.994974874371863,0.015449401903639522
195,0.9999999999999998,19.195979899497488,0.014368878929029277
196,0.9999999999999998,19.39698492462312,0.013369912287134989
197,0.9999999999999998,19.597989949748744,0.012464991348918106
198,0.9999999999999998,19.798994974874375,0.01164942354916334
199,0.9999999999999998,20.0,0.010896373699334912
