,t,height,fid
0,1.1499999999999997,-20.0,0.005461719315218816
1,1.1499999999999997,-19.798994974874372,0.0024838516794939247
2,1.1499999999999997,-19.597989949748744,0.0024749662972848386
3,1.1499999999999997,-19.396984924623116,0.004154822777179857
4,1.1499999999999997,-19.195979899497488,0.0056323422955508
5,1.1499999999999997,-18.99497487437186,0.006105184993205753
6,1.1499999999999997,-18.79396984924623,0.005982311774370885
7,1.1499999999999997,-18.592964824120603,0.005950236414504172
8,1.1499999999999997,-18.391959798994975,0.00626286682553778
9,1.1499999999999997,-18.190954773869347,0.006770982470428656
10,1.1499999999999997,-17.98994974874372,0.007280742523370185
11,1.1499999999999997,-17.78894472361809,0.007736248424226013
12,1.1499999999999997,-17.587939698492463,0.008172662081878635
13,1.1499999999999997,-17.386934673366834,0.008618474869880363
14,1.1499999999999997,-17.185929648241206,0.00907137061251404
15,1.1499999999999997,-16.984924623115578,0.009523527773573284
16,1.1499999999999997,-16.78391959798995,0.00997978989863772
17,1.1499999999999997,-16.582914572864322,0.010461346573098792
18,1.1499999999999997,-16.381909547738694,0.011002313378380068
19,1.1499999999999997,-16.180904522613066,0.011646981849405
20,1.1499999999999997,-15.979899497487438,0.012446655386040244
21,1.1499999999999997,-15.77889447236181,0.013455258482479472
22,1.1499999999999997,-15.577889447236181,0.014722097928164438
23,1.1499999999999997,-15.376884422110553,0.016286487106553785
24,1.1499999999999997,-15.175879396984925,0.01817399647009837
25,1.1499999999999997,-14.974874371859297,0.020390828765847014
26,1.1499999999999997,-14.773869346733669,0.022926404501288772
27,1.1499999999999997,-14.57286432160804,0.025755668639510843
28,1.1499999999999997,-14.371859296482413,0.028839398859702523
29,1.1499999999999997,-14.170854271356784,0.032132015085570995
30,1.1499999999999997,-13.969849246231156,0.03558639359905121
31,1.1499999999999997,-13.768844221105528,0.039155829619599
32,1.1499999999999997,-13.5678391959799,0.04280416588245203
33,1.1499999999999997,-13.366834170854272,0.04650209205473608
34,1.1499999999999997,-13.165829145728644,0.05023410456822091
35,1.1499999999999997,-12.964824120603016,0.053994873799036676
36,1.1499999999999997,-12.763819095477388,0.05779297435806148
37,1.1499999999999997,-12.56281407035176,0.06164648510835477
38,1.1499999999999997,-12.361809045226131,0.06558379475802163
39,1.1499999999999997,-12.160804020100503,0.06964086864385002
40,1.1499999999999997,-11.959798994974873,0.07385638345493212
41,1.1499999999999997,-11.758793969849245,0.07827555449889567
42,1.1499999999999997,-11.557788944723617,0.0829481723810654
43,1.1499999999999997,-11.356783919597989,0.0879249253036935
44,1.1499999999999997,-11.15577889447236,0.09325589721823184
45,1.1499999999999997,-10.954773869346733,0.09899651152869743
46,1.1499999999999997,-10.753768844221105,0.10520319719398008
47,1.1499999999999997,-10.552763819095476,0.11193346446863284
48,1.1499999999999997,-10.351758793969848,0.11924975883593458
49,1.1499999999999997,-10.15075376884422,0.12721540676382684
50,1.1499999999999997,-9.949748743718592,0.13589951518871865
51,1.1499999999999997,-9.748743718592964,0.14537813812556413
52,1.1499999999999997,-9.547738693467336,0.15572921773933437
53,1.1499999999999997,-9.346733668341708,0.16704110053297125
54,1.1499999999999997,-9.14572864321608,0.1794063392900797
55,1.1499999999999997,-8.944723618090451,0.19292946386542126
56,1.1499999999999997,-8.743718592964823,0.2077182080879133
57,1.1499999999999997,-8.542713567839195,0.2238933241140029
58,1.1499999999999997,-8.341708542713567,0.2415770620621425
59,1.1499999999999997,-8.140703517587939,0.260897097100931
60,1.1499999999999997,-7.939698492462311,0.2819823897578223
61,1.1499999999999997,-7.738693467336683,0.304949813001005
62,1.1499999999999997,-7.537688442211055,0.32990676782785494
63,1.1499999999999997,-7.3366834170854265,0.3569232408792369
64,1.1499999999999997,-7.135678391959798,0.38602189499244105
65,1.1499999999999997,-6.93467336683417,0.4171610139416039
66,1.1499999999999997,-6.733668341708542,0.4501967259646591
67,1.1499999999999997,-6.532663316582914,0.48486831664363667
68,1.1499999999999997,-6.331658291457286,0.5207746697805758
69,1.1499999999999997,-6.130653266331658,0.5573740246082439
70,1.1499999999999997,-5.92964824120603,0.59398776167487
71,1.1499999999999997,-5.7286432160804015,0.6298322478123903
72,1.1499999999999997,-5.527638190954773,0.6640771521493655
73,1.1499999999999997,-5.326633165829145,0.695915234992274
74,1.1499999999999997,-5.125628140703517,0.7246282553486278
75,1.1499999999999997,-4.924623115577889,0.7496587693991291
76,1.1499999999999997,-4.723618090452261,0.7706603967296719
77,1.1499999999999997,-4.522613065326633,0.7874966002676566
78,1.1499999999999997,-4.321608040201005,0.8002543425102853
79,1.1499999999999997,-4.1206030150753765,0.8091955524261789
80,1.1499999999999997,-3.9195979899497466,0.8147169454739343
81,1.1499999999999997,-3.7185929648241185,0.8172979624970601
82,1.1499999999999997,-3.5175879396984904,0.8174516142457979
83,1.1499999999999997,-3.3165829145728623,0.8156862473565837
84,1.1499999999999997,-3.115577889447234,0.812475685114658
85,1.1499999999999997,-2.914572864321606,0.8082427119245928
86,1.1499999999999997,-2.713567839195978,0.8033503668183387
87,1.1499999999999997,-2.5125628140703498,0.798101338794272
88,1.1499999999999997,-2.3115577889447216,0.7927410369751556
89,1.1499999999999997,-2.1105527638190935,0.7874639490100916
90,1.1499999999999997,-1.9095477386934654,0.7824212960359048
91,1.1499999999999997,-1.7085427135678373,0.777729457182872
92,1.1499999999999997,-1.5075376884422091,0.7734717614780632
93,1.1499999999999997,-1.306532663316581,0.7697134415822974
94,1.1499999999999997,-1.105527638190953,0.7665005495220772
95,1.1499999999999997,-0.9045226130653248,0.7638652259846843
96,1.1499999999999997,-0.7035175879396967,0.7618330025893097
97,1.1499999999999997,-0.5025125628140685,0.7604191552858311
98,1.1499999999999997,-0.3015075376884404,0.7596348907689784
99,1.1499999999999997,-0.10050251256281229,0.7594877684397643
100,1.1499999999999997,0.10050251256281584,0.7599822112423086
101,1.1499999999999997,0.30150753768844396,0.7611199538634724
102,1.1499999999999997,0.5025125628140721,0.7629004351564093
103,1.1499999999999997,0.7035175879397002,0.7653194683275858
104,1.1499999999999997,0.9045226130653283,0.7683700412899696
105,1.1499999999999997,1.1055276381909565,0.7720363186009577
106,1.1499999999999997,1.3065326633165846,0.776297978585789
107,1.1499999999999997,1.5075376884422127,0.7811215501681527
108,1.1499999999999997,1.7085427135678408,0.786464369297713
109,1.1499999999999997,1.909547738693469,0.7922604704505158
110,1.1499999999999997,2.110552763819097,0.7984213091693415
111,1.1499999999999997,2.311557788944725,0.8048280636194696
112,1.1499999999999997,2.5125628140703533,0.8113233047957159
113,1.1499999999999997,2.7135678391959814,0.8177034158226694
114,1.1499999999999997,2.9145728643216096,0.8237100221448066
115,1.1499999999999997,3.1155778894472377,0.829022925698567
116,1.1499999999999997,3.316582914572866,0.8332557988098807
117,1.1499999999999997,3.517587939698494,0.8359576661650333
118,1.1499999999999997,3.718592964824122,0.8366150110993282
119,1.1499999999999997,3.91959798994975,0.83468239652343
120,1.1499999999999997,4.120603015075378,0.8296001453133719
121,1.1499999999999997,4.321608040201006,0.8208445922341027
122,1.1499999999999997,4.5226130653266345,0.8079796281917987
123,1.1499999999999997,4.723618090452263,0.7907139888348108
124,1.1499999999999997,4.924623115577891,0.7689556781873031
125,1.1499999999999997,5.125628140703519,0.7428425643785291
126,1.1499999999999997,5.326633165829147,0.7127694106577289
127,1.1499999999999997,5.527638190954775,0.6793432939041278
128,1.1499999999999997,5.728643216080403,0.6433473737190113
129,1.1499999999999997,5.929648241206031,0.605678985376407
130,1.1499999999999997,6.1306532663316595,0.5672414114904146
131,1.1499999999999997,6.331658291457288,0.5288808155147559
132,1.1499999999999997,6.532663316582916,0.49132759607598725
133,1.1499999999999997,6.733668341708544,0.4551538600018365
134,1.1499999999999997,6.934673366834172,0.42077540163087573
135,1.1499999999999997,7.1356783919598,0.388453749699119
136,1.1499999999999997,7.336683417085428,0.35832380335637326
137,1.1499999999999997,7.537688442211056,0.3304127054608117
138,1.1499999999999997,7.7386934673366845,0.3046806827854079
139,1.1499999999999997,7.939698492462313,0.281040053064076
140,1.1499999999999997,8.14070351758794,0.25936757661447485
141,1.1499999999999997,8.341708542713569,0.2395287641407135
142,1.1499999999999997,8.542713567839197,0.2213838984622132
143,1.1499999999999997,8.743718592964825,0.20479358311927787
144,1.1499999999999997,8.944723618090453,0.18962630428664418
145,1.1499999999999997,9.145728643216081,0.17575374566615576
146,1.1499999999999997,9.34673366834171,0.16306209704269767
147,1.1499999999999997,9.547738693467338,0.1514427118059845
148,1.1499999999999997,9.748743718592966,0.14079808252714343
149,1.1499999999999997,9.949748743718594,0.13103904857108714
150,1.1499999999999997,10.150753768844222,0.1220862878917313
151,1.1499999999999997,10.35175879396985,0.1138652801336323
152,1.1499999999999997,10.552763819095478,0.10630721798308426
153,1.1499999999999997,10.753768844221106,0.09935109300255272
154,1.1499999999999997,10.954773869346734,0.09294021463421316
155,1.1499999999999997,11.155778894472363,0.08702063914907938
156,1.1499999999999997,11.35678391959799,0.0815439699948579
157,1.1499999999999997,11.557788944723619,0.07646450718578386
158,1.1499999999999997,11.758793969849247,0.07173920772341903
159,1.1499999999999997,11.959798994974875,0.06732579776160477
160,1.1499999999999997,12.160804020100507,0.06318805214821091
161,1.1499999999999997,12.361809045226131,0.059290155404749786
162,1.1499999999999997,12.562814070351763,0.05559823158277274
163,1.1499999999999997,12.763819095477388,0.05208456121262257
164,1.1499999999999997,12.96482412060302,0.04872442234240547
165,1.1499999999999997,13.165829145728644,0.04549718704088593
166,1.1499999999999997,13.366834170854275,0.04238989018018567
167,1.1499999999999997,13.5678391959799,0.03939304032987589
168,1.1499999999999997,13.768844221105532,0.03650558443361473
169,1.1499999999999997,13.969849246231156,0.0337313773746596
170,1.1499999999999997,14.170854271356788,0.03107990866443958
171,1.1499999999999997,14.371859296482413,0.028566357276430733
172,1.1499999999999997,14.572864321608044,0.026206391327824072
173,1.1499999999999997,14.773869346733669,0.0240156860345386
174,1.1499999999999997,14.9748743718593,0.022009283981453038
175,1.1499999999999997,15.175879396984925,0.0201984112417061
176,1.1499999999999997,15.376884422110557,0.01858408633474617
177,1.1499999999999997,15.577889447236181,0.01716279310237453
178,1.1499999999999997,15.778894472361813,0.01592250505185911
179,1.1499999999999997,15.979899497487438,0.014844957462607784
180,1.1499999999999997,16.18090452261307,0.013905444033773107
181,1.1499999999999997,16.381909547738694,0.013078035544483892
182,1.1499999999999997,16.582914572864325,0.012336380886153908
183,1.1499999999999997,16.78391959798995,0.01165779479297587
184,1.1499999999999997,16.98492462311558,0.01102204208803649
185,1.1499999999999997,17.185929648241206,0.010415618714987144
186,1.1499999999999997,17.386934673366838,0.009834890789556494
187,1.1499999999999997,17.587939698492463,0.009289286876218772
188,1.1499999999999997,17.788944723618094,0.008779924731387192
189,1.1499999999999997,17.98994974874372,0.008268755033755251
190,1.1499999999999997,18.19095477386935,0.007693280571236678
191,1.1499999999999997,18.391959798994975,0.007086967727043585
192,1.1499999999999997,18.592964824120607,0.0066805348525042895
193,1.1499999999999997,18.79396984924623,0.0067155989998928505
194,1.1499999999999997,18.994974874371863,0.006967965715552832
195,1.1499999999999997,19.195979899497488,0.006594678588104145
196,1.1499999999999997,19.39698492462312,0.004941277455220187
197,1.1499999999999997,19.597989949748744,0.0028065487867902734
198,1.1499999999999997,19.798994974874375,0.0025076937642559147
199,1.1499999999999997,20.0,0.005864121814341211
