,t,height,fid
0,1.7999999999999996,-20.0,0.2770652727396253
1,1.7999999999999996,-19.798994974874372,0.30481282150931205
2,1.7999999999999996,-19.597989949748744,0.3220132430785719
3,1.7999999999999996,-19.396984924623116,0.31306362086449846
4,1.7999999999999996,-19.195979899497488,0.29021064985999373
5,1.7999999999999996,-18.99497487437186,0.28122312186607085
6,1.7999999999999996,-18.79396984924623,0.2966895917922881
7,1.7999999999999996,-18.592964824120603,0.31445071498046767
8,1.7999999999999996,-18.391959798994975,0.3031999574656074
9,1.7999999999999996,-18.190954773869347,0.2616567365675982
10,1.7999999999999996,-17.98994974874372,0.22611937544519126
11,1.7999999999999996,-17.78894472361809,0.23103669968570537
12,1.7999999999999996,-17.587939698492463,0.26440445318566547
13,1.7999999999999996,-17.386934673366834,0.27435360020850447
14,1.7999999999999996,-17.185929648241206,0.22800466318162343
15,1.7999999999999996,-16.984924623115578,0.15590260845631473
16,1.7999999999999996,-16.78391959798995,0.12135357685043806
17,1.7999999999999996,-16.582914572864322,0.14276270043803801
18,1.7999999999999996,-16.381909547738694,0.1664519832076447
19,1.7999999999999996,-16.180904522613066,0.1350719869209118
20,1.7999999999999996,-15.979899497487438,0.06714244954156556
21,1.7999999999999996,-15.77889447236181,0.03220130903182081
22,1.7999999999999996,-15.577889447236181,0.04896216864866962
23,1.7999999999999996,-15.376884422110553,0.06096787502847395
24,1.7999999999999996,-15.175879396984925,0.03239310832176416
25,1.7999999999999996,-14.974874371859297,0.0026310346503302666
26,1.7999999999999996,-14.773869346733669,0.007012063747118726
27,1.7999999999999996,-14.57286432160804,0.0181747600771928
28,1.7999999999999996,-14.371859296482413,0.010920541644422108
29,1.7999999999999996,-14.170854271356784,0.0037446549711398647
30,1.7999999999999996,-13.969849246231156,0.007516600002117021
31,1.7999999999999996,-13.768844221105528,0.009855845213705458
32,1.7999999999999996,-13.5678391959799,0.008586827868950958
33,1.7999999999999996,-13.366834170854272,0.009115121112269217
34,1.7999999999999996,-13.165829145728644,0.010376306404012058
35,1.7999999999999996,-12.964824120603016,0.011064751318530665
36,1.7999999999999996,-12.763819095477388,0.01191783801324299
37,1.7999999999999996,-12.56281407035176,0.01297441806088104
38,1.7999999999999996,-12.361809045226131,0.014095330837544657
39,1.7999999999999996,-12.160804020100503,0.015338663951581562
40,1.7999999999999996,-11.959798994974873,0.016720042895835865
41,1.7999999999999996,-11.758793969849245,0.018247391187254505
42,1.7999999999999996,-11.557788944723617,0.019936275911812268
43,1.7999999999999996,-11.356783919597989,0.021802124018643974
44,1.7999999999999996,-11.15577889447236,0.02386424920182522
45,1.7999999999999996,-10.954773869346733,0.026140820073009007
46,1.7999999999999996,-10.753768844221105,0.028651325857799934
47,1.7999999999999996,-10.552763819095476,0.031418660889400735
48,1.7999999999999996,-10.351758793969848,0.0344671198061431
49,1.7999999999999996,-10.15075376884422,0.03782151080217688
50,1.7999999999999996,-9.949748743718592,0.041513712597310966
51,1.7999999999999996,-9.748743718592964,0.045578662420954055
52,1.7999999999999996,-9.547738693467336,0.0500685421440568
53,1.7999999999999996,-9.346733668341708,0.05505003839082043
54,1.7999999999999996,-9.14572864321608,0.06061850201019896
55,1.7999999999999996,-8.944723618090451,0.06690138324815172
56,1.7999999999999996,-8.743718592964823,0.07406678192172332
57,1.7999999999999996,-8.542713567839195,0.08231620384817494
58,1.7999999999999996,-8.341708542713567,0.09189478153228622
59,1.7999999999999996,-8.140703517587939,0.10307237579374715
60,1.7999999999999996,-7.939698492462311,0.11615466313555096
61,1.7999999999999996,-7.738693467336683,0.1314695410289836
62,1.7999999999999996,-7.537688442211055,0.1493813122460418
63,1.7999999999999996,-7.3366834170854265,0.1702867092651874
64,1.7999999999999996,-7.135678391959798,0.1946341039913784
65,1.7999999999999996,-6.93467336683417,0.22293215889854742
66,1.7999999999999996,-6.733668341708542,0.2557537253620935
67,1.7999999999999996,-6.532663316582914,0.29370500897304175
68,1.7999999999999996,-6.331658291457286,0.3373865976739898
69,1.7999999999999996,-6.130653266331658,0.3872487668052453
70,1.7999999999999996,-5.92964824120603,0.44341214612638397
71,1.7999999999999996,-5.7286432160804015,0.5053369466212819
72,1.7999999999999996,-5.527638190954773,0.5715346340823215
73,1.7999999999999996,-5.326633165829145,0.6393912214520071
74,1.7999999999999996,-5.125628140703517,0.7053317267071023
75,1.7999999999999996,-4.924623115577889,0.7653900585915174
76,1.7999999999999996,-4.723618090452261,0.8160578643109466
77,1.7999999999999996,-4.522613065326633,0.8550323652153891
78,1.7999999999999996,-4.321608040201005,0.8815986261281503
79,1.7999999999999996,-4.1206030150753765,0.8965331662653913
80,1.7999999999999996,-3.9195979899497466,0.9016551448608848
81,1.7999999999999996,-3.7185929648241185,0.8992449104775263
82,1.7999999999999996,-3.5175879396984904,0.8915793726534521
83,1.7999999999999996,-3.3165829145728623,0.8806355077053635
84,1.7999999999999996,-3.115577889447234,0.8679608916267464
85,1.7999999999999996,-2.914572864321606,0.8546890540400928
86,1.7999999999999996,-2.713567839195978,0.8415851936021811
87,1.7999999999999996,-2.5125628140703498,0.8291363296736073
88,1.7999999999999996,-2.3115577889447216,0.8176269428372864
89,1.7999999999999996,-2.1105527638190935,0.8072008926498623
90,1.7999999999999996,-1.9095477386934654,0.7979113552987603
91,1.7999999999999996,-1.7085427135678373,0.7897559045784552
92,1.7999999999999996,-1.5075376884422091,0.7826995869036403
93,1.7999999999999996,-1.306532663316581,0.7766930349953215
94,1.7999999999999996,-1.105527638190953,0.7716761701636592
95,1.7999999999999996,-0.9045226130653248,0.7675947730946528
96,1.7999999999999996,-0.7035175879396967,0.7643971790351196
97,1.7999999999999996,-0.5025125628140685,0.7620427005434894
98,1.7999999999999996,-0.3015075376884404,0.760498177653197
99,1.7999999999999996,-0.10050251256281229,0.7597414772408558
100,1.7999999999999996,0.10050251256281584,0.7597620350487582
101,1.7999999999999996,0.30150753768844396,0.7605619629611782
102,1.7999999999999996,0.5025125628140721,0.7621547857404986
103,1.7999999999999996,0.7035175879397002,0.7645668904165849
104,1.7999999999999996,0.9045226130653283,0.7678367613369868
105,1.7999999999999996,1.1055276381909565,0.7720114308747539
106,1.7999999999999996,1.3065326633165846,0.7771510593452169
107,1.7999999999999996,1.5075376884422127,0.7833199259301327
108,1.7999999999999996,1.7085427135678408,0.7905910072866089
109,1.7999999999999996,1.909547738693469,0.7990292386790848
110,1.7999999999999996,2.110552763819097,0.8086882346678768
111,1.7999999999999996,2.311557788944725,0.819592106783064
112,1.7999999999999996,2.5125628140703533,0.8317124821324751
113,1.7999999999999996,2.7135678391959814,0.8449322274821744
114,1.7999999999999996,2.9145728643216096,0.8589937563770977
115,1.7999999999999996,3.1155778894472377,0.8734338203921338
116,1.7999999999999996,3.316582914572866,0.8874953086894803
117,1.7999999999999996,3.517587939698494,0.9000381112341881
118,1.7999999999999996,3.718592964824122,0.9094678578364822
119,1.7999999999999996,3.91959798994975,0.9137111514340887
120,1.7999999999999996,4.120603015075378,0.910338760034331
121,1.7999999999999996,4.321608040201006,0.8968675876361606
122,1.7999999999999996,4.5226130653266345,0.8712748148212701
123,1.7999999999999996,4.723618090452263,0.8326129689297626
124,1.7999999999999996,4.924623115577891,0.7815571766336719
125,1.7999999999999996,5.125628140703519,0.7205191370057239
126,1.7999999999999996,5.326633165829147,0.6532406290514111
127,1.7999999999999996,5.527638190954775,0.5839807504097339
128,1.7999999999999996,5.728643216080403,0.5165475504562034
129,1.7999999999999996,5.929648241206031,0.453699473071756
130,1.7999999999999996,6.1306532663316595,0.39694887533737305
131,1.7999999999999996,6.331658291457288,0.34678151962168446
132,1.7999999999999996,6.532663316582916,0.30299118260884356
133,1.7999999999999996,6.733668341708544,0.2650300247108025
134,1.7999999999999996,6.934673366834172,0.23221512905644995
135,1.7999999999999996,7.1356783919598,0.20386289454273523
136,1.7999999999999996,7.336683417085428,0.17935302300154382
137,1.7999999999999996,7.537688442211056,0.15813720714707266
138,1.7999999999999996,7.7386934673366845,0.13974670731863337
139,1.7999999999999996,7.939698492462313,0.12378467304107117
140,1.7999999999999996,8.14070351758794,0.10991067101273017
141,1.7999999999999996,8.341708542713569,0.0978316585493587
142,1.7999999999999996,8.542713567839197,0.08729568478700256
143,1.7999999999999996,8.743718592964825,0.07808103804153124
144,1.7999999999999996,8.944723618090453,0.07000025589801717
145,1.7999999999999996,9.145728643216081,0.062884771534164
146,1.7999999999999996,9.34673366834171,0.056597648291758534
147,1.7999999999999996,9.547738693467338,0.051019341968231394
148,1.7999999999999996,9.748743718592966,0.04605380855609594
149,1.7999999999999996,9.949748743718594,0.041620412478827695
150,1.7999999999999996,10.150753768844222,0.03765122643142798
151,1.7999999999999996,10.35175879396985,0.03409316119964422
152,1.7999999999999996,10.552763819095478,0.030897783586009236
153,1.7999999999999996,10.753768844221106,0.028026096405667902
154,1.7999999999999996,10.954773869346734,0.025442326925923842
155,1.7999999999999996,11.155778894472363,0.02311581732276645
156,1.7999999999999996,11.35678391959799,0.02102002259185648
157,1.7999999999999996,11.557788944723619,0.019131424561058367
158,1.7999999999999996,11.758793969849247,0.01742739741331413
159,1.7999999999999996,11.959798994974875,0.015890300318670992
160,1.7999999999999996,12.160804020100507,0.014501997330354791
161,1.7999999999999996,12.361809045226131,0.01325255796586979
162,1.7999999999999996,12.562814070351763,0.01212975064166893
163,1.7999999999999996,12.763819095477388,0.011064733924807014
164,1.7999999999999996,12.96482412060302,0.01018889737239862
165,1.7999999999999996,13.165829145728644,0.009535306493891112
166,1.7999999999999996,13.366834170854275,0.008262021735671391
167,1.7999999999999996,13.5678391959799,0.007575063962250188
168,1.7999999999999996,13.768844221105532,0.008991613601086893
169,1.7999999999999996,13.969849246231156,0.006915792870132157
170,1.7999999999999996,14.170854271356788,0.002743280517817747
171,1.7999999999999996,14.371859296482413,0.009726167547231384
172,1.7999999999999996,14.572864321608044,0.018022052172476013
173,1.7999999999999996,14.773869346733669,0.007992820377655599
174,1.7999999999999996,14.9748743718593,0.0034591650246687216
175,1.7999999999999996,15.175879396984925,0.03261549491644283
176,1.7999999999999996,15.376884422110557,0.06285433312602906
177,1.7999999999999996,15.577889447236181,0.055403051960995285
178,1.7999999999999996,15.778894472361813,0.04138099139947803
179,1.7999999999999996,15.979899497487438,0.07320158070081105
180,1.7999999999999996,16.18090452261307,0.1372775643952794
181,1.7999999999999996,16.381909547738694,0.17287880058513047
182,1.7999999999999996,16.582914572864325,0.15952067317097057
183,1.7999999999999996,16.78391959798995,0.14161385408741572
184,1.7999999999999996,16.98492462311558,0.16645995291686128
185,1.7999999999999996,17.185929648241206,0.22671308116304945
186,1.7999999999999996,17.386934673366838,0.27497175344176844
187,1.7999999999999996,17.587939698492463,0.28079520814926645
188,1.7999999999999996,17.788944723618094,0.2595506032570575
189,1.7999999999999996,17.98994974874372,0.2480712499005467
190,1.7999999999999996,18.19095477386935,0.2637531062780059
191,1.7999999999999996,18.391959798994975,0.2925708041452033
192,1.7999999999999996,18.592964824120607,0.3113768934073552
193,1.7999999999999996,18.79396984924623,0.31337075266167397
194,1.7999999999999996,18.994974874371863,0.3096788469311421
195,1.7999999999999996,19.195979899497488,0.31128393804170607
196,1.7999999999999996,19.39698492462312,0.31566090332987745
197,1.7999999999999996,19.597989949748744,0.31237624135631725
198,1.7999999999999996,19.798994974874375,0.2981025023547961
199,1.7999999999999996,20.0,0.282177009348378
