,t,height,fid
0,1.3499999999999996,-20.0,0.10397759731660328
1,1.3499999999999996,-19.798994974874372,0.1080491482629184
2,1.3499999999999996,-19.597989949748744,0.09303281857916498
3,1.3499999999999996,-19.396984924623116,0.06171042392189508
4,1.3499999999999996,-19.195979899497488,0.029119506042896842
5,1.3499999999999996,-18.99497487437186,0.011253086461731466
6,1.3499999999999996,-18.79396984924623,0.012264432706424529
7,1.3499999999999996,-18.592964824120603,0.021679813510099014
8,1.3499999999999996,-18.391959798994975,0.024972430760499893
9,1.3499999999999996,-18.190954773869347,0.017288031948437903
10,1.3499999999999996,-17.98994974874372,0.006145044204997447
11,1.3499999999999996,-17.78894472361809,0.0011431658792639525
12,1.3499999999999996,-17.587939698492463,0.0035850495646139085
13,1.3499999999999996,-17.386934673366834,0.0075268686060360355
14,1.3499999999999996,-17.185929648241206,0.008375924503652552
15,1.3499999999999996,-16.984924623115578,0.007027896406957386
16,1.3499999999999996,-16.78391959798995,0.006330184314664249
17,1.3499999999999996,-16.582914572864322,0.006999034852587837
18,1.3499999999999996,-16.381909547738694,0.007963381466641387
19,1.3499999999999996,-16.180904522613066,0.00855036439236216
20,1.3499999999999996,-15.979899497487438,0.00896634443021334
21,1.3499999999999996,-15.77889447236181,0.009497549887356568
22,1.3499999999999996,-15.577889447236181,0.010144454254655863
23,1.3499999999999996,-15.376884422110553,0.010828328309112867
24,1.3499999999999996,-15.175879396984925,0.011537405416764903
25,1.3499999999999996,-14.974874371859297,0.012288678010257282
26,1.3499999999999996,-14.773869346733669,0.013087328824907159
27,1.3499999999999996,-14.57286432160804,0.013927353042082348
28,1.3499999999999996,-14.371859296482413,0.014803528598532895
29,1.3499999999999996,-14.170854271356784,0.015708396831333744
30,1.3499999999999996,-13.969849246231156,0.016635678891214763
31,1.3499999999999996,-13.768844221105528,0.017581568472245648
32,1.3499999999999996,-13.5678391959799,0.018551470101288856
33,1.3499999999999996,-13.366834170854272,0.019563759962733157
34,1.3499999999999996,-13.165829145728644,0.020653898755800395
35,1.3499999999999996,-12.964824120603016,0.021874234252997286
36,1.3499999999999996,-12.763819095477388,0.023292957437074782
37,1.3499999999999996,-12.56281407035176,0.02498598600335454
38,1.3499999999999996,-12.361809045226131,0.027032153225824498
39,1.3499999999999996,-12.160804020100503,0.02950168065081
40,1.3499999999999996,-11.959798994974873,0.032456010907317624
41,1.3499999999999996,-11.758793969849245,0.0359367940728514
42,1.3499999999999996,-11.557788944723617,0.039966365022426065
43,1.3499999999999996,-11.356783919597989,0.04455319557855408
44,1.3499999999999996,-11.15577889447236,0.0496910346689446
45,1.3499999999999996,-10.954773869346733,0.05536756819360774
46,1.3499999999999996,-10.753768844221105,0.061569701251137005
47,1.3499999999999996,-10.552763819095476,0.06829136796565044
48,1.3499999999999996,-10.351758793969848,0.07553391611903731
49,1.3499999999999996,-10.15075376884422,0.08331489607879324
50,1.3499999999999996,-9.949748743718592,0.09166667033962862
51,1.3499999999999996,-9.748743718592964,0.10063572952364357
52,1.3499999999999996,-9.547738693467336,0.1102914180351943
53,1.3499999999999996,-9.346733668341708,0.12071579810803848
54,1.3499999999999996,-9.14572864321608,0.13200892748154533
55,1.3499999999999996,-8.944723618090451,0.14429041755704206
56,1.3499999999999996,-8.743718592964823,0.15769181887397282
57,1.3499999999999996,-8.542713567839195,0.17236570391521025
58,1.3499999999999996,-8.341708542713567,0.18848012607707482
59,1.3499999999999996,-8.140703517587939,0.20621802474585765
60,1.3499999999999996,-7.939698492462311,0.22578578446341058
61,1.3499999999999996,-7.738693467336683,0.24739622585182175
62,1.3499999999999996,-7.537688442211055,0.2712763241407106
63,1.3499999999999996,-7.3366834170854265,0.2976464850812121
64,1.3499999999999996,-7.135678391959798,0.32671830086462583
65,1.3499999999999996,-6.93467336683417,0.3586593762012966
66,1.3499999999999996,-6.733668341708542,0.3935596567227657
67,1.3499999999999996,-6.532663316582914,0.431392598820674
68,1.3499999999999996,-6.331658291457286,0.47194564696095725
69,1.3499999999999996,-6.130653266331658,0.5147695505573046
70,1.3499999999999996,-5.92964824120603,0.559141368534438
71,1.3499999999999996,-5.7286432160804015,0.6040474243763787
72,1.3499999999999996,-5.527638190954773,0.6482347539478287
73,1.3499999999999996,-5.326633165829145,0.690314850712539
74,1.3499999999999996,-5.125628140703517,0.7289124743206125
75,1.3499999999999996,-4.924623115577889,0.7628356032724651
76,1.3499999999999996,-4.723618090452261,0.7912247010198256
77,1.3499999999999996,-4.522613065326633,0.813630350151976
78,1.3499999999999996,-4.321608040201005,0.8300348781901016
79,1.3499999999999996,-4.1206030150753765,0.8407995202938036
80,1.3499999999999996,-3.9195979899497466,0.8465621846360706
81,1.3499999999999996,-3.7185929648241185,0.8481240771132526
82,1.3499999999999996,-3.5175879396984904,0.8463454405729509
83,1.3499999999999996,-3.3165829145728623,0.8420565543348414
84,1.3499999999999996,-3.115577889447234,0.8360088915112187
85,1.3499999999999996,-2.914572864321606,0.8288380372029011
86,1.3499999999999996,-2.713567839195978,0.8210660635208339
87,1.3499999999999996,-2.5125628140703498,0.8130993772069475
88,1.3499999999999996,-2.3115577889447216,0.8052461706171316
89,1.3499999999999996,-2.1105527638190935,0.7977327612475662
90,1.3499999999999996,-1.9095477386934654,0.790720132349509
91,1.3499999999999996,-1.7085427135678373,0.7843177692515989
92,1.3499999999999996,-1.5075376884422091,0.7785988588875133
93,1.3499999999999996,-1.306532663316581,0.7736043177587856
94,1.3499999999999996,-1.105527638190953,0.7693602501497784
95,1.3499999999999996,-0.9045226130653248,0.7658786763356842
96,1.3499999999999996,-0.7035175879396967,0.7631617333895442
97,1.3499999999999996,-0.5025125628140685,0.7612101109864363
98,1.3499999999999996,-0.3015075376884404,0.7600199022419633
99,1.3499999999999996,-0.10050251256281229,0.7595876226442215
100,1.3499999999999996,0.10050251256281584,0.7599105063959173
101,1.3499999999999996,0.30150753768844396,0.7609874360828405
102,1.3499999999999996,0.5025125628140721,0.7628193031726931
103,1.3499999999999996,0.7035175879397002,0.765407575877523
104,1.3499999999999996,0.9045226130653283,0.768755151386988
105,1.3499999999999996,1.1055276381909565,0.7728607069167881
106,1.3499999999999996,1.3065326633165846,0.7777216337486758
107,1.3499999999999996,1.5075376884422127,0.7833255344789838
108,1.3499999999999996,1.7085427135678408,0.7896523768974473
109,1.3499999999999996,1.909547738693469,0.7966588986739237
110,1.3499999999999996,2.110552763819097,0.8042762919444469
111,1.3499999999999996,2.311557788944725,0.8123978442348597
112,1.3499999999999996,2.5125628140703533,0.8208653139682317
113,1.3499999999999996,2.7135678391959814,0.8294527568034991
114,1.3499999999999996,2.9145728643216096,0.837849870196584
115,1.3499999999999996,3.1155778894472377,0.845638813207895
116,1.3499999999999996,3.316582914572866,0.8522859889427528
117,1.3499999999999996,3.517587939698494,0.857125763708876
118,1.3499999999999996,3.718592964824122,0.8593728368080469
119,1.3499999999999996,3.91959798994975,0.858147172777963
120,1.3499999999999996,4.120603015075378,0.8525325560432157
121,1.3499999999999996,4.321608040201006,0.8416660773364422
122,1.3499999999999996,4.5226130653266345,0.8248571058774008
123,1.3499999999999996,4.723618090452263,0.8017141461859885
124,1.3499999999999996,4.924623115577891,0.7722527966448146
125,1.3499999999999996,5.125628140703519,0.7369523529074231
126,1.3499999999999996,5.326633165829147,0.6967571863563403
127,1.3499999999999996,5.527638190954775,0.6529481334572739
128,1.3499999999999996,5.728643216080403,0.6070183386395057
129,1.3499999999999996,5.929648241206031,0.5604540262373768
130,1.3499999999999996,6.1306532663316595,0.5145886674714983
131,1.3499999999999996,6.331658291457288,0.4704842306476973
132,1.3499999999999996,6.532663316582916,0.42888127389139524
133,1.3499999999999996,6.733668341708544,0.3902258725319869
134,1.3499999999999996,6.934673366834172,0.3547083013512415
135,1.3499999999999996,7.1356783919598,0.32232733269015035
136,1.3499999999999996,7.336683417085428,0.2929677971300126
137,1.3499999999999996,7.537688442211056,0.2664354462249976
138,1.3499999999999996,7.7386934673366845,0.24250021419549103
139,1.3499999999999996,7.939698492462313,0.22092214958299847
140,1.3499999999999996,8.14070351758794,0.20146652759372827
141,1.3499999999999996,8.341708542713569,0.18391118002463464
142,1.3499999999999996,8.542713567839197,0.16805105326182768
143,1.3499999999999996,8.743718592964825,0.15369442481534648
144,1.3499999999999996,8.944723618090453,0.14067767740759804
145,1.3499999999999996,9.145728643216081,0.1288472750921803
146,1.3499999999999996,9.34673366834171,0.11807207399768066
147,1.3499999999999996,9.547738693467338,0.10823258796147504
148,1.3499999999999996,9.748743718592966,0.09922425593090653
149,1.3499999999999996,9.949748743718594,0.09095860484345193
150,1.3499999999999996,10.150753768844222,0.08335571190103554
151,1.3499999999999996,10.35175879396985,0.07635315183524055
152,1.3499999999999996,10.552763819095478,0.06989790951612175
153,1.3499999999999996,10.753768844221106,0.06394509349714682
154,1.3499999999999996,10.954773869346734,0.05846547980665975
155,1.3499999999999996,11.155778894472363,0.05343147139865614
156,1.3499999999999996,11.35678391959799,0.048826353319704884
157,1.3499999999999996,11.557788944723619,0.04463527039824987
158,1.3499999999999996,11.758793969849247,0.040844462749942814
159,1.3499999999999996,11.959798994974875,0.03743735137842573
160,1.3499999999999996,12.160804020100507,0.0343952930166966
161,1.3499999999999996,12.361809045226131,0.031690721053875645
162,1.3499999999999996,12.562814070351763,0.029293437518775414
163,1.3499999999999996,12.763819095477388,0.027167192271383214
164,1.3499999999999996,12.96482412060302,0.025269969511535564
165,1.3499999999999996,13.165829145728644,0.023565596605354393
166,1.3499999999999996,13.366834170854275,0.022016476975528058
167,1.3499999999999996,13.5678391959799,0.020593014053523588
168,1.3499999999999996,13.768844221105532,0.01927080250720789
169,1.3499999999999996,13.969849246231156,0.018032978911597972
170,1.3499999999999996,14.170854271356788,0.016869654396279035
171,1.3499999999999996,14.371859296482413,0.015775407390392925
172,1.3499999999999996,14.572864321608044,0.01474738324855423
173,1.3499999999999996,14.773869346733669,0.01378259372751291
174,1.3499999999999996,14.9748743718593,0.012880029339900687
175,1.3499999999999996,15.175879396984925,0.012040387021707896
176,1.3499999999999996,15.376884422110557,0.011257922652628632
177,1.3499999999999996,15.577889447236181,0.010508086711815353
178,1.3499999999999996,15.778894472361813,0.009793771576520255
179,1.3499999999999996,15.979899497487438,0.009206848646529006
180,1.3499999999999996,16.18090452261307,0.008776407732121076
181,1.3499999999999996,16.381909547738694,0.008186200861540163
182,1.3499999999999996,16.582914572864325,0.007127231132462313
183,1.3499999999999996,16.78391959798995,0.0062979032790193715
184,1.3499999999999996,16.98492462311558,0.007020876498802733
185,1.3499999999999996,17.185929648241206,0.008668320182189968
186,1.3499999999999996,17.386934673366838,0.007979102692672787
187,1.3499999999999996,17.587939698492463,0.003683741409955093
188,1.3499999999999996,17.788944723618094,0.000846117190869075
189,1.3499999999999996,17.98994974874372,0.006303219226776474
190,1.3499999999999996,18.19095477386935,0.018739506639377995
191,1.3499999999999996,18.391959798994975,0.02744552260443565
192,1.3499999999999996,18.592964824120607,0.024190094972085244
193,1.3499999999999996,18.79396984924623,0.014605523314058816
194,1.3499999999999996,18.994974874371863,0.014577421626638616
195,1.3499999999999996,19.195979899497488,0.034769683200080836
196,1.3499999999999996,19.39698492462312,0.06970207759971796
197,1.3499999999999996,19.597989949748744,0.10197592051468438
198,1.3499999999999996,19.798994974874375,0.11658573691759751
199,1.3499999999999996,20.0,0.11218256029768918
