,t,height,fid
0,1.2499999999999998,-20.0,0.04429612257481251
1,1.2499999999999998,-19.798994974874372,0.035652034040980676
2,1.2499999999999998,-19.597989949748744,0.01848312690928514
3,1.2499999999999998,-19.396984924623116,0.004077646827795416
4,1.2499999999999998,-19.195979899497488,0.0001797346853895424
5,1.2499999999999998,-18.99497487437186,0.00496298178778965
6,1.2499999999999998,-18.79396984924623,0.0106090050794255
7,1.2499999999999998,-18.592964824120603,0.011647779110632129
8,1.2499999999999998,-18.391959798994975,0.008975801918291264
9,1.2499999999999998,-18.190954773869347,0.00664289771381329
10,1.2499999999999998,-17.98994974874372,0.006757776497188694
11,1.2499999999999998,-17.78894472361809,0.008307216035396334
12,1.2499999999999998,-17.587939698492463,0.00957382256803042
13,1.2499999999999998,-17.386934673366834,0.010116428013359817
14,1.2499999999999998,-17.185929648241206,0.010477951540041306
15,1.2499999999999998,-16.984924623115578,0.011079852832590335
16,1.2499999999999998,-16.78391959798995,0.011892830977666503
17,1.2499999999999998,-16.582914572864322,0.012764818277001079
18,1.2499999999999998,-16.381909547738694,0.01365922296058782
19,1.2499999999999998,-16.180904522613066,0.014616612157722165
20,1.2499999999999998,-15.979899497487438,0.015670066045143646
21,1.2499999999999998,-15.77889447236181,0.016835391730484678
22,1.2499999999999998,-15.577889447236181,0.018126061096174657
23,1.2499999999999998,-15.376884422110553,0.019557988790111384
24,1.2499999999999998,-15.175879396984925,0.021143106508202142
25,1.2499999999999998,-14.974874371859297,0.022882865809316335
26,1.2499999999999998,-14.773869346733669,0.024763917413703637
27,1.2499999999999998,-14.57286432160804,0.026757930303436726
28,1.2499999999999998,-14.371859296482413,0.028822841539011143
29,1.2499999999999998,-14.170854271356784,0.03090818780365479
30,1.2499999999999998,-13.969849246231156,0.03296277960814545
31,1.2499999999999998,-13.768844221105528,0.034938307496299004
32,1.2499999999999998,-13.5678391959799,0.03680250725692469
33,1.2499999999999998,-13.366834170854272,0.03854129309694847
34,1.2499999999999998,-13.165829145728644,0.04016344171355304
35,1.2499999999999998,-12.964824120603016,0.041700431572371154
36,1.2499999999999998,-12.763819095477388,0.043200473036662475
37,1.2499999999999998,-12.56281407035176,0.04473198995970109
38,1.2499999999999998,-12.361809045226131,0.046370033769638004
39,1.2499999999999998,-12.160804020100503,0.04819452182786618
40,1.2499999999999998,-11.959798994974873,0.05028411286442046
41,1.2499999999999998,-11.758793969849245,0.05271414519300939
42,1.2499999999999998,-11.557788944723617,0.05555020198587084
43,1.2499999999999998,-11.356783919597989,0.05885277119620721
44,1.2499999999999998,-11.15577889447236,0.06267227431110829
45,1.2499999999999998,-10.954773869346733,0.0670559434738544
46,1.2499999999999998,-10.753768844221105,0.0720458270839377
47,1.2499999999999998,-10.552763819095476,0.0776802968393102
48,1.2499999999999998,-10.351758793969848,0.08400158157943952
49,1.2499999999999998,-10.15075376884422,0.09105408189032525
50,1.2499999999999998,-9.949748743718592,0.09888461659336074
51,1.2499999999999998,-9.748743718592964,0.10755206451477775
52,1.2499999999999998,-9.547738693467336,0.11712021859192394
53,1.2499999999999998,-9.346733668341708,0.1276665963083522
54,1.2499999999999998,-9.14572864321608,0.13927742394718023
55,1.2499999999999998,-8.944723618090451,0.15205404353450522
56,1.2499999999999998,-8.743718592964823,0.16610912029847433
57,1.2499999999999998,-8.542713567839195,0.1815679811050055
58,1.2499999999999998,-8.341708542713567,0.19857833883044254
59,1.2499999999999998,-8.140703517587939,0.21728944467821826
60,1.2499999999999998,-7.939698492462311,0.2378722558493857
61,1.2499999999999998,-7.738693467336683,0.2604915018477729
62,1.2499999999999998,-7.537688442211055,0.2853241882569808
63,1.2499999999999998,-7.3366834170854265,0.31252093392371066
64,1.2499999999999998,-7.135678391959798,0.34221062760401033
65,1.2499999999999998,-6.93467336683417,0.3744529251666276
66,1.2499999999999998,-6.733668341708542,0.40923322194633405
67,1.2499999999999998,-6.532663316582914,0.44639307967781733
68,1.2499999999999998,-6.331658291457286,0.4856163345333492
69,1.2499999999999998,-6.130653266331658,0.5263846800121129
70,1.2499999999999998,-5.92964824120603,0.5679702797792242
71,1.2499999999999998,-5.7286432160804015,0.6094544072248727
72,1.2499999999999998,-5.527638190954773,0.6497768847780707
73,1.2499999999999998,-5.326633165829145,0.6878359157583979
74,1.2499999999999998,-5.125628140703517,0.72258796217928
75,1.2499999999999998,-4.924623115577889,0.7531610569922221
76,1.2499999999999998,-4.723618090452261,0.7789587012815384
77,1.2499999999999998,-4.522613065326633,0.7996757122369629
78,1.2499999999999998,-4.321608040201005,0.8153290283792208
79,1.2499999999999998,-4.1206030150753765,0.8262004179365062
80,1.2499999999999998,-3.9195979899497466,0.8327759364584247
81,1.2499999999999998,-3.7185929648241185,0.8356670953977644
82,1.2499999999999998,-3.5175879396984904,0.8355373597183788
83,1.2499999999999998,-3.3165829145728623,0.8330435476431569
84,1.2499999999999998,-3.115577889447234,0.8287926587313994
85,1.2499999999999998,-2.914572864321606,0.8233190431858255
86,1.2499999999999998,-2.713567839195978,0.8170743438014606
87,1.2499999999999998,-2.5125628140703498,0.8104273620615519
88,1.2499999999999998,-2.3115577889447216,0.803671447305879
89,1.2499999999999998,-2.1105527638190935,0.7970342317796425
90,1.2499999999999998,-1.9095477386934654,0.7906887303302136
91,1.2499999999999998,-1.7085427135678373,0.7847639579220314
92,1.2499999999999998,-1.5075376884422091,0.7793560110212193
93,1.2499999999999998,-1.306532663316581,0.7745299134742645
94,1.2499999999999998,-1.105527638190953,0.7703355668077868
95,1.2499999999999998,-0.9045226130653248,0.7668069193015066
96,1.2499999999999998,-0.7035175879396967,0.7639665166216498
97,1.2499999999999998,-0.5025125628140685,0.7618328996887965
98,1.2499999999999998,-0.3015075376884404,0.7604163161494335
99,1.2499999999999998,-0.10050251256281229,0.7597259902326318
100,1.2499999999999998,0.10050251256281584,0.7597676016242086
101,1.2499999999999998,0.30150753768844396,0.7605460951660754
102,1.2499999999999998,0.5025125628140721,0.7620656104524015
103,1.2499999999999998,0.7035175879397002,0.764327487547134
104,1.2499999999999998,0.9045226130653283,0.7673315329014737
105,1.2499999999999998,1.1055276381909565,0.7710699071380154
106,1.2499999999999998,1.3065326633165846,0.7755313383910051
107,1.2499999999999998,1.5075376884422127,0.7806917537794869
108,1.2499999999999998,1.7085427135678408,0.7865174411078638
109,1.2499999999999998,1.909547738693469,0.792950021446139
110,1.2499999999999998,2.110552763819097,0.7999058409411962
111,1.2499999999999998,2.311557788944725,0.8072652260556032
112,1.2499999999999998,2.5125628140703533,0.8148626314274868
113,1.2499999999999998,2.7135678391959814,0.8224745145459803
114,1.2499999999999998,2.9145728643216096,0.8298068115686648
115,1.2499999999999998,3.1155778894472377,0.8364832800357934
116,1.2499999999999998,3.316582914572866,0.8420342469588323
117,1.2499999999999998,3.517587939698494,0.8458989604171123
118,1.2499999999999998,3.718592964824122,0.8474308097174135
119,1.2499999999999998,3.91959798994975,0.8459180654232622
120,1.2499999999999998,4.120603015075378,0.8406362168353936
121,1.2499999999999998,4.321608040201006,0.8309012619488824
122,1.2499999999999998,4.5226130653266345,0.8161588209695131
123,1.2499999999999998,4.723618090452263,0.796064607602295
124,1.2499999999999998,4.924623115577891,0.7705665879698557
125,1.2499999999999998,5.125628140703519,0.7399459112610547
126,1.2499999999999998,5.326633165829147,0.7048361452140006
127,1.2499999999999998,5.527638190954775,0.6661434420112969
128,1.2499999999999998,5.728643216080403,0.6249900667010485
129,1.2499999999999998,5.929648241206031,0.5825561419197143
130,1.2499999999999998,6.1306532663316595,0.5399787193598491
131,1.2499999999999998,6.331658291457288,0.4982422380606149
132,1.2499999999999998,6.532663316582916,0.45812044317606054
133,1.2499999999999998,6.733668341708544,0.42015568439131956
134,1.2499999999999998,6.934673366834172,0.3846800809426401
135,1.2499999999999998,7.1356783919598,0.3518462608393812
136,1.2499999999999998,7.336683417085428,0.3216618775333491
137,1.2499999999999998,7.537688442211056,0.2940533918883548
138,1.2499999999999998,7.7386934673366845,0.26888224336903893
139,1.2499999999999998,7.939698492462313,0.24597881824272294
140,1.2499999999999998,8.14070351758794,0.22516048841898118
141,1.2499999999999998,8.341708542713569,0.20624622259669753
142,1.2499999999999998,8.542713567839197,0.18906241497922802
143,1.2499999999999998,8.743718592964825,0.17344069985043992
144,1.2499999999999998,8.944723618090453,0.1592332981120328
145,1.2499999999999998,9.145728643216081,0.1463040628386946
146,1.2499999999999998,9.34673366834171,0.13452929200529212
147,1.2499999999999998,9.547738693467338,0.12380256926388794
148,1.2499999999999998,9.748743718592966,0.11402567559354874
149,1.2499999999999998,9.949748743718594,0.10511307690578772
150,1.2499999999999998,10.150753768844222,0.09699024175327664
151,1.2499999999999998,10.35175879396985,0.08959252753521638
152,1.2499999999999998,10.552763819095478,0.08285877607414605
153,1.2499999999999998,10.753768844221106,0.07674046654032861
154,1.2499999999999998,10.954773869346734,0.07119082007706164
155,1.2499999999999998,11.155778894472363,0.06616616218389956
156,1.2499999999999998,11.35678391959799,0.06162845255489457
157,1.2499999999999998,11.557788944723619,0.05753850884628628
158,1.2499999999999998,11.758793969849247,0.053856780978880234
159,1.2499999999999998,11.959798994974875,0.05054301347105699
160,1.2499999999999998,12.160804020100507,0.04755719146602227
161,1.2499999999999998,12.361809045226131,0.044854914774973276
162,1.2499999999999998,12.562814070351763,0.04239125896134561
163,1.2499999999999998,12.763819095477388,0.040121429738455915
164,1.2499999999999998,12.96482412060302,0.03800223549318496
165,1.2499999999999998,13.165829145728644,0.035994938446395223
166,1.2499999999999998,13.366834170854275,0.034064709089693584
167,1.2499999999999998,13.5678391959799,0.03218753450153301
168,1.2499999999999998,13.768844221105532,0.030347548636609448
169,1.2499999999999998,13.969849246231156,0.02854027813000192
170,1.2499999999999998,14.170854271356788,0.026768495561903465
171,1.2499999999999998,14.371859296482413,0.02504191113730347
172,1.2499999999999998,14.572864321608044,0.0233765429593682
173,1.2499999999999998,14.773869346733669,0.021787773168803842
174,1.2499999999999998,14.9748743718593,0.020290267164063003
175,1.2499999999999998,15.175879396984925,0.018891994717656086
176,1.2499999999999998,15.376884422110557,0.017597211786637403
177,1.2499999999999998,15.577889447236181,0.016404838661229243
178,1.2499999999999998,15.778894472361813,0.015309050974698406
179,1.2499999999999998,15.979899497487438,0.014300040212043855
180,1.2499999999999998,16.18090452261307,0.0133743004742792
181,1.2499999999999998,16.381909547738694,0.012527297812347127
182,1.2499999999999998,16.582914572864325,0.011734576026927072
183,1.2499999999999998,16.78391959798995,0.010947247524641265
184,1.2499999999999998,16.98492462311558,0.01018399584386489
185,1.2499999999999998,17.185929648241206,0.009616965219728124
186,1.2499999999999998,17.386934673366838,0.009350434064977063
187,1.2499999999999998,17.587939698492463,0.00898597232730311
188,1.2499999999999998,17.788944723618094,0.007824240591414995
189,1.2499999999999998,17.98994974874372,0.006109259038890445
190,1.2499999999999998,18.19095477386935,0.0056929835855448535
191,1.2499999999999998,18.391959798994975,0.008097537731201053
192,1.2499999999999998,18.592964824120607,0.011504397355074766
193,1.2499999999999998,18.79396984924623,0.011375436972242555
194,1.2499999999999998,18.994974874371863,0.0059133247149387004
195,1.2499999999999998,19.195979899497488,0.00034786964601602686
196,1.2499999999999998,19.39698492462312,0.0034306833019943405
197,1.2499999999999998,19.597989949748744,0.018316990776831063
198,1.2499999999999998,19.798994974874375,0.03770638705324413
199,1.2499999999999998,20.0,0.04939774930480807
