,t,height,fid
0,1.6499999999999997,-20.0,0.2124772900192739
1,1.6499999999999997,-19.798994974874372,0.23729267305671964
2,1.6499999999999997,-19.597989949748744,0.28658222159976837
3,1.6499999999999997,-19.396984924623116,0.32299058160454813
4,1.6499999999999997,-19.195979899497488,0.3188659128893181
5,1.6499999999999997,-18.99497487437186,0.27467946786462866
6,1.6499999999999997,-18.79396984924623,0.21663190407507368
7,1.6499999999999997,-18.592964824120603,0.1763907207613229
8,1.6499999999999997,-18.391959798994975,0.16884946914149723
9,1.6499999999999997,-18.190954773869347,0.1838857737167628
10,1.6499999999999997,-17.98994974874372,0.19636079293890193
11,1.6499999999999997,-17.78894472361809,0.18524110843493408
12,1.6499999999999997,-17.587939698492463,0.14808790173418854
13,1.6499999999999997,-17.386934673366834,0.10181730815309475
14,1.6499999999999997,-17.185929648241206,0.06963838498897768
15,1.6499999999999997,-16.984924623115578,0.06226972547909264
16,1.6499999999999997,-16.78391959798995,0.06790868028461941
17,1.6499999999999997,-16.582914572864322,0.06323747974518708
18,1.6499999999999997,-16.381909547738694,0.03925528652428629
19,1.6499999999999997,-16.180904522613066,0.012926021078144705
20,1.6499999999999997,-15.979899497487438,0.005229955716016139
21,1.6499999999999997,-15.77889447236181,0.012527398525303967
22,1.6499999999999997,-15.577889447236181,0.014539465010505388
23,1.6499999999999997,-15.376884422110553,0.006374448000089041
24,1.6499999999999997,-15.175879396984925,0.0011507967857857229
25,1.6499999999999997,-14.974874371859297,0.0038640204619739315
26,1.6499999999999997,-14.773869346733669,0.0064932581707528286
27,1.6499999999999997,-14.57286432160804,0.005717936687559456
28,1.6499999999999997,-14.371859296482413,0.005346903685327223
29,1.6499999999999997,-14.170854271356784,0.00641777496840784
30,1.6499999999999997,-13.969849246231156,0.007303311652820794
31,1.6499999999999997,-13.768844221105528,0.007882998697848642
32,1.6499999999999997,-13.5678391959799,0.008656386429553102
33,1.6499999999999997,-13.366834170854272,0.009566479588622676
34,1.6499999999999997,-13.165829145728644,0.010525208172437071
35,1.6499999999999997,-12.964824120603016,0.011573937318653745
36,1.6499999999999997,-12.763819095477388,0.012731124635756376
37,1.6499999999999997,-12.56281407035176,0.01400287949556654
38,1.6499999999999997,-12.361809045226131,0.015402984324595144
39,1.6499999999999997,-12.160804020100503,0.01694794421592056
40,1.6499999999999997,-11.959798994974873,0.018656921723609853
41,1.6499999999999997,-11.758793969849245,0.020551300893404935
42,1.6499999999999997,-11.557788944723617,0.022659296726108794
43,1.6499999999999997,-11.356783919597989,0.025015702289537128
44,1.6499999999999997,-11.15577889447236,0.02766268280709117
45,1.6499999999999997,-10.954773869346733,0.03065196339811167
46,1.6499999999999997,-10.753768844221105,0.034048441306271604
47,1.6499999999999997,-10.552763819095476,0.037922422056843555
48,1.6499999999999997,-10.351758793969848,0.042352843106757604
49,1.6499999999999997,-10.15075376884422,0.04741510364643414
50,1.6499999999999997,-9.949748743718592,0.05318173009281288
51,1.6499999999999997,-9.748743718592964,0.05971029931584801
52,1.6499999999999997,-9.547738693467336,0.06704572183204865
53,1.6499999999999997,-9.346733668341708,0.07522582328929295
54,1.6499999999999997,-9.14572864321608,0.08427811297288837
55,1.6499999999999997,-8.944723618090451,0.09424165412842765
56,1.6499999999999997,-8.743718592964823,0.10517218033140321
57,1.6499999999999997,-8.542713567839195,0.11715530276569525
58,1.6499999999999997,-8.341708542713567,0.1303172594608165
59,1.6499999999999997,-8.140703517587939,0.1448298023500465
60,1.6499999999999997,-7.939698492462311,0.16091509900350934
61,1.6499999999999997,-7.738693467336683,0.1788445321316907
62,1.6499999999999997,-7.537688442211055,0.1989490310353293
63,1.6499999999999997,-7.3366834170854265,0.22160264231182103
64,1.6499999999999997,-7.135678391959798,0.24723586412909482
65,1.6499999999999997,-6.93467336683417,0.2763111967889254
66,1.6499999999999997,-6.733668341708542,0.30930100698495433
67,1.6499999999999997,-6.532663316582914,0.34666163137078276
68,1.6499999999999997,-6.331658291457286,0.3887261995689941
69,1.6499999999999997,-6.130653266331658,0.43561939002032224
70,1.6499999999999997,-5.92964824120603,0.48706048518748996
71,1.6499999999999997,-5.7286432160804015,0.542199649043773
72,1.6499999999999997,-5.527638190954773,0.5994912592063095
73,1.6499999999999997,-5.326633165829145,0.6567010804501765
74,1.6499999999999997,-5.125628140703517,0.7111460356210063
75,1.6499999999999997,-4.924623115577889,0.7600878999466096
76,1.6499999999999997,-4.723618090452261,0.8012639769716098
77,1.6499999999999997,-4.522613065326633,0.8332599953095657
78,1.6499999999999997,-4.321608040201005,0.8556963828311127
79,1.6499999999999997,-4.1206030150753765,0.8691352493382234
80,1.6499999999999997,-3.9195979899497466,0.8748232006732793
81,1.6499999999999997,-3.7185929648241185,0.8743471611281525
82,1.6499999999999997,-3.5175879396984904,0.8693466448152395
83,1.6499999999999997,-3.3165829145728623,0.8613105060769253
84,1.6499999999999997,-3.115577889447234,0.8514700661884403
85,1.6499999999999997,-2.914572864321606,0.8407755506567713
86,1.6499999999999997,-2.713567839195978,0.829921158548358
87,1.6499999999999997,-2.5125628140703498,0.8193839870414487
88,1.6499999999999997,-2.3115577889447216,0.8094724597261662
89,1.6499999999999997,-2.1105527638190935,0.8003731430594705
90,1.6499999999999997,-1.9095477386934654,0.7921862774175876
91,1.6499999999999997,-1.7085427135678373,0.7849540839461467
92,1.6499999999999997,-1.5075376884422091,0.7786833037580613
93,1.6499999999999997,-1.306532663316581,0.7733538424298891
94,1.6499999999999997,-1.105527638190953,0.7689385665988566
95,1.6499999999999997,-0.9045226130653248,0.7654036396234728
96,1.6499999999999997,-0.7035175879396967,0.7627187289292857
97,1.6499999999999997,-0.5025125628140685,0.7608545840673633
98,1.6499999999999997,-0.3015075376884404,0.7597884416381154
99,1.6499999999999997,-0.10050251256281229,0.7595052657427304
100,1.6499999999999997,0.10050251256281584,0.7599979698051665
101,1.6499999999999997,0.30150753768844396,0.7612679535851863
102,1.6499999999999997,0.5025125628140721,0.7633249793505752
103,1.6499999999999997,0.7035175879397002,0.7661879310783453
104,1.6499999999999997,0.9045226130653283,0.7698806586083953
105,1.6499999999999997,1.1055276381909565,0.7744355807547185
106,1.6499999999999997,1.3065326633165846,0.7798888567586172
107,1.6499999999999997,1.5075376884422127,0.7862759981179568
108,1.6499999999999997,1.7085427135678408,0.7936334172752754
109,1.6499999999999997,1.909547738693469,0.8019821422898171
110,1.6499999999999997,2.110552763819097,0.8113231230991028
111,1.6499999999999997,2.311557788944725,0.8216200228408057
112,1.6499999999999997,2.5125628140703533,0.8327778234854959
113,1.6499999999999997,2.7135678391959814,0.8446132973386433
114,1.6499999999999997,2.9145728643216096,0.8568118085221643
115,1.6499999999999997,3.1155778894472377,0.8688827553387694
116,1.6499999999999997,3.316582914572866,0.8801053317701367
117,1.6499999999999997,3.517587939698494,0.8894714204530786
118,1.6499999999999997,3.718592964824122,0.8956635505495706
119,1.6499999999999997,3.91959798994975,0.8970786612199797
120,1.6499999999999997,4.120603015075378,0.8919256805400421
121,1.6499999999999997,4.321608040201006,0.8784535539001497
122,1.6499999999999997,4.5226130653266345,0.8552702798074322
123,1.6499999999999997,4.723618090452263,0.8217318543177826
124,1.6499999999999997,4.924623115577891,0.7782475951738413
125,1.6499999999999997,5.125628140703519,0.7263707067625338
126,1.6499999999999997,5.326633165829147,0.6686096862720357
127,1.6499999999999997,5.527638190954775,0.6079866038672689
128,1.6499999999999997,5.728643216080403,0.5474451270427184
129,1.6499999999999997,5.929648241206031,0.4894003437473048
130,1.6499999999999997,6.1306532663316595,0.4354875970693202
131,1.6499999999999997,6.331658291457288,0.38656719462161004
132,1.6499999999999997,6.532663316582916,0.3428838463903794
133,1.6499999999999997,6.733668341708544,0.30425905907188233
134,1.6499999999999997,6.934673366834172,0.2703074826658956
135,1.6499999999999997,7.1356783919598,0.24053234889618233
136,1.6499999999999997,7.336683417085428,0.2144340013593852
137,1.6499999999999997,7.537688442211056,0.19153249565169772
138,1.6499999999999997,7.7386934673366845,0.1713911902074038
139,1.6499999999999997,7.939698492462313,0.15362873028265328
140,1.6499999999999997,8.14070351758794,0.1379099638389627
141,1.6499999999999997,8.341708542713569,0.12395158539953632
142,1.6499999999999997,8.542713567839197,0.1115100838844593
143,1.6499999999999997,8.743718592964825,0.10038381497353698
144,1.6499999999999997,8.944723618090453,0.09040527885740869
145,1.6499999999999997,9.145728643216081,0.0814341590180684
146,1.6499999999999997,9.34673366834171,0.07336539050506097
147,1.6499999999999997,9.547738693467338,0.06610335221167532
148,1.6499999999999997,9.748743718592966,0.05957867752356612
149,1.6499999999999997,9.949748743718594,0.05372260570964619
150,1.6499999999999997,10.150753768844222,0.04847653587959455
151,1.6499999999999997,10.35175879396985,0.043784232261263246
152,1.6499999999999997,10.552763819095478,0.03959066528684794
153,1.6499999999999997,10.753768844221106,0.03584319566040362
154,1.6499999999999997,10.954773869346734,0.03248994464139248
155,1.6499999999999997,11.155778894472363,0.029484580475713746
156,1.6499999999999997,11.35678391959799,0.02678607761032324
157,1.6499999999999997,11.557788944723619,0.024356162051250144
158,1.6499999999999997,11.758793969849247,0.022163493595037616
159,1.6499999999999997,11.959798994974875,0.02018246717950518
160,1.6499999999999997,12.160804020100507,0.018387841929136225
161,1.6499999999999997,12.361809045226131,0.016760028480099706
162,1.6499999999999997,12.562814070351763,0.01528246167342545
163,1.6499999999999997,12.763819095477388,0.01393850264887631
164,1.6499999999999997,12.96482412060302,0.012714185570736714
165,1.6499999999999997,13.165829145728644,0.011604692047280266
166,1.6499999999999997,13.366834170854275,0.010594515211271976
167,1.6499999999999997,13.5678391959799,0.009628558392452564
168,1.6499999999999997,13.768844221105532,0.008792469130487285
169,1.6499999999999997,13.969849246231156,0.008214030270143304
170,1.6499999999999997,14.170854271356788,0.007317915999124377
171,1.6499999999999997,14.371859296482413,0.006042004583712369
172,1.6499999999999997,14.572864321608044,0.006407774473691061
173,1.6499999999999997,14.773869346733669,0.007625995644591383
174,1.6499999999999997,14.9748743718593,0.004812534812607128
175,1.6499999999999997,15.175879396984925,0.001248972582884725
176,1.6499999999999997,15.376884422110557,0.007153139846394924
177,1.6499999999999997,15.577889447236181,0.017279826451762955
178,1.6499999999999997,15.778894472361813,0.015103243812491793
179,1.6499999999999997,15.979899497487438,0.005957717869039051
180,1.6499999999999997,16.18090452261307,0.014944528380400418
181,1.6499999999999997,16.381909547738694,0.04607916773965426
182,1.6499999999999997,16.582914572864325,0.07247372992785545
183,1.6499999999999997,16.78391959798995,0.07442300872855613
184,1.6499999999999997,16.98492462311558,0.06632077533160373
185,1.6499999999999997,17.185929648241206,0.07731471361995058
186,1.6499999999999997,17.386934673366838,0.11673966474984115
187,1.6499999999999997,17.587939698492463,0.1657718725286588
188,1.6499999999999997,17.788944723618094,0.19770055560954142
189,1.6499999999999997,17.98994974874372,0.20141169475105358
190,1.6499999999999997,18.19095477386935,0.18819581431482946
191,1.6499999999999997,18.391959798994975,0.18111973310704532
192,1.6499999999999997,18.592964824120607,0.19793139005977176
193,1.6499999999999997,18.79396984924623,0.239000972494484
194,1.6499999999999997,18.994974874371863,0.28697767952367664
195,1.6499999999999997,19.195979899497488,0.31783787829095916
196,1.6499999999999997,19.39698492462312,0.3166259656508105
197,1.6499999999999997,19.597989949748744,0.28783434017225884
198,1.6499999999999997,19.798994974874375,0.25323308724237087
199,1.6499999999999997,20.0,0.23806348490248197
