,t,height,fid
0,1.1999999999999997,-20.0,0.019091905028067346
1,1.1999999999999997,-19.798994974874372,0.010199103152808583
2,1.1999999999999997,-19.597989949748744,0.002824446050901964
3,1.1999999999999997,-19.396984924623116,0.0009536365596482889
4,1.1999999999999997,-19.195979899497488,0.003503138812864497
5,1.1999999999999997,-18.99497487437186,0.006573482082781612
6,1.1999999999999997,-18.79396984924623,0.00757439959651428
7,1.1999999999999997,-18.592964824120603,0.0068644775510904015
8,1.1999999999999997,-18.391959798994975,0.006152856796994439
9,1.1999999999999997,-18.190954773869347,0.006356728355716136
10,1.1999999999999997,-17.98994974874372,0.007168398461766887
11,1.1999999999999997,-17.78894472361809,0.007972793658609267
12,1.1999999999999997,-17.587939698492463,0.00856774692212288
13,1.1999999999999997,-17.386934673366834,0.009096790188915356
14,1.1999999999999997,-17.185929648241206,0.009701858978520968
15,1.1999999999999997,-16.984924623115578,0.010397683042920287
16,1.1999999999999997,-16.78391959798995,0.011151527996653825
17,1.1999999999999997,-16.582914572864322,0.011955579295073546
18,1.1999999999999997,-16.381909547738694,0.012830985691696722
19,1.1999999999999997,-16.180904522613066,0.01380892927630578
20,1.1999999999999997,-15.979899497487438,0.01492264334936782
21,1.1999999999999997,-15.77889447236181,0.01620826951776971
22,1.1999999999999997,-15.577889447236181,0.017702686467452072
23,1.1999999999999997,-15.376884422110553,0.019435043876460247
24,1.1999999999999997,-15.175879396984925,0.021423068891487925
25,1.1999999999999997,-14.974874371859297,0.02366832308113458
26,1.1999999999999997,-14.773869346733669,0.02615391587190335
27,1.1999999999999997,-14.57286432160804,0.02884348910847671
28,1.1999999999999997,-14.371859296482413,0.03168877007971041
29,1.1999999999999997,-14.170854271356784,0.03463318078252776
30,1.1999999999999997,-13.969849246231156,0.03761634036297717
31,1.1999999999999997,-13.768844221105528,0.04058644849947912
32,1.1999999999999997,-13.5678391959799,0.04350166094578822
33,1.1999999999999997,-13.366834170854272,0.04633617763788709
34,1.1999999999999997,-13.165829145728644,0.04908260484032377
35,1.1999999999999997,-12.964824120603016,0.051751912900990904
36,1.1999999999999997,-12.763819095477388,0.05437253512915547
37,1.1999999999999997,-12.56281407035176,0.05698481418294165
38,1.1999999999999997,-12.361809045226131,0.05964205220516868
39,1.1999999999999997,-12.160804020100503,0.062401560126721115
40,1.1999999999999997,-11.959798994974873,0.06532738357138243
41,1.1999999999999997,-11.758793969849245,0.06848355037411875
42,1.1999999999999997,-11.557788944723617,0.07193119250776868
43,1.1999999999999997,-11.356783919597989,0.07573103914921236
44,1.1999999999999997,-11.15577889447236,0.07994232431183172
45,1.1999999999999997,-10.954773869346733,0.0846223177450577
46,1.1999999999999997,-10.753768844221105,0.08982579862991465
47,1.1999999999999997,-10.552763819095476,0.09560624948119993
48,1.1999999999999997,-10.351758793969848,0.10202124483767994
49,1.1999999999999997,-10.15075376884422,0.10913041253660467
50,1.1999999999999997,-9.949748743718592,0.11699508729740508
51,1.1999999999999997,-9.748743718592964,0.12568504726301544
52,1.1999999999999997,-9.547738693467336,0.13527314540994584
53,1.1999999999999997,-9.346733668341708,0.1458443789117838
54,1.1999999999999997,-9.14572864321608,0.15748808960411445
55,1.1999999999999997,-8.944723618090451,0.1703082770599343
56,1.1999999999999997,-8.743718592964823,0.18441100375009395
57,1.1999999999999997,-8.542713567839195,0.19992684066688818
58,1.1999999999999997,-8.341708542713567,0.21698284040552804
59,1.1999999999999997,-8.140703517587939,0.23572508004720383
60,1.1999999999999997,-7.939698492462311,0.25629664556148724
61,1.1999999999999997,-7.738693467336683,0.2788462054672338
62,1.1999999999999997,-7.537688442211055,0.30350777455890343
63,1.1999999999999997,-7.3366834170854265,0.33040256703674714
64,1.1999999999999997,-7.135678391959798,0.35960238657139265
65,1.1999999999999997,-6.93467336683417,0.3911165816206267
66,1.1999999999999997,-6.733668341708542,0.42486646008412216
67,1.1999999999999997,-6.532663316582914,0.4606469492769748
68,1.1999999999999997,-6.331658291457286,0.4980922236843347
69,1.1999999999999997,-6.130653266331658,0.5366714191962685
70,1.1999999999999997,-5.92964824120603,0.5756823692885169
71,1.1999999999999997,-5.7286432160804015,0.614279300024612
72,1.1999999999999997,-5.527638190954773,0.651521728721479
73,1.1999999999999997,-5.326633165829145,0.686464852430177
74,1.1999999999999997,-5.125628140703517,0.7182369144030948
75,1.1999999999999997,-4.924623115577889,0.746132137132242
76,1.1999999999999997,-4.723618090452261,0.7696853383467299
77,1.1999999999999997,-4.522613065326633,0.7886771757080987
78,1.1999999999999997,-4.321608040201005,0.8031548945134714
79,1.1999999999999997,-4.1206030150753765,0.8133803538666918
80,1.1999999999999997,-3.9195979899497466,0.8197826571676332
81,1.1999999999999997,-3.7185929648241185,0.8228932495803576
82,1.1999999999999997,-3.5175879396984904,0.8232871576310108
83,1.1999999999999997,-3.3165829145728623,0.8215345350072067
84,1.1999999999999997,-3.115577889447234,0.8181665368335769
85,1.1999999999999997,-2.914572864321606,0.8136545667005133
86,1.1999999999999997,-2.713567839195978,0.808401240042121
87,1.1999999999999997,-2.5125628140703498,0.8027392541349538
88,1.1999999999999997,-2.3115577889447216,0.7969367569412322
89,1.1999999999999997,-2.1105527638190935,0.791204805196403
90,1.1999999999999997,-1.9095477386934654,0.7857062777369755
91,1.1999999999999997,-1.7085427135678373,0.7805650151870516
92,1.1999999999999997,-1.5075376884422091,0.7758750367390288
93,1.1999999999999997,-1.306532663316581,0.7717019508461761
94,1.1999999999999997,-1.105527638190953,0.7680972024860356
95,1.1999999999999997,-0.9045226130653248,0.7650966556666139
96,1.1999999999999997,-0.7035175879396967,0.7627289663535443
97,1.1999999999999997,-0.5025125628140685,0.7610124655552627
98,1.1999999999999997,-0.3015075376884404,0.7599612260986299
99,1.1999999999999997,-0.10050251256281229,0.7595863423673642
100,1.1999999999999997,0.10050251256281584,0.7598952263010101
101,1.1999999999999997,0.30150753768844396,0.7608933384442862
102,1.1999999999999997,0.5025125628140721,0.7625842327829115
103,1.1999999999999997,0.7035175879397002,0.7649677930273573
104,1.1999999999999997,0.9045226130653283,0.7680405430863484
105,1.1999999999999997,1.1055276381909565,0.771791303636466
106,1.1999999999999997,1.3065326633165846,0.7762039554883424
107,1.1999999999999997,1.5075376884422127,0.7812489044460206
108,1.1999999999999997,1.7085427135678408,0.7868866655878584
109,1.1999999999999997,1.909547738693469,0.7930533999439819
110,1.1999999999999997,2.110552763819097,0.799660748733214
111,1.1999999999999997,2.311557788944725,0.8065870590651875
112,1.1999999999999997,2.5125628140703533,0.813668050078699
113,1.1999999999999997,2.7135678391959814,0.820687195223203
114,1.1999999999999997,2.9145728643216096,0.8273656476365331
115,1.1999999999999997,3.1155778894472377,0.8333529592654507
116,1.1999999999999997,3.316582914572866,0.8382217417460428
117,1.1999999999999997,3.517587939698494,0.8414625382012068
118,1.1999999999999997,3.718592964824122,0.8424996053651701
119,1.1999999999999997,3.91959798994975,0.8407069905583235
120,1.1999999999999997,4.120603015075378,0.8354454777079762
121,1.1999999999999997,4.321608040201006,0.8261198008976
122,1.1999999999999997,4.5226130653266345,0.8122372110580283
123,1.1999999999999997,4.723618090452263,0.7934838274409598
124,1.1999999999999997,4.924623115577891,0.7697881470738678
125,1.1999999999999997,5.125628140703519,0.7413555270248886
126,1.1999999999999997,5.326633165829147,0.7086966600869165
127,1.1999999999999997,5.527638190954775,0.6725615168028146
128,1.1999999999999997,5.728643216080403,0.633898607211638
129,1.1999999999999997,5.929648241206031,0.593743656876329
130,1.1999999999999997,6.1306532663316595,0.5531193874555583
131,1.1999999999999997,6.331658291457288,0.5129454376463317
132,1.1999999999999997,6.532663316582916,0.4739849097899652
133,1.1999999999999997,6.733668341708544,0.4368019272363086
134,1.1999999999999997,6.934673366834172,0.40177446516525567
135,1.1999999999999997,7.1356783919598,0.36911430902088693
136,1.1999999999999997,7.336683417085428,0.3388950897110067
137,1.1999999999999997,7.537688442211056,0.3110925848982738
138,1.1999999999999997,7.7386934673366845,0.2856210867485116
139,1.1999999999999997,7.939698492462313,0.2623447311627011
140,1.1999999999999997,8.14070351758794,0.2411152318749796
141,1.1999999999999997,8.341708542713569,0.22176884066435604
142,1.1999999999999997,8.542713567839197,0.20414853687242798
143,1.1999999999999997,8.743718592964825,0.18810385136873037
144,1.1999999999999997,8.944723618090453,0.17348685615237788
145,1.1999999999999997,9.145728643216081,0.16017129742221356
146,1.1999999999999997,9.34673366834171,0.14803434333916057
147,1.1999999999999997,9.547738693467338,0.1369677922409546
148,1.1999999999999997,9.748743718592966,0.1268758919911734
149,1.1999999999999997,9.949748743718594,0.11766926014598479
150,1.1999999999999997,10.150753768844222,0.10927044111134553
151,1.1999999999999997,10.35175879396985,0.10160646212197855
152,1.1999999999999997,10.552763819095478,0.09461543111174134
153,1.1999999999999997,10.753768844221106,0.08823750784327321
154,1.1999999999999997,10.954773869346734,0.08241646582894795
155,1.1999999999999997,11.155778894472363,0.07710594202022727
156,1.1999999999999997,11.35678391959799,0.0722575289062762
157,1.1999999999999997,11.557788944723619,0.06782439417983652
158,1.1999999999999997,11.758793969849247,0.06376415308737043
159,1.1999999999999997,11.959798994974875,0.06003291066188425
160,1.1999999999999997,12.160804020100507,0.05658768666563253
161,1.1999999999999997,12.361809045226131,0.053386976212185765
162,1.1999999999999997,12.562814070351763,0.05038920454718364
163,1.1999999999999997,12.763819095477388,0.047558254450137484
164,1.1999999999999997,12.96482412060302,0.04485704479167208
165,1.1999999999999997,13.165829145728644,0.04225734788048998
166,1.1999999999999997,13.366834170854275,0.039733891679233344
167,1.1999999999999997,13.5678391959799,0.03727191742591109
168,1.1999999999999997,13.768844221105532,0.034863828939659544
169,1.1999999999999997,13.969849246231156,0.03250978555281044
170,1.1999999999999997,14.170854271356788,0.03021918160164723
171,1.1999999999999997,14.371859296482413,0.028007161162934648
172,1.1999999999999997,14.572864321608044,0.025892713782208806
173,1.1999999999999997,14.773869346733669,0.02389534860120051
174,1.1999999999999997,14.9748743718593,0.022032643371228358
175,1.1999999999999997,15.175879396984925,0.02031857038347467
176,1.1999999999999997,15.376884422110557,0.018757594020440926
177,1.1999999999999997,15.577889447236181,0.01734844082316465
178,1.1999999999999997,15.778894472361813,0.01608296832119655
179,1.1999999999999997,15.979899497487438,0.014947736824630919
180,1.1999999999999997,16.18090452261307,0.013925069403829206
181,1.1999999999999997,16.381909547738694,0.012998415192505438
182,1.1999999999999997,16.582914572864325,0.012151234889701205
183,1.1999999999999997,16.78391959798995,0.011364952418257291
184,1.1999999999999997,16.98492462311558,0.010620544557038947
185,1.1999999999999997,17.185929648241206,0.009925495700219424
186,1.1999999999999997,17.386934673366838,0.009326030757332484
187,1.1999999999999997,17.587939698492463,0.008831836125129703
188,1.1999999999999997,17.788944723618094,0.008294400710794386
189,1.1999999999999997,17.98994974874372,0.007491284915134387
190,1.1999999999999997,18.19095477386935,0.006553111382178791
191,1.1999999999999997,18.391959798994975,0.006200528275650175
192,1.1999999999999997,18.592964824120607,0.007013907911491474
193,1.1999999999999997,18.79396984924623,0.008175358802244487
194,1.1999999999999997,18.994974874371863,0.0075933589133312706
195,1.1999999999999997,19.195979899497488,0.004325486025184889
196,1.1999999999999997,19.39698492462312,0.0009393790190608407
197,1.1999999999999997,19.597989949748744,0.0022100922133361785
198,1.1999999999999997,19.798994974874375,0.010283718315109533
199,1.1999999999999997,20.0,0.02126872006298316
