,t,height,fid
0,1.5999999999999996,-20.0,0.20244200859185646
1,1.5999999999999996,-19.798994974874372,0.20867592377655667
2,1.5999999999999996,-19.597989949748744,0.24773441421297449
3,1.5999999999999996,-19.396984924623116,0.2877938095248506
4,1.5999999999999996,-19.195979899497488,0.2951819568853593
5,1.5999999999999996,-18.99497487437186,0.2578217440830102
6,1.5999999999999996,-18.79396984924623,0.19422039571707195
7,1.5999999999999996,-18.592964824120603,0.14055865745831786
8,1.5999999999999996,-18.391959798994975,0.12400619311073101
9,1.5999999999999996,-18.190954773869347,0.14177108193506582
10,1.5999999999999996,-17.98994974874372,0.16312374566320217
11,1.5999999999999996,-17.78894472361809,0.15500441082378233
12,1.5999999999999996,-17.587939698492463,0.11133483992893814
13,1.5999999999999996,-17.386934673366834,0.05923038645642734
14,1.5999999999999996,-17.185929648241206,0.033054030625408966
15,1.5999999999999996,-16.984924623115578,0.0395655479980554
16,1.5999999999999996,-16.78391959798995,0.05200360333356086
17,1.5999999999999996,-16.582914572864322,0.04287698450994948
18,1.5999999999999996,-16.381909547738694,0.016928880319187746
19,1.5999999999999996,-16.180904522613066,0.0009271401933326961
20,1.5999999999999996,-15.979899497487438,0.005063868133698641
21,1.5999999999999996,-15.77889447236181,0.01280661357056814
22,1.5999999999999996,-15.577889447236181,0.010388314794315132
23,1.5999999999999996,-15.376884422110553,0.004447320944748521
24,1.5999999999999996,-15.175879396984925,0.004259118334044206
25,1.5999999999999996,-14.974874371859297,0.007055441294268315
26,1.5999999999999996,-14.773869346733669,0.007764436433351832
27,1.5999999999999996,-14.57286432160804,0.007397836387290246
28,1.5999999999999996,-14.371859296482413,0.007910734027017464
29,1.5999999999999996,-14.170854271356784,0.008805206267160106
30,1.5999999999999996,-13.969849246231156,0.009506638259163992
31,1.5999999999999996,-13.768844221105528,0.010221452241442705
32,1.5999999999999996,-13.5678391959799,0.011066163723978003
33,1.5999999999999996,-13.366834170854272,0.01198721513478013
34,1.5999999999999996,-13.165829145728644,0.012980232803683794
35,1.5999999999999996,-12.964824120603016,0.014061937427125717
36,1.5999999999999996,-12.763819095477388,0.015238992639748485
37,1.5999999999999996,-12.56281407035176,0.016517489213222544
38,1.5999999999999996,-12.361809045226131,0.017906052336697884
39,1.5999999999999996,-12.160804020100503,0.019412564648572658
40,1.5999999999999996,-11.959798994974873,0.0210467966471819
41,1.5999999999999996,-11.758793969849245,0.022821125570644224
42,1.5999999999999996,-11.557788944723617,0.02475120134631176
43,1.5999999999999996,-11.356783919597989,0.02686022215085632
44,1.5999999999999996,-11.15577889447236,0.02917980968183752
45,1.5999999999999996,-10.954773869346733,0.03176087579699279
46,1.5999999999999996,-10.753768844221105,0.03466941951119576
47,1.5999999999999996,-10.552763819095476,0.037988675199604506
48,1.5999999999999996,-10.351758793969848,0.041820239323721725
49,1.5999999999999996,-10.15075376884422,0.04627121765420122
50,1.5999999999999996,-9.949748743718592,0.05145364334963958
51,1.5999999999999996,-9.748743718592964,0.05747131588784889
52,1.5999999999999996,-9.547738693467336,0.06441598284972024
53,1.5999999999999996,-9.346733668341708,0.07236864972517586
54,1.5999999999999996,-9.14572864321608,0.0813980017497984
55,1.5999999999999996,-8.944723618090451,0.09157273437788988
56,1.5999999999999996,-8.743718592964823,0.10296377094711559
57,1.5999999999999996,-8.542713567839195,0.11566172898484907
58,1.5999999999999996,-8.341708542713567,0.1297808983884042
59,1.5999999999999996,-8.140703517587939,0.14547456424171076
60,1.5999999999999996,-7.939698492462311,0.16293211346493264
61,1.5999999999999996,-7.738693467336683,0.18238922214359912
62,1.5999999999999996,-7.537688442211055,0.2041372234498052
63,1.5999999999999996,-7.3366834170854265,0.22850854979127655
64,1.5999999999999996,-7.135678391959798,0.25587797655249284
65,1.5999999999999996,-6.93467336683417,0.28665182925304855
66,1.5999999999999996,-6.733668341708542,0.32123896361701487
67,1.5999999999999996,-6.532663316582914,0.36000439961005976
68,1.5999999999999996,-6.331658291457286,0.4031792565265804
69,1.5999999999999996,-6.130653266331658,0.4507581180262789
70,1.5999999999999996,-5.92964824120603,0.5023377587426263
71,1.5999999999999996,-5.7286432160804015,0.556980654991579
72,1.5999999999999996,-5.527638190954773,0.6131210803621022
73,1.5999999999999996,-5.326633165829145,0.6686200314666519
74,1.5999999999999996,-5.125628140703517,0.7210038047550122
75,1.5999999999999996,-4.924623115577889,0.7678205671402049
76,1.5999999999999996,-4.723618090452261,0.8070857996546971
77,1.5999999999999996,-4.522613065326633,0.8375962179750823
78,1.5999999999999996,-4.321608040201005,0.8590561917877125
79,1.5999999999999996,-4.1206030150753765,0.8720040590689188
80,1.5999999999999996,-3.9195979899497466,0.8775758783800717
81,1.5999999999999996,-3.7185929648241185,0.8772232744778422
82,1.5999999999999996,-3.5175879396984904,0.8724548646256127
83,1.5999999999999996,-3.3165829145728623,0.8646545263608139
84,1.5999999999999996,-3.115577889447234,0.8549926982239149
85,1.5999999999999996,-2.914572864321606,0.8443846063213355
86,1.5999999999999996,-2.713567839195978,0.8335153193510969
87,1.5999999999999996,-2.5125628140703498,0.8228683554548368
88,1.5999999999999996,-2.3115577889447216,0.8127665585164782
89,1.5999999999999996,-2.1105527638190935,0.8034150987736107
90,1.5999999999999996,-1.9095477386934654,0.7949323554101712
91,1.5999999999999996,-1.7085427135678373,0.7873776330705723
92,1.5999999999999996,-1.5075376884422091,0.7807708359927902
93,1.5999999999999996,-1.306532663316581,0.775108369676151
94,1.5999999999999996,-1.105527638190953,0.7703677385524638
95,1.5999999999999996,-0.9045226130653248,0.7665245204170301
96,1.5999999999999996,-0.7035175879396967,0.7635492959858211
97,1.5999999999999996,-0.5025125628140685,0.7614185151755382
98,1.5999999999999996,-0.3015075376884404,0.760109678719017
99,1.5999999999999996,-0.10050251256281229,0.7596068809940033
100,1.5999999999999996,0.10050251256281584,0.7599015482060559
101,1.5999999999999996,0.30150753768844396,0.7609925330053591
102,1.5999999999999996,0.5025125628140721,0.7628861298904204
103,1.5999999999999996,0.7035175879397002,0.7655963279716588
104,1.5999999999999996,0.9045226130653283,0.7691451093460888
105,1.5999999999999996,1.1055276381909565,0.7735559161874985
106,1.5999999999999996,1.3065326633165846,0.7788591348404562
107,1.5999999999999996,1.5075376884422127,0.7850816636131331
108,1.5999999999999996,1.7085427135678408,0.7922502657826427
109,1.5999999999999996,1.909547738693469,0.8003741500179029
110,1.5999999999999996,2.110552763819097,0.8094410245332057
111,1.5999999999999996,2.311557788944725,0.8193995836594561
112,1.5999999999999996,2.5125628140703533,0.8301399162637279
113,1.5999999999999996,2.7135678391959814,0.8414654866305441
114,1.5999999999999996,2.9145728643216096,0.8530540757901336
115,1.5999999999999996,3.1155778894472377,0.8644189082902322
116,1.5999999999999996,3.316582914572866,0.8748626631900999
117,1.5999999999999996,3.517587939698494,0.8834318481077712
118,1.5999999999999996,3.718592964824122,0.8889043566400385
119,1.5999999999999996,3.91959798994975,0.8898108310025319
120,1.5999999999999996,4.120603015075378,0.8845430094846563
121,1.5999999999999996,4.321608040201006,0.8715307938152729
122,1.5999999999999996,4.5226130653266345,0.849535378619303
123,1.5999999999999996,4.723618090452263,0.8179623295609447
124,1.5999999999999996,4.924623115577891,0.7771262204056159
125,1.5999999999999996,5.125628140703519,0.728333221891863
126,1.5999999999999996,5.326633165829147,0.6737466474249189
127,1.5999999999999996,5.527638190954775,0.6160231505251725
128,1.5999999999999996,5.728643216080403,0.5578376608506113
129,1.5999999999999996,5.929648241206031,0.5014700161336966
130,1.5999999999999996,6.1306532663316595,0.448548648936518
131,1.5999999999999996,6.331658291457288,0.4000263772166535
132,1.5999999999999996,6.532663316582916,0.35627225866203766
133,1.5999999999999996,6.733668341708544,0.31724161394374495
134,1.5999999999999996,6.934673366834172,0.28265271444502343
135,1.5999999999999996,7.1356783919598,0.25209591420879846
136,1.5999999999999996,7.336683417085428,0.22512627167628202
137,1.5999999999999996,7.537688442211056,0.20131005397484783
138,1.5999999999999996,7.7386934673366845,0.18024668351588274
139,1.5999999999999996,7.939698492462313,0.1615780193768655
140,1.5999999999999996,8.14070351758794,0.14498834880779488
141,1.5999999999999996,8.341708542713569,0.13021289640908965
142,1.5999999999999996,8.542713567839197,0.11702430057500685
143,1.5999999999999996,8.743718592964825,0.10523163331192228
144,1.5999999999999996,8.944723618090453,0.09467528797702805
145,1.5999999999999996,9.145728643216081,0.08522414237500357
146,1.5999999999999996,9.34673366834171,0.07676742748997194
147,1.5999999999999996,9.547738693467338,0.0692118285971014
148,1.5999999999999996,9.748743718592966,0.06247105544105127
149,1.5999999999999996,9.949748743718594,0.05647102860325748
150,1.5999999999999996,10.150753768844222,0.05113655315793826
151,1.5999999999999996,10.35175879396985,0.046397209474513805
152,1.5999999999999996,10.552763819095478,0.04218311906314044
153,1.5999999999999996,10.753768844221106,0.03842682759873791
154,1.5999999999999996,10.954773869346734,0.035068516468090415
155,1.5999999999999996,11.155778894472363,0.03205236222561921
156,1.5999999999999996,11.35678391959799,0.029332161336179906
157,1.5999999999999996,11.557788944723619,0.026870215723631238
158,1.5999999999999996,11.758793969849247,0.024632525762437362
159,1.5999999999999996,11.959798994974875,0.02259570316582616
160,1.5999999999999996,12.160804020100507,0.02073855528014373
161,1.5999999999999996,12.361809045226131,0.019043236255266868
162,1.5999999999999996,12.562814070351763,0.017493704469123805
163,1.5999999999999996,12.763819095477388,0.01607732296360288
164,1.5999999999999996,12.96482412060302,0.014782282082728516
165,1.5999999999999996,13.165829145728644,0.013598263060515429
166,1.5999999999999996,13.366834170854275,0.012517391828766471
167,1.5999999999999996,13.5678391959799,0.011518503258317653
168,1.5999999999999996,13.768844221105532,0.010598819133895845
169,1.5999999999999996,13.969849246231156,0.009825898665458662
170,1.5999999999999996,14.170854271356788,0.009091972892019537
171,1.5999999999999996,14.371859296482413,0.00811473691036605
172,1.5999999999999996,14.572864321608044,0.0074924095678872305
173,1.5999999999999996,14.773869346733669,0.007938552152984219
174,1.5999999999999996,14.9748743718593,0.00731906824431133
175,1.5999999999999996,15.175879396984925,0.004202882432605484
176,1.5999999999999996,15.376884422110557,0.0042101459321842805
177,1.5999999999999996,15.577889447236181,0.010795029521663876
178,1.5999999999999996,15.778894472361813,0.013713933344691058
179,1.5999999999999996,15.979899497487438,0.005525596827929782
180,1.5999999999999996,16.18090452261307,0.00150816993064959
181,1.5999999999999996,16.381909547738694,0.01925363569839446
182,1.5999999999999996,16.582914572864325,0.04674058945718774
183,1.5999999999999996,16.78391959798995,0.05580999283288544
184,1.5999999999999996,16.98492462311558,0.04370823384692607
185,1.5999999999999996,17.185929648241206,0.03998559033591142
186,1.5999999999999996,17.386934673366838,0.06948577914443542
187,1.5999999999999996,17.587939698492463,0.12180258785255141
188,1.5999999999999996,17.788944723618094,0.16264073663325593
189,1.5999999999999996,17.98994974874372,0.16933411347508576
190,1.5999999999999996,18.19095477386935,0.15148584533562387
191,1.5999999999999996,18.391959798994975,0.140048448789881
192,1.5999999999999996,18.592964824120607,0.1595786534735468
193,1.5999999999999996,18.79396984924623,0.20889740695407863
194,1.5999999999999996,18.994974874371863,0.26353496745330385
195,1.5999999999999996,19.195979899497488,0.2948273219010771
196,1.5999999999999996,19.39698492462312,0.2901000124146085
197,1.5999999999999996,19.597989949748744,0.2602261098826883
198,1.5999999999999996,19.798994974874375,0.23107369321252072
199,1.5999999999999996,20.0,0.22602200152493446
