,t,height,fid
0,1.4499999999999997,-20.0,0.16475927691666203
1,1.4499999999999997,-19.798994974874372,0.15977942097286577
2,1.4499999999999997,-19.597989949748744,0.158248656687735
3,1.4499999999999997,-19.396984924623116,0.15112042407422216
4,1.4499999999999997,-19.195979899497488,0.13045985836277543
5,1.4499999999999997,-18.99497487437186,0.09756155581597611
6,1.4499999999999997,-18.79396984924623,0.0647182202564357
7,1.4499999999999997,-18.592964824120603,0.046488372640637786
8,1.4499999999999997,-18.391959798994975,0.04632066891328698
9,1.4499999999999997,-18.190954773869347,0.05192253820288618
10,1.4499999999999997,-17.98994974874372,0.046735396326968034
11,1.4499999999999997,-17.78894472361809,0.0274481666391776
12,1.4499999999999997,-17.587939698492463,0.007579953338097856
13,1.4499999999999997,-17.386934673366834,0.0013797838606650118
14,1.4499999999999997,-17.185929648241206,0.007330707678873993
15,1.4499999999999997,-16.984924623115578,0.012304925041644882
16,1.4499999999999997,-16.78391959798995,0.009399790347455682
17,1.4499999999999997,-16.582914572864322,0.004142815676066491
18,1.4499999999999997,-16.381909547738694,0.0032845839657087267
19,1.4499999999999997,-16.180904522613066,0.005783347463314169
20,1.4499999999999997,-15.979899497487438,0.007360239805145841
21,1.4499999999999997,-15.77889447236181,0.007294771024601835
22,1.4499999999999997,-15.577889447236181,0.007354757799646283
23,1.4499999999999997,-15.376884422110553,0.008131720753048329
24,1.4499999999999997,-15.175879396984925,0.009036837682824699
25,1.4499999999999997,-14.974874371859297,0.00981168265148793
26,1.4499999999999997,-14.773869346733669,0.010620769076054718
27,1.4499999999999997,-14.57286432160804,0.011548807052560131
28,1.4499999999999997,-14.371859296482413,0.012569228208850234
29,1.4499999999999997,-14.170854271356784,0.013675712291532478
30,1.4499999999999997,-13.969849246231156,0.014885342821222815
31,1.4499999999999997,-13.768844221105528,0.016214433764604005
32,1.4499999999999997,-13.5678391959799,0.01767887573697917
33,1.4499999999999997,-13.366834170854272,0.019298090335451698
34,1.4499999999999997,-13.165829145728644,0.021096345732112637
35,1.4499999999999997,-12.964824120603016,0.023105090887642427
36,1.4499999999999997,-12.763819095477388,0.025356899974079392
37,1.4499999999999997,-12.56281407035176,0.02788602703142025
38,1.4499999999999997,-12.361809045226131,0.030720426385687605
39,1.4499999999999997,-12.160804020100503,0.03388083204848015
40,1.4499999999999997,-11.959798994974873,0.03736987916286594
41,1.4499999999999997,-11.758793969849245,0.04117631738318338
42,1.4499999999999997,-11.557788944723617,0.04527007493752661
43,1.4499999999999997,-11.356783919597989,0.04961365956451843
44,1.4499999999999997,-11.15577889447236,0.05416525618624613
45,1.4499999999999997,-10.954773869346733,0.05889016180447767
46,1.4499999999999997,-10.753768844221105,0.06377025683235421
47,1.4499999999999997,-10.552763819095476,0.06881235607992277
48,1.4499999999999997,-10.351758793969848,0.07404767696712548
49,1.4499999999999997,-10.15075376884422,0.07953483251162717
50,1.4499999999999997,-9.949748743718592,0.08536052224544224
51,1.4499999999999997,-9.748743718592964,0.09163047777777242
52,1.4499999999999997,-9.547738693467336,0.09846650061422677
53,1.4499999999999997,-9.346733668341708,0.10600512600850849
54,1.4499999999999997,-9.14572864321608,0.11439117026698041
55,1.4499999999999997,-8.944723618090451,0.12377777711602754
56,1.4499999999999997,-8.743718592964823,0.1343267224801984
57,1.4499999999999997,-8.542713567839195,0.14621123714573103
58,1.4499999999999997,-8.341708542713567,0.15961303487608067
59,1.4499999999999997,-8.140703517587939,0.1747316723756567
60,1.4499999999999997,-7.939698492462311,0.1917859070950864
61,1.4499999999999997,-7.738693467336683,0.21100890792983845
62,1.4499999999999997,-7.537688442211055,0.23266314635957674
63,1.4499999999999997,-7.3366834170854265,0.25701812911937577
64,1.4499999999999997,-7.135678391959798,0.28435409572791154
65,1.4499999999999997,-6.93467336683417,0.3149369702840284
66,1.4499999999999997,-6.733668341708542,0.3489914931371578
67,1.4499999999999997,-6.532663316582914,0.3866337757748309
68,1.4499999999999997,-6.331658291457286,0.4278306455044162
69,1.4499999999999997,-6.130653266331658,0.4722899602553816
70,1.4499999999999997,-5.92964824120603,0.5193839686827568
71,1.4499999999999997,-5.7286432160804015,0.568105138405102
72,1.4499999999999997,-5.527638190954773,0.6170619318265913
73,1.4499999999999997,-5.326633165829145,0.6645818999214281
74,1.4499999999999997,-5.125628140703517,0.7089043480811016
75,1.4499999999999997,-4.924623115577889,0.7483918495563409
76,1.4499999999999997,-4.723618090452261,0.7817959703146791
77,1.4499999999999997,-4.522613065326633,0.8083830724468303
78,1.4499999999999997,-4.321608040201005,0.8279991503287796
79,1.4499999999999997,-4.1206030150753765,0.8410119187860733
80,1.4499999999999997,-3.9195979899497466,0.8481729257552213
81,1.4499999999999997,-3.7185929648241185,0.8504580446916601
82,1.4499999999999997,-3.5175879396984904,0.8489155781950364
83,1.4499999999999997,-3.3165829145728623,0.8445484354044174
84,1.4499999999999997,-3.115577889447234,0.8382464742535468
85,1.4499999999999997,-2.914572864321606,0.8307459897729449
86,1.4499999999999997,-2.713567839195978,0.8226348925022888
87,1.4499999999999997,-2.5125628140703498,0.8143559454257598
88,1.4499999999999997,-2.3115577889447216,0.8062351826279178
89,1.4499999999999997,-2.1105527638190935,0.7985027347533804
90,1.4499999999999997,-1.9095477386934654,0.7913151031341216
91,1.4499999999999997,-1.7085427135678373,0.7847745475512738
92,1.4499999999999997,-1.5075376884422091,0.7789458261805197
93,1.4499999999999997,-1.306532663316581,0.7738627298583868
94,1.4499999999999997,-1.105527638190953,0.7695454831178118
95,1.4499999999999997,-0.9045226130653248,0.7660024364330894
96,1.4499999999999997,-0.7035175879396967,0.7632342750092878
97,1.4499999999999997,-0.5025125628140685,0.7612427092155076
98,1.4499999999999997,-0.3015075376884404,0.7600257632606638
99,1.4499999999999997,-0.10050251256281229,0.7595840201353287
100,1.4499999999999997,0.10050251256281584,0.759920713458231
101,1.4499999999999997,0.30150753768844396,0.7610415414240639
102,1.4499999999999997,0.5025125628140721,0.7629549426954357
103,1.4499999999999997,0.7035175879397002,0.7656721882762713
104,1.4499999999999997,0.9045226130653283,0.7692058634529415
105,1.4499999999999997,1.1055276381909565,0.7735655999378755
106,1.4499999999999997,1.3065326633165846,0.7787612102099122
107,1.4499999999999997,1.5075376884422127,0.7847939086177692
108,1.4499999999999997,1.7085427135678408,0.7916579575617058
109,1.4499999999999997,1.909547738693469,0.7993242444849822
110,1.4499999999999997,2.110552763819097,0.8077379021282187
111,1.4499999999999997,2.311557788944725,0.8168033323834385
112,1.4499999999999997,2.5125628140703533,0.8263681201444835
113,1.4499999999999997,2.7135678391959814,0.8362032732225596
114,1.4499999999999997,2.9145728643216096,0.845973855488192
115,1.4499999999999997,3.1155778894472377,0.8552214563541576
116,1.4499999999999997,3.316582914572866,0.8633288094644878
117,1.4499999999999997,3.517587939698494,0.8695105837417211
118,1.4499999999999997,3.718592964824122,0.872810136402513
119,1.4499999999999997,3.91959798994975,0.8721291938917909
120,1.4499999999999997,4.120603015075378,0.8663090973523365
121,1.4499999999999997,4.321608040201006,0.8542533591430889
122,1.4499999999999997,4.5226130653266345,0.8350923474957942
123,1.4499999999999997,4.723618090452263,0.8083808478373432
124,1.4499999999999997,4.924623115577891,0.7742407726816413
125,1.4499999999999997,5.125628140703519,0.7334389285966638
126,1.4499999999999997,5.326633165829147,0.6873285163305305
127,1.4499999999999997,5.527638190954775,0.6376959652309632
128,1.4499999999999997,5.728643216080403,0.586469268953139
129,1.4499999999999997,5.929648241206031,0.5354747925780967
130,1.4499999999999997,6.1306532663316595,0.4862187086083511
131,1.4499999999999997,6.331658291457288,0.4397794088383624
132,1.4499999999999997,6.532663316582916,0.39680899802621405
133,1.4499999999999997,6.733668341708544,0.35759408797510067
134,1.4499999999999997,6.934673366834172,0.32214820391263443
135,1.4499999999999997,7.1356783919598,0.2903181773252473
136,1.4499999999999997,7.336683417085428,0.26184893052373986
137,1.4499999999999997,7.537688442211056,0.23644533667415452
138,1.4499999999999997,7.7386934673366845,0.2137995851314227
139,1.4499999999999997,7.939698492462313,0.1936217884628371
140,1.4499999999999997,8.14070351758794,0.17563562468522267
141,1.4499999999999997,8.341708542713569,0.1595980219300459
142,1.4499999999999997,8.542713567839197,0.14528603358098477
143,1.4499999999999997,8.743718592964825,0.13250153674112547
144,1.4499999999999997,8.944723618090453,0.12107017319253134
145,1.4499999999999997,9.145728643216081,0.1108331352357587
146,1.4499999999999997,9.34673366834171,0.10164806442121062
147,1.4499999999999997,9.547738693467338,0.09338558318631439
148,1.4499999999999997,9.748743718592966,0.08592851954122906
149,1.4499999999999997,9.949748743718594,0.07916966411372245
150,1.4499999999999997,10.150753768844222,0.07301412701310851
151,1.4499999999999997,10.35175879396985,0.06737216971035273
152,1.4499999999999997,10.552763819095478,0.06217370589955438
153,1.4499999999999997,10.753768844221106,0.0573562698459552
154,1.4499999999999997,10.954773869346734,0.05287120407883617
155,1.4499999999999997,11.155778894472363,0.048683742127161755
156,1.4499999999999997,11.35678391959799,0.044771796391455995
157,1.4499999999999997,11.557788944723619,0.04112338640941028
158,1.4499999999999997,11.758793969849247,0.03773096764111533
159,1.4499999999999997,11.959798994974875,0.034593824800040245
160,1.4499999999999997,12.160804020100507,0.031706271347816437
161,1.4499999999999997,12.361809045226131,0.029063634765461248
162,1.4499999999999997,12.562814070351763,0.02665435858060557
163,1.4499999999999997,12.763819095477388,0.024463127633774683
164,1.4499999999999997,12.96482412060302,0.02247255616267574
165,1.4499999999999997,13.165829145728644,0.020663778143114493
166,1.4499999999999997,13.366834170854275,0.019017158792716492
167,1.4499999999999997,13.5678391959799,0.017514311618943228
168,1.4499999999999997,13.768844221105532,0.016140128394317003
169,1.4499999999999997,13.969849246231156,0.014881823297157214
170,1.4499999999999997,14.170854271356788,0.013728434048122675
171,1.4499999999999997,14.371859296482413,0.01266854389492237
172,1.4499999999999997,14.572864321608044,0.011683824749677172
173,1.4499999999999997,14.773869346733669,0.010778783937153227
174,1.4499999999999997,14.9748743718593,0.009996930323091258
175,1.4499999999999997,15.175879396984925,0.009272437445729424
176,1.4499999999999997,15.376884422110557,0.008379556388042459
177,1.4499999999999997,15.577889447236181,0.007514938903887934
178,1.4499999999999997,15.778894472361813,0.007454144353324598
179,1.4499999999999997,15.979899497487438,0.007812384825427828
180,1.4499999999999997,16.18090452261307,0.0064208634678527944
181,1.4499999999999997,16.381909547738694,0.0034321527507145885
182,1.4499999999999997,16.582914572864325,0.003753556135765174
183,1.4499999999999997,16.78391959798995,0.009775998352925959
184,1.4499999999999997,16.98492462311558,0.014410951126042782
185,1.4499999999999997,17.185929648241206,0.009918639085441694
186,1.4499999999999997,17.386934673366838,0.0024102565738563344
187,1.4499999999999997,17.587939698492463,0.007485567324388904
188,1.4499999999999997,17.788944723618094,0.029473607926428766
189,1.4499999999999997,17.98994974874372,0.05339017121394385
190,1.4499999999999997,18.19095477386935,0.06188740677575524
191,1.4499999999999997,18.391959798994975,0.055607598275805054
192,1.4499999999999997,18.592964824120607,0.052540564198176244
193,1.4499999999999997,18.79396984924623,0.06910586892109846
194,1.4499999999999997,18.994974874371863,0.10469885387583411
195,1.4499999999999997,19.195979899497488,0.14371749518885218
196,1.4499999999999997,19.39698492462312,0.16979792817253042
197,1.4499999999999997,19.597989949748744,0.1778189601445853
198,1.4499999999999997,19.798994974874375,0.17505777441104167
199,1.4499999999999997,20.0,0.17354073518988733
