,t,height,fid
0,1.7499999999999996,-20.0,0.2576298432656418
1,1.7499999999999996,-19.798994974874372,0.2973560969119062
2,1.7499999999999996,-19.597989949748744,0.33123649637397123
3,1.7499999999999996,-19.396984924623116,0.33275552078320586
4,1.7499999999999996,-19.195979899497488,0.30443819581450077
5,1.7499999999999996,-18.99497487437186,0.2732426158852738
6,1.7499999999999996,-18.79396984924623,0.26233465052709815
7,1.7499999999999996,-18.592964824120603,0.2685745886235906
8,1.7499999999999996,-18.391959798994975,0.26943960939050343
9,1.7499999999999996,-18.190954773869347,0.2512705338343206
10,1.7499999999999996,-17.98994974874372,0.22593405538387992
11,1.7499999999999996,-17.78894472361809,0.21503490803083664
12,1.7499999999999996,-17.587939698492463,0.21952813334223314
13,1.7499999999999996,-17.386934673366834,0.21398951336102096
14,1.7499999999999996,-17.185929648241206,0.17799543077023114
15,1.7499999999999996,-16.984924623115578,0.12768869556874757
16,1.7499999999999996,-16.78391959798995,0.10154678761317235
17,1.7499999999999996,-16.582914572864322,0.11015378378319685
18,1.7499999999999996,-16.381909547738694,0.11693182078455273
19,1.7499999999999996,-16.180904522613066,0.0863537959441493
20,1.7499999999999996,-15.979899497487438,0.03768118944229359
21,1.7499999999999996,-15.77889447236181,0.01889189756029051
22,1.7499999999999996,-15.577889447236181,0.03289416322050473
23,1.7499999999999996,-15.376884422110553,0.036080590299212
24,1.7499999999999996,-15.175879396984925,0.014139927403434263
25,1.7499999999999996,-14.974874371859297,5.0091888808060136e-05
26,1.7499999999999996,-14.773869346733669,0.007353526068535185
27,1.7499999999999996,-14.57286432160804,0.01249416176558305
28,1.7499999999999996,-14.371859296482413,0.0072886043414321635
29,1.7499999999999996,-14.170854271356784,0.0054743420008126304
30,1.7499999999999996,-13.969849246231156,0.008448239576718183
31,1.7499999999999996,-13.768844221105528,0.009407703472594807
32,1.7499999999999996,-13.5678391959799,0.009356952326640994
33,1.7499999999999996,-13.366834170854272,0.010337977142191186
34,1.7499999999999996,-13.165829145728644,0.011433194150997633
35,1.7499999999999996,-12.964824120603016,0.01239808529770334
36,1.7499999999999996,-12.763819095477388,0.013528479815803837
37,1.7499999999999996,-12.56281407035176,0.014795361187093955
38,1.7499999999999996,-12.361809045226131,0.016178440492769664
39,1.7499999999999996,-12.160804020100503,0.017708818857935852
40,1.7499999999999996,-11.959798994974873,0.019401756848223713
41,1.7499999999999996,-11.758793969849245,0.021273933507328684
42,1.7499999999999996,-11.557788944723617,0.023346843525052945
43,1.7499999999999996,-11.356783919597989,0.0256426575098059
44,1.7499999999999996,-11.15577889447236,0.02818550644247902
45,1.7499999999999996,-10.954773869346733,0.03100127988816048
46,1.7499999999999996,-10.753768844221105,0.0341180978434151
47,1.7499999999999996,-10.552763819095476,0.037561970388307754
48,1.7499999999999996,-10.351758793969848,0.04136063042592076
49,1.7499999999999996,-10.15075376884422,0.04553541714116717
50,1.7499999999999996,-9.949748743718592,0.05010959921098969
51,1.7499999999999996,-9.748743718592964,0.055101037223703186
52,1.7499999999999996,-9.547738693467336,0.06053291880223014
53,1.7499999999999996,-9.346733668341708,0.06643777486166276
54,1.7499999999999996,-9.14572864321608,0.07287191344028643
55,1.7499999999999996,-8.944723618090451,0.07991470955107191
56,1.7499999999999996,-8.743718592964823,0.08769770402348015
57,1.7499999999999996,-8.542713567839195,0.09638619845989234
58,1.7499999999999996,-8.341708542713567,0.10620115837067913
59,1.7499999999999996,-8.140703517587939,0.11740565954405514
60,1.7499999999999996,-7.939698492462311,0.1303078523224694
61,1.7499999999999996,-7.738693467336683,0.1452565112261526
62,1.7499999999999996,-7.537688442211055,0.16263796166842365
63,1.7499999999999996,-7.3366834170854265,0.18287960648940588
64,1.7499999999999996,-7.135678391959798,0.20646199433058976
65,1.7499999999999996,-6.93467336683417,0.23390689619711671
66,1.7499999999999996,-6.733668341708542,0.26577632722789507
67,1.7499999999999996,-6.532663316582914,0.30264773086756747
68,1.7499999999999996,-6.331658291457286,0.34505243094169463
69,1.7499999999999996,-6.130653266331658,0.39334049717758335
70,1.7499999999999996,-5.92964824120603,0.4475097819459954
71,1.7499999999999996,-5.7286432160804015,0.5069174075411558
72,1.7499999999999996,-5.527638190954773,0.5700608005695127
73,1.7499999999999996,-5.326633165829145,0.6344605595445346
74,1.7499999999999996,-5.125628140703517,0.6968553527388848
75,1.7499999999999996,-4.924623115577889,0.7537197547791623
76,1.7499999999999996,-4.723618090452261,0.8019654796837821
77,1.7499999999999996,-4.522613065326633,0.8395636292925934
78,1.7499999999999996,-4.321608040201005,0.8658537968836184
79,1.7499999999999996,-4.1206030150753765,0.8814637655929135
80,1.7499999999999996,-3.9195979899497466,0.8879340290836523
81,1.7499999999999996,-3.7185929648241185,0.8872523077840578
82,1.7499999999999996,-3.5175879396984904,0.8814410842740976
83,1.7499999999999996,-3.3165829145728623,0.8722935549375226
84,1.7499999999999996,-3.115577889447234,0.8612525791257563
85,1.7499999999999996,-2.914572864321606,0.8493982788420341
86,1.7499999999999996,-2.713567839195978,0.837484002840255
87,1.7499999999999996,-2.5125628140703498,0.8260074500010351
88,1.7499999999999996,-2.3115577889447216,0.815276037241753
89,1.7499999999999996,-2.1105527638190935,0.805459865382986
90,1.7499999999999996,-1.9095477386934654,0.7966395437847726
91,1.7499999999999996,-1.7085427135678373,0.7888377837581197
92,1.7499999999999996,-1.5075376884422091,0.7820422392077939
93,1.7499999999999996,-1.306532663316581,0.7762235719260981
94,1.7499999999999996,-1.105527638190953,0.7713395924298839
95,1.7499999999999996,-0.9045226130653248,0.7673513185327022
96,1.7499999999999996,-0.7035175879396967,0.7642206480457846
97,1.7499999999999996,-0.5025125628140685,0.7619184278235909
98,1.7499999999999996,-0.3015075376884404,0.7604207609791104
99,1.7499999999999996,-0.10050251256281229,0.7597136338113953
100,1.7499999999999996,0.10050251256281584,0.7597930001083091
101,1.7499999999999996,0.30150753768844396,0.7606646932088363
102,1.7499999999999996,0.5025125628140721,0.7623451117209907
103,1.7499999999999996,0.7035175879397002,0.7648609697168507
104,1.7499999999999996,0.9045226130653283,0.7682486540213396
105,1.7499999999999996,1.1055276381909565,0.772550974776325
106,1.7499999999999996,1.3065326633165846,0.7778207420017782
107,1.7499999999999996,1.5075376884422127,0.7841128503612643
108,1.7499999999999996,1.7085427135678408,0.7914866397376307
109,1.7499999999999996,1.909547738693469,0.7999905506068681
110,1.7499999999999996,2.110552763819097,0.8096575360307042
111,1.7499999999999996,2.311557788944725,0.8204878952241706
112,1.7499999999999996,2.5125628140703533,0.8324248784265365
113,1.7499999999999996,2.7135678391959814,0.8453226568163493
114,1.7499999999999996,2.9145728643216096,0.8588951291449848
115,1.7499999999999996,3.1155778894472377,0.872659378964252
116,1.7499999999999996,3.316582914572866,0.8858566711187845
117,1.7499999999999996,3.517587939698494,0.897379274879724
118,1.7499999999999996,3.718592964824122,0.9057153753848576
119,1.7499999999999996,3.91959798994975,0.9089435824557307
120,1.7499999999999996,4.120603015075378,0.9048548505596904
121,1.7499999999999996,4.321608040201006,0.8912283439123618
122,1.7499999999999996,4.5226130653266345,0.8662763153512246
123,1.7499999999999996,4.723618090452263,0.8291725434189983
124,1.7499999999999996,4.924623115577891,0.7805042212826014
125,1.7499999999999996,5.125628140703519,0.722381779056012
126,1.7499999999999996,5.326633165829147,0.6581114468241105
127,1.7499999999999996,5.527638190954775,0.5915227520491357
128,1.7499999999999996,5.728643216080403,0.5261441680018333
129,1.7499999999999996,5.929648241206031,0.46464756243655264
130,1.7499999999999996,6.1306532663316595,0.40861564263423455
131,1.7499999999999996,6.331658291457288,0.35868747368001086
132,1.7499999999999996,6.532663316582916,0.3148212078789654
133,1.7499999999999996,6.733668341708544,0.27660006873323256
134,1.7499999999999996,6.934673366834172,0.24343122716771182
135,1.7499999999999996,7.1356783919598,0.2146954237103102
136,1.7499999999999996,7.336683417085428,0.18980274440895542
137,1.7499999999999996,7.537688442211056,0.16821986892177546
138,1.7499999999999996,7.7386934673366845,0.14947969929113553
139,1.7499999999999996,7.939698492462313,0.13317884887646034
140,1.7499999999999996,8.14070351758794,0.11896975557446443
141,1.7499999999999996,8.341708542713569,0.10654734170667195
142,1.7499999999999996,8.542713567839197,0.09565008870003654
143,1.7499999999999996,8.743718592964825,0.08605263873563254
144,1.7499999999999996,8.944723618090453,0.07756178271327978
145,1.7499999999999996,9.145728643216081,0.07001623752737972
146,1.7499999999999996,9.34673366834171,0.06327943439065603
147,1.7499999999999996,9.547738693467338,0.05724431049359994
148,1.7499999999999996,9.748743718592966,0.05182077300867325
149,1.7499999999999996,9.949748743718594,0.04693788727416916
150,1.7499999999999996,10.150753768844222,0.04253710766618662
151,1.7499999999999996,10.35175879396985,0.03856860431863755
152,1.7499999999999996,10.552763819095478,0.03498987082960066
153,1.7499999999999996,10.753768844221106,0.03176125582019678
154,1.7499999999999996,10.954773869346734,0.02884920766610208
155,1.7499999999999996,11.155778894472363,0.026221564161266246
156,1.7499999999999996,11.35678391959799,0.0238486115806888
157,1.7499999999999996,11.557788944723619,0.02170558249492796
158,1.7499999999999996,11.758793969849247,0.019769131087719646
159,1.7499999999999996,11.959798994974875,0.018017667189434896
160,1.7499999999999996,12.160804020100507,0.016431696387365427
161,1.7499999999999996,12.361809045226131,0.01499670762089879
162,1.7499999999999996,12.562814070351763,0.013698914931543793
163,1.7499999999999996,12.763819095477388,0.012507787682953478
164,1.7499999999999996,12.96482412060302,0.011435561172506836
165,1.7499999999999996,13.165829145728644,0.01054434863888969
166,1.7499999999999996,13.366834170854275,0.009527254814878977
167,1.7499999999999996,13.5678391959799,0.008500172434394057
168,1.7499999999999996,13.768844221105532,0.008615772229305766
169,1.7499999999999996,13.969849246231156,0.008000990377873806
170,1.7499999999999996,14.170854271356788,0.004820847044011074
171,1.7499999999999996,14.371859296482413,0.0061255954547894936
172,1.7499999999999996,14.572864321608044,0.012294185616848462
173,1.7499999999999996,14.773869346733669,0.008454684809518147
174,1.7499999999999996,14.9748743718593,6.783260627531664e-05
175,1.7499999999999996,15.175879396984925,0.012958925590116653
176,1.7499999999999996,15.376884422110557,0.037821501483329086
177,1.7499999999999996,15.577889447236181,0.03923253714584531
178,1.7499999999999996,15.778894472361813,0.025154139521083974
179,1.7499999999999996,15.979899497487438,0.039874802445843426
180,1.7499999999999996,16.18090452261307,0.08869469593970411
181,1.7499999999999996,16.381909547738694,0.12711206353805105
182,1.7499999999999996,16.582914572864325,0.12784938552535458
183,1.7499999999999996,16.78391959798995,0.11684060588430176
184,1.7499999999999996,16.98492462311558,0.133176033668316
185,1.7499999999999996,17.185929648241206,0.1792165460735943
186,1.7499999999999996,17.386934673366838,0.2239327537387323
187,1.7499999999999996,17.587939698492463,0.24293775322465672
188,1.7499999999999996,17.788944723618094,0.24130057066919372
189,1.7499999999999996,17.98994974874372,0.23962085727205448
190,1.7499999999999996,18.19095477386935,0.2489352259856316
191,1.7499999999999996,18.391959798994975,0.2641703116436927
192,1.7499999999999996,18.592964824120607,0.2770469847432303
193,1.7499999999999996,18.79396984924623,0.2878087074436447
194,1.7499999999999996,18.994974874371863,0.30189670592125484
195,1.7499999999999996,19.195979899497488,0.31851273705211525
196,1.7499999999999996,19.39698492462312,0.32721428119631246
197,1.7499999999999996,19.597989949748744,0.3179323749920964
198,1.7499999999999996,19.798994974874375,0.2935462693039622
199,1.7499999999999996,20.0,0.2705932757153231
