,t,height,fid
0,1.8499999999999996,-20.0,0.28078459446843795
1,1.8499999999999996,-19.798994974874372,0.2914366981528288
2,1.8499999999999996,-19.597989949748744,0.2988013195880113
3,1.8499999999999996,-19.396984924623116,0.2943827247222446
4,1.8499999999999996,-19.195979899497488,0.2887032535798274
5,1.8499999999999996,-18.99497487437186,0.3007066988145585
6,1.8499999999999996,-18.79396984924623,0.32891249906842795
7,1.8499999999999996,-18.592964824120603,0.3427144694516213
8,1.8499999999999996,-18.391959798994975,0.3143281308898001
9,1.8499999999999996,-18.190954773869347,0.2589245568269105
10,1.8499999999999996,-17.98994974874372,0.2290112740502767
11,1.8499999999999996,-17.78894472361809,0.2575235260444093
12,1.8499999999999996,-17.587939698492463,0.31211202824174933
13,1.8499999999999996,-17.386934673366834,0.32254650566570575
14,1.8499999999999996,-17.185929648241206,0.2600708957216366
15,1.8499999999999996,-16.984924623115578,0.1764557728384294
16,1.8499999999999996,-16.78391959798995,0.14785174867162185
17,1.8499999999999996,-16.582914572864322,0.1837390923575079
18,1.8499999999999996,-16.381909547738694,0.21397769154548682
19,1.8499999999999996,-16.180904522613066,0.17682139097142294
20,1.8499999999999996,-15.979899497487438,0.09844533681729573
21,1.8499999999999996,-15.77889447236181,0.05622359853937378
22,1.8499999999999996,-15.577889447236181,0.07197685698930593
23,1.8499999999999996,-15.376884422110553,0.08650802981211836
24,1.8499999999999996,-15.175879396984925,0.05464220072093235
25,1.8499999999999996,-14.974874371859297,0.012554408076160194
26,1.8499999999999996,-14.773869346733669,0.008671804970598567
27,1.8499999999999996,-14.57286432160804,0.022715666521476066
28,1.8499999999999996,-14.371859296482413,0.015938304549772592
29,1.8499999999999996,-14.170854271356784,0.00212919785038717
30,1.8499999999999996,-13.969849246231156,0.004095974013754183
31,1.8499999999999996,-13.768844221105528,0.00885269735974243
32,1.8499999999999996,-13.5678391959799,0.0066733570678238355
33,1.8499999999999996,-13.366834170854272,0.005975742976411112
34,1.8499999999999996,-13.165829145728644,0.007658552803437689
35,1.8499999999999996,-12.964824120603016,0.008241527264327034
36,1.8499999999999996,-12.763819095477388,0.008742402643303431
37,1.8499999999999996,-12.56281407035176,0.009671469151494175
38,1.8499999999999996,-12.361809045226131,0.01060366121099187
39,1.8499999999999996,-12.160804020100503,0.011622830860561132
40,1.8499999999999996,-11.959798994974873,0.012779055736862232
41,1.8499999999999996,-11.758793969849245,0.014060636650416927
42,1.8499999999999996,-11.557788944723617,0.015485216048972104
43,1.8499999999999996,-11.356783919597989,0.017070303024129634
44,1.8499999999999996,-11.15577889447236,0.018832745221922794
45,1.8499999999999996,-10.954773869346733,0.02079261319870844
46,1.8499999999999996,-10.753768844221105,0.02297447402407812
47,1.8499999999999996,-10.552763819095476,0.025406303622408567
48,1.8499999999999996,-10.351758793969848,0.02812014949503024
49,1.8499999999999996,-10.15075376884422,0.0311552608861753
50,1.8499999999999996,-9.949748743718592,0.03456049438159373
51,1.8499999999999996,-9.748743718592964,0.03839408772011007
52,1.8499999999999996,-9.547738693467336,0.04273269017656285
53,1.8499999999999996,-9.346733668341708,0.04767086207991595
54,1.8499999999999996,-9.14572864321608,0.053327712970996054
55,1.8499999999999996,-8.944723618090451,0.05984981418671226
56,1.8499999999999996,-8.743718592964823,0.06740983672464643
57,1.8499999999999996,-8.542713567839195,0.07620888228851806
58,1.8499999999999996,-8.341708542713567,0.08646651626658783
59,1.8499999999999996,-8.140703517587939,0.09842129955545469
60,1.8499999999999996,-7.939698492462311,0.11232891380725755
61,1.8499999999999996,-7.738693467336683,0.12846563765146132
62,1.8499999999999996,-7.537688442211055,0.1471402499287998
63,1.8499999999999996,-7.3366834170854265,0.16870274820829703
64,1.8499999999999996,-7.135678391959798,0.19356666048481758
65,1.8499999999999996,-6.93467336683417,0.22222635255673076
66,1.8499999999999996,-6.733668341708542,0.2552664214430878
67,1.8499999999999996,-6.532663316582914,0.2933356832624517
68,1.8499999999999996,-6.331658291457286,0.33711404662837335
69,1.8499999999999996,-6.130653266331658,0.3871707870398858
70,1.8499999999999996,-5.92964824120603,0.44377320812731547
71,1.8499999999999996,-5.7286432160804015,0.5065247556891473
72,1.8499999999999996,-5.527638190954773,0.5740098152475424
73,1.8499999999999996,-5.326633165829145,0.6435471518196306
74,1.8499999999999996,-5.125628140703517,0.7113126138375304
75,1.8499999999999996,-4.924623115577889,0.7729675520633925
76,1.8499999999999996,-4.723618090452261,0.8246322946170435
77,1.8499999999999996,-4.522613065326633,0.8637780915319909
78,1.8499999999999996,-4.321608040201005,0.8896771268884162
79,1.8499999999999996,-4.1206030150753765,0.9032828658209952
80,1.8499999999999996,-3.9195979899497466,0.9066884307997439
81,1.8499999999999996,-3.7185929648241185,0.9024511647069737
82,1.8499999999999996,-3.5175879396984904,0.8930628307346707
83,1.8499999999999996,-3.3165829145728623,0.8806335076175555
84,1.8499999999999996,-3.115577889447234,0.8667716674830478
85,1.8499999999999996,-2.914572864321606,0.8526188427873895
86,1.8499999999999996,-2.713567839195978,0.8389172452573517
87,1.8499999999999996,-2.5125628140703498,0.826116183532257
88,1.8499999999999996,-2.3115577889447216,0.8144583192380578
89,1.8499999999999996,-2.1105527638190935,0.804045679075487
90,1.8499999999999996,-1.9095477386934654,0.7948940187925181
91,1.8499999999999996,-1.7085427135678373,0.786969116700719
92,1.8499999999999996,-1.5075376884422091,0.7802082944593155
93,1.8499999999999996,-1.306532663316581,0.7745391652902629
94,1.8499999999999996,-1.105527638190953,0.7698819948768697
95,1.8499999999999996,-0.9045226130653248,0.7661668975039553
96,1.8499999999999996,-0.7035175879396967,0.7633289931159495
97,1.8499999999999996,-0.5025125628140685,0.7613164483533894
98,1.8499999999999996,-0.3015075376884404,0.7600878962212637
99,1.8499999999999996,-0.10050251256281229,0.7596141302592967
100,1.8499999999999996,0.10050251256281584,0.7598799523027916
101,1.8499999999999996,0.30150753768844396,0.7608836762487726
102,1.8499999999999996,0.5025125628140721,0.7626376672506792
103,1.8499999999999996,0.7035175879397002,0.76516842877662
104,1.8499999999999996,0.9045226130653283,0.7685165342517837
105,1.8499999999999996,1.1055276381909565,0.7727330242703716
106,1.8499999999999996,1.3065326633165846,0.7778840556025057
107,1.8499999999999996,1.5075376884422127,0.7840433825454707
108,1.8499999999999996,1.7085427135678408,0.7912957037910191
109,1.8499999999999996,1.909547738693469,0.7997214892323997
110,1.8499999999999996,2.110552763819097,0.8093939826595787
111,1.8499999999999996,2.311557788944725,0.8203613295569266
112,1.8499999999999996,2.5125628140703533,0.832622782632642
113,1.8499999999999996,2.7135678391959814,0.8460931390050577
114,1.8499999999999996,2.9145728643216096,0.8605451270532293
115,1.8499999999999996,3.1155778894472377,0.8755412099493332
116,1.8499999999999996,3.316582914572866,0.890331780894821
117,1.8499999999999996,3.517587939698494,0.903758657521052
118,1.8499999999999996,3.718592964824122,0.914146221229636
119,1.8499999999999996,3.91959798994975,0.9192759454360612
120,1.8499999999999996,4.120603015075378,0.9164951217594807
121,1.8499999999999996,4.321608040201006,0.9030480600122627
122,1.8499999999999996,4.5226130653266345,0.8766630763179728
123,1.8499999999999996,4.723618090452263,0.8362758623887991
124,1.8499999999999996,4.924623115577891,0.7826639629495658
125,1.8499999999999996,5.125628140703519,0.7185890296564794
126,1.8499999999999996,5.326633165829147,0.6482767930777841
127,1.8499999999999996,5.527638190954775,0.5764344338725438
128,1.8499999999999996,5.728643216080403,0.5071569256003875
129,1.8499999999999996,5.929648241206031,0.4432463582339384
130,1.8499999999999996,6.1306532663316595,0.38610447918667856
131,1.8499999999999996,6.331658291457288,0.33603327476878503
132,1.8499999999999996,6.532663316582916,0.2926426857314932
133,1.8499999999999996,6.733668341708544,0.25524263317765317
134,1.8499999999999996,6.934673366834172,0.2230450295685612
135,1.8499999999999996,7.1356783919598,0.19530628921383625
136,1.8499999999999996,7.336683417085428,0.17135707424757596
137,1.8499999999999996,7.537688442211056,0.15063433361608894
138,1.8499999999999996,7.7386934673366845,0.13266091696611568
139,1.8499999999999996,7.939698492462313,0.11704497040446332
140,1.8499999999999996,8.14070351758794,0.10345547315729231
141,1.8499999999999996,8.341708542713569,0.09161441912044128
142,1.8499999999999996,8.542713567839197,0.08128249759090331
143,1.8499999999999996,8.743718592964825,0.07225793646553179
144,1.8499999999999996,8.944723618090453,0.06436043646835962
145,1.8499999999999996,9.145728643216081,0.05743614806698225
146,1.8499999999999996,9.34673366834171,0.05134904188728766
147,1.8499999999999996,9.547738693467338,0.04598449313634065
148,1.8499999999999996,9.748743718592966,0.041243408052427426
149,1.8499999999999996,9.949748743718594,0.037041247804929726
150,1.8499999999999996,10.150753768844222,0.03330853493030626
151,1.8499999999999996,10.35175879396985,0.02998519686112208
152,1.8499999999999996,10.552763819095478,0.027021702270588678
153,1.8499999999999996,10.753768844221106,0.024372683318757665
154,1.8499999999999996,10.954773869346734,0.022002371458055645
155,1.8499999999999996,11.155778894472363,0.01988015052557383
156,1.8499999999999996,11.35678391959799,0.017976259389721805
157,1.8499999999999996,11.557788944723619,0.016266986941155723
158,1.8499999999999996,11.758793969849247,0.014732903190770258
159,1.8499999999999996,11.959798994974875,0.013354529499840877
160,1.8499999999999996,12.160804020100507,0.012108920188849728
161,1.8499999999999996,12.361809045226131,0.011009623876183832
162,1.8499999999999996,12.562814070351763,0.0100120291111825
163,1.8499999999999996,12.763819095477388,0.008991266219645121
164,1.8499999999999996,12.96482412060302,0.008425978315581185
165,1.8499999999999996,13.165829145728644,0.007859704793856939
166,1.8499999999999996,13.366834170854275,0.005969734717436417
167,1.8499999999999996,13.5678391959799,0.006590174108290167
168,1.8499999999999996,13.768844221105532,0.00910254249815614
169,1.8499999999999996,13.969849246231156,0.004036646661532178
170,1.8499999999999996,14.170854271356788,0.0019353600660437034
171,1.8499999999999996,14.371859296482413,0.01674929566517356
172,1.8499999999999996,14.572864321608044,0.023678779479822814
173,1.8499999999999996,14.773869346733669,0.009849802378333604
174,1.8499999999999996,14.9748743718593,0.016196939024095035
175,1.8499999999999996,15.175879396984925,0.05934318322870213
176,1.8499999999999996,15.376884422110557,0.0894892181343488
177,1.8499999999999996,15.577889447236181,0.07705798312073632
178,1.8499999999999996,15.778894472361813,0.06799323108597632
179,1.8499999999999996,15.979899497487438,0.11127298076209934
180,1.8499999999999996,16.18090452261307,0.18197620415558113
181,1.8499999999999996,16.381909547738694,0.21547033895939244
182,1.8499999999999996,16.582914572864325,0.19473445275115622
183,1.8499999999999996,16.78391959798995,0.17027828579305201
184,1.8499999999999996,16.98492462311558,0.19501106229295934
185,1.8499999999999996,17.185929648241206,0.2617785772637306
186,1.8499999999999996,17.386934673366838,0.3154273393300154
187,1.8499999999999996,17.587939698492463,0.31665344280835517
188,1.8499999999999996,17.788944723618094,0.28120306727113503
189,1.8499999999999996,17.98994974874372,0.2563536926271585
190,1.8499999999999996,18.19095477386935,0.26937065875359784
191,1.8499999999999996,18.391959798994975,0.3057092227764621
192,1.8499999999999996,18.592964824120607,0.3327487745003411
193,1.8499999999999996,18.79396984924623,0.33479386116902327
194,1.8499999999999996,18.994974874371863,0.3215942901643786
195,1.8499999999999996,19.195979899497488,0.30954460096376896
196,1.8499999999999996,19.39698492462312,0.3033630623338247
197,1.8499999999999996,19.597989949748744,0.2975345952273076
198,1.8499999999999996,19.798994974874375,0.2891080993836346
199,1.8499999999999996,20.0,0.28274265170715507
