,t,height,fid
0,2.6999999999999997,-20.0,0.12541536818875434
1,2.6999999999999997,-19.798994974874372,0.026003774350120894
2,2.6999999999999997,-19.597989949748744,0.02083512544300677
3,2.6999999999999997,-19.396984924623116,0.12357662022028036
4,2.6999999999999997,-19.195979899497488,0.22052575200942098
5,2.6999999999999997,-18.99497487437186,0.1642261154888615
6,2.6999999999999997,-18.79396984924623,0.07203179324178026
7,2.6999999999999997,-18.592964824120603,0.07316449110918692
8,2.6999999999999997,-18.391959798994975,0.14860771626470393
9,2.6999999999999997,-18.190954773869347,0.19674053756152662
10,2.6999999999999997,-17.98994974874372,0.17564410756987434
11,2.6999999999999997,-17.78894472361809,0.16272157643753646
12,2.6999999999999997,-17.587939698492463,0.1650891136596856
13,2.6999999999999997,-17.386934673366834,0.18292882830540835
14,2.6999999999999997,-17.185929648241206,0.2208914455856107
15,2.6999999999999997,-16.984924623115578,0.2501796719785649
16,2.6999999999999997,-16.78391959798995,0.2475361308083327
17,2.6999999999999997,-16.582914572864322,0.23279888391838574
18,2.6999999999999997,-16.381909547738694,0.24051646557882173
19,2.6999999999999997,-16.180904522613066,0.2794352432760805
20,2.6999999999999997,-15.979899497487438,0.32036971366592276
21,2.6999999999999997,-15.77889447236181,0.3288648281552882
22,2.6999999999999997,-15.577889447236181,0.30832946346519485
23,2.6999999999999997,-15.376884422110553,0.30008014559559887
24,2.6999999999999997,-15.175879396984925,0.332462259341427
25,2.6999999999999997,-14.974874371859297,0.37806641658159945
26,2.6999999999999997,-14.773869346733669,0.38301963256260857
27,2.6999999999999997,-14.57286432160804,0.3446022248798978
28,2.6999999999999997,-14.371859296482413,0.3267944599502532
29,2.6999999999999997,-14.170854271356784,0.3648881233082167
30,2.6999999999999997,-13.969849246231156,0.3926309084812734
31,2.6999999999999997,-13.768844221105528,0.3434867884969396
32,2.6999999999999997,-13.5678391959799,0.28609027642187834
33,2.6999999999999997,-13.366834170854272,0.309490768485367
34,2.6999999999999997,-13.165829145728644,0.3235654269539452
35,2.6999999999999997,-12.964824120603016,0.2360407369342921
36,2.6999999999999997,-12.763819095477388,0.18540607725427188
37,2.6999999999999997,-12.56281407035176,0.2176979435283429
38,2.6999999999999997,-12.361809045226131,0.14667501914044537
39,2.6999999999999997,-12.160804020100503,0.0785589329937925
40,2.6999999999999997,-11.959798994974873,0.10435319197789857
41,2.6999999999999997,-11.758793969849245,0.03853776360266592
42,2.6999999999999997,-11.557788944723617,0.02447088194822432
43,2.6999999999999997,-11.356783919597989,0.023533472963817623
44,2.6999999999999997,-11.15577889447236,0.0006164669045104596
45,2.6999999999999997,-10.954773869346733,0.007973799827881487
46,2.6999999999999997,-10.753768844221105,0.0013453746692902886
47,2.6999999999999997,-10.552763819095476,0.00402173174531716
48,2.6999999999999997,-10.351758793969848,0.0038033179633981946
49,2.6999999999999997,-10.15075376884422,0.0053366954610709946
50,2.6999999999999997,-9.949748743718592,0.006587514926887435
51,2.6999999999999997,-9.748743718592964,0.008315358252831194
52,2.6999999999999997,-9.547738693467336,0.010231145138630635
53,2.6999999999999997,-9.346733668341708,0.012455019982872748
54,2.6999999999999997,-9.14572864321608,0.01500230121050785
55,2.6999999999999997,-8.944723618090451,0.017938025720622704
56,2.6999999999999997,-8.743718592964823,0.021339148317733463
57,2.6999999999999997,-8.542713567839195,0.025305273046525755
58,2.6999999999999997,-8.341708542713567,0.029961386278761146
59,2.6999999999999997,-8.140703517587939,0.035461850183264636
60,2.6999999999999997,-7.939698492462311,0.041998065279033825
61,2.6999999999999997,-7.738693467336683,0.04981190222721605
62,2.6999999999999997,-7.537688442211055,0.059208266548652855
63,2.6999999999999997,-7.3366834170854265,0.07057759696241
64,2.6999999999999997,-7.135678391959798,0.0844235249915385
65,2.6999999999999997,-6.93467336683417,0.10140787209233784
66,2.6999999999999997,-6.733668341708542,0.12240558326440447
67,2.6999999999999997,-6.532663316582914,0.14859009425506017
68,2.6999999999999997,-6.331658291457286,0.18154682839318023
69,2.6999999999999997,-6.130653266331658,0.2234446428634449
70,2.6999999999999997,-5.92964824120603,0.2771828560729082
71,2.6999999999999997,-5.7286432160804015,0.34640108185767715
72,2.6999999999999997,-5.527638190954773,0.43468894352378373
73,2.6999999999999997,-5.326633165829145,0.5428534186916957
74,2.6999999999999997,-5.125628140703517,0.6641936850701166
75,2.6999999999999997,-4.924623115577889,0.7822330122185033
76,2.6999999999999997,-4.723618090452261,0.8766141796109581
77,2.6999999999999997,-4.522613065326633,0.9341507461299824
78,2.6999999999999997,-4.321608040201005,0.9547651342259702
79,2.6999999999999997,-4.1206030150753765,0.948026800772534
80,2.6999999999999997,-3.9195979899497466,0.9259497540890308
81,2.6999999999999997,-3.7185929648241185,0.8981107952228068
82,2.6999999999999997,-3.5175879396984904,0.8703753011201294
83,2.6999999999999997,-3.3165829145728623,0.8455934520403152
84,2.6999999999999997,-3.115577889447234,0.8247645681409606
85,2.6999999999999997,-2.914572864321606,0.8079144038968297
86,2.6999999999999997,-2.713567839195978,0.7946394321597963
87,2.6999999999999997,-2.5125628140703498,0.7843967437413543
88,2.6999999999999997,-2.3115577889447216,0.776641411386443
89,2.6999999999999997,-2.1105527638190935,0.7708752822386877
90,2.6999999999999997,-1.9095477386934654,0.7666759490488504
91,2.6999999999999997,-1.7085427135678373,0.7636908243436237
92,2.6999999999999997,-1.5075376884422091,0.7616363251544849
93,2.6999999999999997,-1.306532663316581,0.7602838231560316
94,2.6999999999999997,-1.105527638190953,0.7594545553827989
95,2.6999999999999997,-0.9045226130653248,0.7590115652630055
96,2.6999999999999997,-0.7035175879396967,0.7588518988274595
97,2.6999999999999997,-0.5025125628140685,0.7589013324068974
98,2.6999999999999997,-0.3015075376884404,0.7591088683641183
99,2.6999999999999997,-0.10050251256281229,0.759443991246194
100,2.6999999999999997,0.10050251256281584,0.7598938411966167
101,2.6999999999999997,0.30150753768844396,0.7604619345764498
102,2.6999999999999997,0.5025125628140721,0.7611687258848056
103,2.6999999999999997,0.7035175879397002,0.76205187021501
104,2.6999999999999997,0.9045226130653283,0.7631686511040331
105,2.6999999999999997,1.1055276381909565,0.7646000773969522
106,2.6999999999999997,1.3065326633165846,0.7664565739358403
107,2.6999999999999997,1.5075376884422127,0.7688788522053542
108,2.6999999999999997,1.7085427135678408,0.7720530596062989
109,2.6999999999999997,1.909547738693469,0.776213216267358
110,2.6999999999999997,2.110552763819097,0.7816507179087934
111,2.6999999999999997,2.311557788944725,0.7887289685679363
112,2.6999999999999997,2.5125628140703533,0.7978819087150493
113,2.6999999999999997,2.7135678391959814,0.8096211053992961
114,2.6999999999999997,2.9145728643216096,0.8245158925435563
115,2.6999999999999997,3.1155778894472377,0.8431442188399759
116,2.6999999999999997,3.316582914572866,0.8659522664559524
117,2.6999999999999997,3.517587939698494,0.8929634210577793
118,2.6999999999999997,3.718592964824122,0.923217928936542
119,2.6999999999999997,3.91959798994975,0.9537948197334579
120,2.6999999999999997,4.120603015075378,0.9785394954991674
121,2.6999999999999997,4.321608040201006,0.9871678105418241
122,2.6999999999999997,4.5226130653266345,0.9665145780074179
123,2.6999999999999997,4.723618090452263,0.9058708821681642
124,2.6999999999999997,4.924623115577891,0.8051517753509253
125,2.6999999999999997,5.125628140703519,0.6790247115974603
126,2.6999999999999997,5.326633165829147,0.5502114908301898
127,2.6999999999999997,5.527638190954775,0.43678966486496684
128,2.6999999999999997,5.728643216080403,0.34556047677705853
129,2.6999999999999997,5.929648241206031,0.275009748511908
130,2.6999999999999997,6.1306532663316595,0.22083695463436642
131,2.6999999999999997,6.331658291457288,0.17895434267056715
132,2.6999999999999997,6.532663316582916,0.14621511971153706
133,2.6999999999999997,6.733668341708544,0.12033217322135517
134,2.6999999999999997,6.934673366834172,0.09965427590535397
135,2.6999999999999997,7.1356783919598,0.08297925471811582
136,2.6999999999999997,7.336683417085428,0.06942160141013248
137,2.6999999999999997,7.537688442211056,0.058314827056476615
138,2.6999999999999997,7.7386934673366845,0.049157396969430736
139,2.6999999999999997,7.939698492462313,0.04156330459003893
140,2.6999999999999997,8.14070351758794,0.03523090839971276
141,2.6999999999999997,8.341708542713569,0.029924417579427053
142,2.6999999999999997,8.542713567839197,0.025456576821234762
143,2.6999999999999997,8.743718592964825,0.021676696781537705
144,2.6999999999999997,8.944723618090453,0.018463587076845308
145,2.6999999999999997,9.145728643216081,0.015719211182088157
146,2.6999999999999997,9.34673366834171,0.013366869517264127
147,2.6999999999999997,9.547738693467338,0.011336796252253388
148,2.6999999999999997,9.748743718592966,0.009610058574025018
149,2.6999999999999997,9.949748743718594,0.0080231581564829
150,2.6999999999999997,10.150753768844222,0.006972551157919319
151,2.6999999999999997,10.35175879396985,0.005270571620148263
152,2.6999999999999997,10.552763819095478,0.005960006804409464
153,2.6999999999999997,10.753768844221106,0.0022140307150764096
154,2.6999999999999997,10.954773869346734,0.010403760896686081
155,2.6999999999999997,11.155778894472363,0.0003912050205041158
156,2.6999999999999997,11.35678391959799,0.027850695596102416
157,2.6999999999999997,11.557788944723619,0.02367372860599896
158,2.6999999999999997,11.758793969849247,0.04675225604017044
159,2.6999999999999997,11.959798994974875,0.1063315922338396
160,2.6999999999999997,12.160804020100507,0.08712320005177807
161,2.6999999999999997,12.361809045226131,0.15827971883175918
162,2.6999999999999997,12.562814070351763,0.22288429893933603
163,2.6999999999999997,12.763819095477388,0.1984290594496175
164,2.6999999999999997,12.96482412060302,0.2502893456618335
165,2.6999999999999997,13.165829145728644,0.3302948527972248
166,2.6999999999999997,13.366834170854275,0.3184956890345213
167,2.6999999999999997,13.5678391959799,0.30111954739429214
168,2.6999999999999997,13.768844221105532,0.35350075358861427
169,2.6999999999999997,13.969849246231156,0.3958700617177137
170,2.6999999999999997,14.170854271356788,0.37162153070763837
171,2.6999999999999997,14.371859296482413,0.33929015841927135
172,2.6999999999999997,14.572864321608044,0.3534259525194438
173,2.6999999999999997,14.773869346733669,0.3836388681163256
174,2.6999999999999997,14.9748743718593,0.37818675079188796
175,2.6999999999999997,15.175879396984925,0.33985609751422946
176,2.6999999999999997,15.376884422110557,0.31092775952877505
177,2.6999999999999997,15.577889447236181,0.312713725601738
178,2.6999999999999997,15.778894472361813,0.3246879867076464
179,2.6999999999999997,15.979899497487438,0.3166296748940404
180,2.6999999999999997,16.18090452261307,0.2847970173601138
181,2.6999999999999997,16.381909547738694,0.2519827508051254
182,2.6999999999999997,16.582914572864325,0.23873497013097839
183,2.6999999999999997,16.78391959798995,0.24177991726349962
184,2.6999999999999997,16.98492462311558,0.24025589202290834
185,2.6999999999999997,17.185929648241206,0.21938944962095572
186,2.6999999999999997,17.386934673366838,0.19373865155528977
187,2.6999999999999997,17.587939698492463,0.1783298373678819
188,2.6999999999999997,17.788944723618094,0.16185340485051344
189,2.6999999999999997,17.98994974874372,0.16154220339155073
190,2.6999999999999997,18.19095477386935,0.18737559807076704
191,2.6999999999999997,18.391959798994975,0.15644177380664684
192,2.6999999999999997,18.592964824120607,0.08130444824422058
193,2.6999999999999997,18.79396984924623,0.07609874810046757
194,2.6999999999999997,18.994974874371863,0.16695850547626775
195,2.6999999999999997,19.195979899497488,0.21862850926086894
196,2.6999999999999997,19.39698492462312,0.1272896568530786
197,2.6999999999999997,19.597989949748744,0.02172526884529917
198,2.6999999999999997,19.798994974874375,0.025240818202783594
199,2.6999999999999997,20.0,0.13159409010388612
