,t,height,fid
0,2.3499999999999996,-20.0,0.13935162478915017
1,2.3499999999999996,-19.798994974874372,0.15451245383899373
2,2.3499999999999996,-19.597989949748744,0.18552818450937855
3,2.3499999999999996,-19.396984924623116,0.2030704405388737
4,2.3499999999999996,-19.195979899497488,0.20405185345653057
5,2.3499999999999996,-18.99497487437186,0.20382495390009192
6,2.3499999999999996,-18.79396984924623,0.20912580988958418
7,2.3499999999999996,-18.592964824120603,0.22110050991706898
8,2.3499999999999996,-18.391959798994975,0.2372756701731657
9,2.3499999999999996,-18.190954773869347,0.2522990436002174
10,2.3499999999999996,-17.98994974874372,0.2630362492868871
11,2.3499999999999996,-17.78894472361809,0.2714628675693806
12,2.3499999999999996,-17.587939698492463,0.2821355597145132
13,2.3499999999999996,-17.386934673366834,0.2966953740073755
14,2.3499999999999996,-17.185929648241206,0.3110570437306814
15,2.3499999999999996,-16.984924623115578,0.318646589728231
16,2.3499999999999996,-16.78391959798995,0.3177622879893705
17,2.3499999999999996,-16.582914572864322,0.31626496008176685
18,2.3499999999999996,-16.381909547738694,0.32464292857386395
19,2.3499999999999996,-16.180904522613066,0.3428390182244828
20,2.3499999999999996,-15.979899497487438,0.3569817405549816
21,2.3499999999999996,-15.77889447236181,0.3499198058404542
22,2.3499999999999996,-15.577889447236181,0.3236407231908006
23,2.3499999999999996,-15.376884422110553,0.3076737670453994
24,2.3499999999999996,-15.175879396984925,0.3183968184452701
25,2.3499999999999996,-14.974874371859297,0.3297489152138074
26,2.3499999999999996,-14.773869346733669,0.3113408994513743
27,2.3499999999999996,-14.57286432160804,0.2608418477139758
28,2.3499999999999996,-14.371859296482413,0.21751918691161548
29,2.3499999999999996,-14.170854271356784,0.2322899791840925
30,2.3499999999999996,-13.969849246231156,0.24056053650966414
31,2.3499999999999996,-13.768844221105528,0.1527839774371655
32,2.3499999999999996,-13.5678391959799,0.0964354231738188
33,2.3499999999999996,-13.366834170854272,0.1395798725463494
34,2.3499999999999996,-13.165829145728644,0.09968549615638382
35,2.3499999999999996,-12.964824120603016,0.022712184220905523
36,2.3499999999999996,-12.763819095477388,0.04910736147686655
37,2.3499999999999996,-12.56281407035176,0.037868127153461335
38,2.3499999999999996,-12.361809045226131,0.0002858344028098361
39,2.3499999999999996,-12.160804020100503,0.016686261159353396
40,2.3499999999999996,-11.959798994974873,0.009269150727494554
41,2.3499999999999996,-11.758793969849245,0.004403078074822669
42,2.3499999999999996,-11.557788944723617,0.009073924696846161
43,2.3499999999999996,-11.356783919597989,0.006771216071930508
44,2.3499999999999996,-11.15577889447236,0.008207596084091067
45,2.3499999999999996,-10.954773869346733,0.008729670053923494
46,2.3499999999999996,-10.753768844221105,0.009599547704484034
47,2.3499999999999996,-10.552763819095476,0.010683031423364488
48,2.3499999999999996,-10.351758793969848,0.011942139510694836
49,2.3499999999999996,-10.15075376884422,0.013442962288298763
50,2.3499999999999996,-9.949748743718592,0.015197281054281246
51,2.3499999999999996,-9.748743718592964,0.017244891948928722
52,2.3499999999999996,-9.547738693467336,0.01962699763039962
53,2.3499999999999996,-9.346733668341708,0.02239457552205493
54,2.3499999999999996,-9.14572864321608,0.02561135915480822
55,2.3499999999999996,-8.944723618090451,0.029352099516352037
56,2.3499999999999996,-8.743718592964823,0.03371013645025935
57,2.3499999999999996,-8.542713567839195,0.03879763259700659
58,2.3499999999999996,-8.341708542713567,0.04475416191335233
59,2.3499999999999996,-8.140703517587939,0.05174993715397899
60,2.3499999999999996,-7.939698492462311,0.05999932176193117
61,2.3499999999999996,-7.738693467336683,0.0697682590364223
62,2.3499999999999996,-7.537688442211055,0.0813937900888306
63,2.3499999999999996,-7.3366834170854265,0.0953082829647809
64,2.3499999999999996,-7.135678391959798,0.11205715884238152
65,2.3499999999999996,-6.93467336683417,0.1323452547959958
66,2.3499999999999996,-6.733668341708542,0.15707605698755392
67,2.3499999999999996,-6.532663316582914,0.18740374239488972
68,2.3499999999999996,-6.331658291457286,0.22478943174585497
69,2.3499999999999996,-6.130653266331658,0.27104061750370273
70,2.3499999999999996,-5.92964824120603,0.3282294603326211
71,2.3499999999999996,-5.7286432160804015,0.39834055573818195
72,2.3499999999999996,-5.527638190954773,0.48230290575883644
73,2.3499999999999996,-5.326633165829145,0.5782632375039775
74,2.3499999999999996,-5.125628140703517,0.6799301490434401
75,2.3499999999999996,-4.924623115577889,0.7767646086804554
76,2.3499999999999996,-4.723618090452261,0.8572201879362763
77,2.3499999999999996,-4.522613065326633,0.9133045353775293
78,2.3499999999999996,-4.321608040201005,0.9432828959630886
79,2.3499999999999996,-4.1206030150753765,0.9509484280486542
80,2.3499999999999996,-3.9195979899497466,0.9428364685346593
81,2.3499999999999996,-3.7185929648241185,0.9255059583460489
82,2.3499999999999996,-3.5175879396984904,0.9040899054276147
83,2.3499999999999996,-3.3165829145728623,0.8819735300061058
84,2.3499999999999996,-3.115577889447234,0.8610841324309464
85,2.3499999999999996,-2.914572864321606,0.8423548410958882
86,2.3499999999999996,-2.713567839195978,0.8261045222655539
87,2.3499999999999996,-2.5125628140703498,0.8123168744190502
88,2.3499999999999996,-2.3115577889447216,0.8008046554290698
89,2.3499999999999996,-2.1105527638190935,0.7913144284914955
90,2.3499999999999996,-1.9095477386934654,0.7835777534625034
91,2.3499999999999996,-1.7085427135678373,0.7773394887085338
92,2.3499999999999996,-1.5075376884422091,0.7723650946412249
93,2.3499999999999996,-1.306532663316581,0.7684537341012527
94,2.3499999999999996,-1.105527638190953,0.7654326261846036
95,2.3499999999999996,-0.9045226130653248,0.7631606640618983
96,2.3499999999999996,-0.7035175879396967,0.7615207443437008
97,2.3499999999999996,-0.5025125628140685,0.760421796906055
98,2.3499999999999996,-0.3015075376884404,0.7597968645918607
99,2.3499999999999996,-0.10050251256281229,0.7596007161342249
100,2.3499999999999996,0.10050251256281584,0.7598084087835396
101,2.3499999999999996,0.30150753768844396,0.7604167536977245
102,2.3499999999999996,0.5025125628140721,0.7614436485162227
103,2.3499999999999996,0.7035175879397002,0.7629280410414182
104,2.3499999999999996,0.9045226130653283,0.7649325360406132
105,2.3499999999999996,1.1055276381909565,0.7675456875028358
106,2.3499999999999996,1.3065326633165846,0.7708796933732287
107,2.3499999999999996,1.5075376884422127,0.7750783252587464
108,2.3499999999999996,1.7085427135678408,0.7803164156373429
109,2.3499999999999996,1.909547738693469,0.7868059180654339
110,2.3499999999999996,2.110552763819097,0.7947898223926322
111,2.3499999999999996,2.311557788944725,0.8045423973025143
112,2.3499999999999996,2.5125628140703533,0.8163609987928474
113,2.3499999999999996,2.7135678391959814,0.8305379466063125
114,2.3499999999999996,2.9145728643216096,0.8473142917039007
115,2.3499999999999996,3.1155778894472377,0.8667749146688758
116,2.3499999999999996,3.316582914572866,0.8886896169260303
117,2.3499999999999996,3.517587939698494,0.9122189730611355
118,2.3499999999999996,3.718592964824122,0.9355075411053442
119,2.3499999999999996,3.91959798994975,0.9551661750229677
120,2.3499999999999996,4.120603015075378,0.9659032427613381
121,2.3499999999999996,4.321608040201006,0.9607599777340354
122,2.3499999999999996,4.5226130653266345,0.9325940069250704
123,2.3499999999999996,4.723618090452263,0.8769855290909462
124,2.3499999999999996,4.924623115577891,0.7954119208177343
125,2.3499999999999996,5.125628140703519,0.6962348461666761
126,2.3499999999999996,5.326633165829147,0.5918147646975231
127,2.3499999999999996,5.527638190954775,0.49346028238354706
128,2.3499999999999996,5.728643216080403,0.40779733044505745
129,2.3499999999999996,5.929648241206031,0.33659601728682365
130,2.3499999999999996,6.1306532663316595,0.27868335402801064
131,2.3499999999999996,6.331658291457288,0.2318678529240358
132,2.3499999999999996,6.532663316582916,0.1939547392387845
133,2.3499999999999996,6.733668341708544,0.1630923523206654
134,2.3499999999999996,6.934673366834172,0.1378117519307677
135,2.3499999999999996,7.1356783919598,0.11697226736435047
136,2.3499999999999996,7.336683417085428,0.09968856331093494
137,2.3499999999999996,7.537688442211056,0.08527023285997117
138,2.3499999999999996,7.7386934673366845,0.07318033763693771
139,2.3499999999999996,7.939698492462313,0.06299073422145288
140,2.3499999999999996,8.14070351758794,0.05436827571579013
141,2.3499999999999996,8.341708542713569,0.04704097543919738
142,2.3499999999999996,8.542713567839197,0.0407931179734036
143,2.3499999999999996,8.743718592964825,0.035448583421193405
144,2.3499999999999996,8.944723618090453,0.03086289177562397
145,2.3499999999999996,9.145728643216081,0.026920755416289317
146,2.3499999999999996,9.34673366834171,0.02352155467601758
147,2.3499999999999996,9.547738693467338,0.020587459379433844
148,2.3499999999999996,9.748743718592966,0.018050694455508314
149,2.3499999999999996,9.949748743718594,0.01585491686820883
150,2.3499999999999996,10.150753768844222,0.013955946921255756
151,2.3499999999999996,10.35175879396985,0.012310017352940414
152,2.3499999999999996,10.552763819095478,0.010898165628124734
153,2.3499999999999996,10.753768844221106,0.00966218633803674
154,2.3499999999999996,10.954773869346734,0.008596305714451967
155,2.3499999999999996,11.155778894472363,0.0079401874568404
156,2.3499999999999996,11.35678391959799,0.006204905436605785
157,2.3499999999999996,11.557788944723619,0.008388407490773644
158,2.3499999999999996,11.758793969849247,0.0035360669672219085
159,2.3499999999999996,11.959798994974875,0.008216921327368813
160,2.3499999999999996,12.160804020100507,0.015384403425755349
161,2.3499999999999996,12.361809045226131,0.0011969041859007318
162,2.3499999999999996,12.562814070351763,0.03647820569974412
163,2.3499999999999996,12.763819095477388,0.050051469008479135
164,2.3499999999999996,12.96482412060302,0.03129610816124425
165,2.3499999999999996,13.165829145728644,0.09846084133968827
166,2.3499999999999996,13.366834170854275,0.14416500074279928
167,2.3499999999999996,13.5678391959799,0.1160618993386954
168,2.3499999999999996,13.768844221105532,0.1566629830077046
169,2.3499999999999996,13.969849246231156,0.2413166355447757
170,2.3499999999999996,14.170854271356788,0.25411290831167954
171,2.3499999999999996,14.371859296482413,0.23536232882244204
172,2.3499999999999996,14.572864321608044,0.26257020292489375
173,2.3499999999999996,14.773869346733669,0.31768776229985185
174,2.3499999999999996,14.9748743718593,0.3461390319658923
175,2.3499999999999996,15.175879396984925,0.33386370443257446
176,2.3499999999999996,15.376884422110557,0.3160143901000735
177,2.3499999999999996,15.577889447236181,0.32632755611301023
178,2.3499999999999996,15.778894472361813,0.35402650631223836
179,2.3499999999999996,15.979899497487438,0.3672067915212609
180,2.3499999999999996,16.18090452261307,0.355127035344215
181,2.3499999999999996,16.381909547738694,0.33241634778059204
182,2.3499999999999996,16.582914572864325,0.31790652121695634
183,2.3499999999999996,16.78391959798995,0.3170583083339068
184,2.3499999999999996,16.98492462311558,0.3209094064594363
185,2.3499999999999996,17.185929648241206,0.3182740897055883
186,2.3499999999999996,17.386934673366838,0.3059044041328433
187,2.3499999999999996,17.587939698492463,0.28839190878307996
188,2.3499999999999996,17.788944723618094,0.27203197358791237
189,2.3499999999999996,17.98994974874372,0.2595197311536351
190,2.3499999999999996,18.19095477386935,0.2493751992658579
191,2.3499999999999996,18.391959798994975,0.23909710362013456
192,2.3499999999999996,18.592964824120607,0.228193352171527
193,2.3499999999999996,18.79396984924623,0.21789898319225895
194,2.3499999999999996,18.994974874371863,0.20881092770076318
195,2.3499999999999996,19.195979899497488,0.2022174748133832
196,2.3499999999999996,19.39698492462312,0.19657486363046092
197,2.3499999999999996,19.597989949748744,0.1789246056370914
198,2.3499999999999996,19.798994974874375,0.15115828219411195
199,2.3499999999999996,20.0,0.14359964353316224
