,t,height,fid
0,2.5999999999999996,-20.0,0.030867128025850052
1,2.5999999999999996,-19.798994974874372,0.05171242581792787
2,2.5999999999999996,-19.597989949748744,0.11412432980794217
3,2.5999999999999996,-19.396984924623116,0.16983948606532662
4,2.5999999999999996,-19.195979899497488,0.16270832276614666
5,2.5999999999999996,-18.99497487437186,0.1312989141199645
6,2.5999999999999996,-18.79396984924623,0.15490457011835698
7,2.5999999999999996,-18.592964824120603,0.16374050022804726
8,2.5999999999999996,-18.391959798994975,0.14364392809780377
9,2.5999999999999996,-18.190954773869347,0.15101983284749051
10,2.5999999999999996,-17.98994974874372,0.1909496741775353
11,2.5999999999999996,-17.78894472361809,0.2224418738443912
12,2.5999999999999996,-17.587939698492463,0.22940590463811725
13,2.5999999999999996,-17.386934673366834,0.2263560710499677
14,2.5999999999999996,-17.185929648241206,0.2287320777114173
15,2.5999999999999996,-16.984924623115578,0.24431664552616206
16,2.5999999999999996,-16.78391959798995,0.266295027784119
17,2.5999999999999996,-16.582914572864322,0.28293893012536786
18,2.5999999999999996,-16.381909547738694,0.29242910382900295
19,2.5999999999999996,-16.180904522613066,0.302943716026905
20,2.5999999999999996,-15.979899497487438,0.3189702089029382
21,2.5999999999999996,-15.77889447236181,0.33288192190510313
22,2.5999999999999996,-15.577889447236181,0.3355901309241488
23,2.5999999999999996,-15.376884422110553,0.33332614506024666
24,2.5999999999999996,-15.175879396984925,0.34289911154925845
25,2.5999999999999996,-14.974874371859297,0.36447232933734564
26,2.5999999999999996,-14.773869346733669,0.3719706792378993
27,2.5999999999999996,-14.57286432160804,0.34929520844650275
28,2.5999999999999996,-14.371859296482413,0.3253346394944657
29,2.5999999999999996,-14.170854271356784,0.3351362239255142
30,2.5999999999999996,-13.969849246231156,0.35050619281118833
31,2.5999999999999996,-13.768844221105528,0.31379368420659837
32,2.5999999999999996,-13.5678391959799,0.25531006154369335
33,2.5999999999999996,-13.366834170854272,0.25119376025152207
34,2.5999999999999996,-13.165829145728644,0.25689910219245504
35,2.5999999999999996,-12.964824120603016,0.18890336360338497
36,2.5999999999999996,-12.763819095477388,0.12603235278343045
37,2.5999999999999996,-12.56281407035176,0.14769268356242501
38,2.5999999999999996,-12.361809045226131,0.09929666178615777
39,2.5999999999999996,-12.160804020100503,0.03336886612609596
40,2.5999999999999996,-11.959798994974873,0.06597192138536141
41,2.5999999999999996,-11.758793969849245,0.016243461911671538
42,2.5999999999999996,-11.557788944723617,0.013151863512272098
43,2.5999999999999996,-11.356783919597989,0.01729741081481509
44,2.5999999999999996,-11.15577889447236,0.0034827769530431903
45,2.5999999999999996,-10.954773869346733,0.011318788572618348
46,2.5999999999999996,-10.753768844221105,0.00687207753416268
47,2.5999999999999996,-10.552763819095476,0.009215887379034378
48,2.5999999999999996,-10.351758793969848,0.008982890540274567
49,2.5999999999999996,-10.15075376884422,0.009964321709766518
50,2.5999999999999996,-9.949748743718592,0.010846311470523104
51,2.5999999999999996,-9.748743718592964,0.012087434396535911
52,2.5999999999999996,-9.547738693467336,0.013607701472020402
53,2.5999999999999996,-9.346733668341708,0.015474789009231143
54,2.5999999999999996,-9.14572864321608,0.01773305117931827
55,2.5999999999999996,-8.944723618090451,0.02044292999789494
56,2.5999999999999996,-8.743718592964823,0.023678863635981234
57,2.5999999999999996,-8.542713567839195,0.027536392181013964
58,2.5999999999999996,-8.341708542713567,0.032133495246875005
59,2.5999999999999996,-8.140703517587939,0.03761860893766592
60,2.5999999999999996,-7.939698492462311,0.044180009505498344
61,2.5999999999999996,-7.738693467336683,0.0520540656387468
62,2.5999999999999996,-7.537688442211055,0.061543587009341205
63,2.5999999999999996,-7.3366834170854265,0.07304052061516565
64,2.5999999999999996,-7.135678391959798,0.08704893412112526
65,2.5999999999999996,-6.93467336683417,0.10423612510177946
66,2.5999999999999996,-6.733668341708542,0.1254856748106275
67,2.5999999999999996,-6.532663316582914,0.15197909684436092
68,2.5999999999999996,-6.331658291457286,0.18530389798672134
69,2.5999999999999996,-6.130653266331658,0.22759529306904605
70,2.5999999999999996,-5.92964824120603,0.2816428237488395
71,2.5999999999999996,-5.7286432160804015,0.35078508758366506
72,2.5999999999999996,-5.527638190954773,0.43802942038027026
73,2.5999999999999996,-5.326633165829145,0.5435563695346145
74,2.5999999999999996,-5.125628140703517,0.6609425296965237
75,2.5999999999999996,-4.924623115577889,0.7756823211704243
76,2.5999999999999996,-4.723618090452261,0.87000974796437
77,2.5999999999999996,-4.522613065326633,0.9316712106932757
78,2.5999999999999996,-4.321608040201005,0.9591022148515879
79,2.5999999999999996,-4.1206030150753765,0.9594279020112173
80,2.5999999999999996,-3.9195979899497466,0.9428755364844036
81,2.5999999999999996,-3.7185929648241185,0.9183845557131894
82,2.5999999999999996,-3.5175879396984904,0.8919929829122589
83,2.5999999999999996,-3.3165829145728623,0.8670495025775691
84,2.5999999999999996,-3.115577889447234,0.8450572023533
85,2.5999999999999996,-2.914572864321606,0.8264548422658192
86,2.5999999999999996,-2.713567839195978,0.8111383436359929
87,2.5999999999999996,-2.5125628140703498,0.7987645624073602
88,2.5999999999999996,-2.3115577889447216,0.7889161562512492
89,2.5999999999999996,-2.1105527638190935,0.781178238281848
90,2.5999999999999996,-1.9095477386934654,0.7751742423299601
91,2.5999999999999996,-1.7085427135678373,0.7705724993886806
92,2.5999999999999996,-1.5075376884422091,0.767095939795618
93,2.5999999999999996,-1.306532663316581,0.7645126951095084
94,2.5999999999999996,-1.105527638190953,0.762636033952937
95,2.5999999999999996,-0.9045226130653248,0.7613139256149677
96,2.5999999999999996,-0.7035175879396967,0.7604271658778233
97,2.5999999999999996,-0.5025125628140685,0.7598849806318805
98,2.5999999999999996,-0.3015075376884404,0.7596207052296408
99,2.5999999999999996,-0.10050251256281229,0.759590547348648
100,2.5999999999999996,0.10050251256281584,0.7597697044579147
101,2.5999999999999996,0.30150753768844396,0.7601540562136483
102,2.5999999999999996,0.5025125628140721,0.7607584999468735
103,2.5999999999999996,0.7035175879397002,0.7616185475953232
104,2.5999999999999996,0.9045226130653283,0.7627939820794459
105,2.5999999999999996,1.1055276381909565,0.7643692720833806
106,2.5999999999999996,1.3065326633165846,0.76646016549005
107,2.5999999999999996,1.5075376884422127,0.7692141564741274
108,2.5999999999999996,1.7085427135678408,0.7728224723130065
109,2.5999999999999996,1.909547738693469,0.7775232322058919
110,2.5999999999999996,2.110552763819097,0.7836058258599417
111,2.5999999999999996,2.311557788944725,0.7914250709158364
112,2.5999999999999996,2.5125628140703533,0.801392148873632
113,2.5999999999999996,2.7135678391959814,0.813974478210001
114,2.5999999999999996,2.9145728643216096,0.8296673790442163
115,2.5999999999999996,3.1155778894472377,0.8489264820055513
116,2.5999999999999996,3.316582914572866,0.872004910873068
117,2.5999999999999996,3.517587939698494,0.898654404087427
118,2.5999999999999996,3.718592964824122,0.9275822859900087
119,2.5999999999999996,3.91959798994975,0.9555801405277687
120,2.5999999999999996,4.120603015075378,0.9765429270223688
121,2.5999999999999996,4.321608040201006,0.9809929587422241
122,2.5999999999999996,4.5226130653266345,0.9575935218215846
123,2.5999999999999996,4.723618090452263,0.8978213446367452
124,2.5999999999999996,4.924623115577891,0.8023665053627183
125,2.5999999999999996,5.125628140703519,0.6839532438956849
126,2.5999999999999996,5.326633165829147,0.5619167427358669
127,2.5999999999999996,5.527638190954775,0.4522711902788864
128,2.5999999999999996,5.728643216080403,0.36201087195613074
129,2.5999999999999996,5.929648241206031,0.2908005835418016
130,2.5999999999999996,6.1306532663316595,0.23528587290820316
131,2.5999999999999996,6.331658291457288,0.19187809626975044
132,2.5999999999999996,6.532663316582916,0.15764968363714085
133,2.5999999999999996,6.733668341708544,0.13039878572331665
134,2.5999999999999996,6.934673366834172,0.10850187573473627
135,2.5999999999999996,7.1356783919598,0.09075577814768328
136,2.5999999999999996,7.336683417085428,0.07626155360286506
137,2.5999999999999996,7.537688442211056,0.06434537308323504
138,2.5999999999999996,7.7386934673366845,0.05448935922210557
139,2.5999999999999996,7.939698492462313,0.0462926976650214
140,2.5999999999999996,8.14070351758794,0.03944669516112385
141,2.5999999999999996,8.341708542713569,0.03370571859994747
142,2.5999999999999996,8.542713567839197,0.028874878578609767
143,2.5999999999999996,8.743718592964825,0.024798308519522638
144,2.5999999999999996,8.944723618090453,0.02135199806362494
145,2.5999999999999996,9.145728643216081,0.01843399948830037
146,2.5999999999999996,9.34673366834171,0.015962054090552343
147,2.5999999999999996,9.547738693467338,0.013870318258543443
148,2.5999999999999996,9.748743718592966,0.012108257880059188
149,2.5999999999999996,9.949748743718594,0.01060277709108214
150,2.5999999999999996,10.150753768844222,0.00943770700784978
151,2.5999999999999996,10.35175879396985,0.008135937787944596
152,2.5999999999999996,10.552763819095478,0.008058625365602532
153,2.5999999999999996,10.753768844221106,0.0054362025133059535
154,2.5999999999999996,10.954773869346734,0.009385920666741933
155,2.5999999999999996,11.155778894472363,0.0022093483869911274
156,2.5999999999999996,11.35678391959799,0.014497780095272618
157,2.5999999999999996,11.557788944723619,0.013639547579786105
158,2.5999999999999996,11.758793969849247,0.01578837374334335
159,2.5999999999999996,11.959798994974875,0.06580647152232676
160,2.5999999999999996,12.160804020100507,0.043772294594773914
161,2.5999999999999996,12.361809045226131,0.09787291401220465
162,2.5999999999999996,12.562814070351763,0.1592452725985314
163,2.5999999999999996,12.763819095477388,0.1413205657466807
164,2.5999999999999996,12.96482412060302,0.19140570753190317
165,2.5999999999999996,13.165829145728644,0.2696624327534228
166,2.5999999999999996,13.366834170854275,0.2695108275851524
167,2.5999999999999996,13.5678391959799,0.26371715007432067
168,2.5999999999999996,13.768844221105532,0.3189133899704448
169,2.5999999999999996,13.969849246231156,0.3638661093781177
170,2.5999999999999996,14.170854271356788,0.35055509078130936
171,2.5999999999999996,14.371859296482413,0.3321048838899789
172,2.5999999999999996,14.572864321608044,0.3513208913720579
173,2.5999999999999996,14.773869346733669,0.3793056639111676
174,2.5999999999999996,14.9748743718593,0.3771424504765637
175,2.5999999999999996,15.175879396984925,0.3519132069381191
176,2.5999999999999996,15.376884422110557,0.3343019493805079
177,2.5999999999999996,15.577889447236181,0.334477750912494
178,2.5999999999999996,15.778894472361813,0.3376189427611135
179,2.5999999999999996,15.979899497487438,0.3293552722652235
180,2.5999999999999996,16.18090452261307,0.31109760449094964
181,2.5999999999999996,16.381909547738694,0.2923497192241834
182,2.5999999999999996,16.582914572864325,0.27761717444855677
183,2.5999999999999996,16.78391959798995,0.26458746210020984
184,2.5999999999999996,16.98492462311558,0.25125004816506086
185,2.5999999999999996,17.185929648241206,0.23978272616251348
186,2.5999999999999996,17.386934673366838,0.23167547649621112
187,2.5999999999999996,17.587939698492463,0.22402701598899108
188,2.5999999999999996,17.788944723618094,0.21259502796051866
189,2.5999999999999996,17.98994974874372,0.18738607883668798
190,2.5999999999999996,18.19095477386935,0.15690018771943784
191,2.5999999999999996,18.391959798994975,0.15633251375079768
192,2.5999999999999996,18.592964824120607,0.17275149036392448
193,2.5999999999999996,18.79396984924623,0.14773970841892056
194,2.5999999999999996,18.994974874371863,0.11439245046018794
195,2.5999999999999996,19.195979899497488,0.15249014297166774
196,2.5999999999999996,19.39698492462312,0.1830341020347384
197,2.5999999999999996,19.597989949748744,0.13382448608126574
198,2.5999999999999996,19.798994974874375,0.05374924200766717
199,2.5999999999999996,20.0,0.02600234447338987
