,t,height,fid
0,2.8999999999999995,-20.0,0.27401608811240963
1,2.8999999999999995,-19.798994974874372,0.2314153154705072
2,2.8999999999999995,-19.597989949748744,0.1246499293097236
3,2.8999999999999995,-19.396984924623116,0.023792322837094485
4,2.8999999999999995,-19.195979899497488,0.011399562137438776
5,2.8999999999999995,-18.99497487437186,0.12389742175753142
6,2.8999999999999995,-18.79396984924623,0.22363355670206575
7,2.8999999999999995,-18.592964824120603,0.19557480890693343
8,2.8999999999999995,-18.391959798994975,0.08282669683482775
9,2.8999999999999995,-18.190954773869347,0.03663096703061481
10,2.8999999999999995,-17.98994974874372,0.10134587047857836
11,2.8999999999999995,-17.78894472361809,0.17333117353715816
12,2.8999999999999995,-17.587939698492463,0.16923193895137736
13,2.8999999999999995,-17.386934673366834,0.13598101919486058
14,2.8999999999999995,-17.185929648241206,0.1554208411061742
15,2.8999999999999995,-16.984924623115578,0.15423618723042842
16,2.8999999999999995,-16.78391959798995,0.16221738495813012
17,2.8999999999999995,-16.582914572864322,0.2071147760229989
18,2.8999999999999995,-16.381909547738694,0.23295503533262304
19,2.8999999999999995,-16.180904522613066,0.2202557443982951
20,2.8999999999999995,-15.979899497487438,0.22018393557417826
21,2.8999999999999995,-15.77889447236181,0.2525106479689511
22,2.8999999999999995,-15.577889447236181,0.28556616115905303
23,2.8999999999999995,-15.376884422110553,0.2892126903076193
24,2.8999999999999995,-15.175879396984925,0.2850173868330831
25,2.8999999999999995,-14.974874371859297,0.30963240199678954
26,2.8999999999999995,-14.773869346733669,0.34804714516356494
27,2.8999999999999995,-14.57286432160804,0.3542911733858254
28,2.8999999999999995,-14.371859296482413,0.334861021919532
29,2.8999999999999995,-14.170854271356784,0.34647528024563806
30,2.8999999999999995,-13.969849246231156,0.3905072517812387
31,2.8999999999999995,-13.768844221105528,0.3941234126142537
32,2.8999999999999995,-13.5678391959799,0.34870375934633663
33,2.8999999999999995,-13.366834170854272,0.3465841729984928
34,2.8999999999999995,-13.165829145728644,0.3886794917092584
35,2.8999999999999995,-12.964824120603016,0.35499024049907113
36,2.8999999999999995,-12.763819095477388,0.28175072272105184
37,2.8999999999999995,-12.56281407035176,0.30230871927229763
38,2.8999999999999995,-12.361809045226131,0.2932184046679012
39,2.8999999999999995,-12.160804020100503,0.18671591245495078
40,2.8999999999999995,-11.959798994974873,0.18767254164702413
41,2.8999999999999995,-11.758793969849245,0.16670044701969564
42,2.8999999999999995,-11.557788944723617,0.0678619163124363
43,2.8999999999999995,-11.356783919597989,0.09344642888382254
44,2.8999999999999995,-11.15577889447236,0.030054606034878206
45,2.8999999999999995,-10.954773869346733,0.026278654700503157
46,2.8999999999999995,-10.753768844221105,0.01458136778775265
47,2.8999999999999995,-10.552763819095476,0.007601573726473903
48,2.8999999999999995,-10.351758793969848,0.007523358309499758
49,2.8999999999999995,-10.15075376884422,0.006886355048133281
50,2.8999999999999995,-9.949748743718592,0.006506068969171232
51,2.8999999999999995,-9.748743718592964,0.007164443034312428
52,2.8999999999999995,-9.547738693467336,0.007456951488003248
53,2.8999999999999995,-9.346733668341708,0.008386077646480208
54,2.8999999999999995,-9.14572864321608,0.009641421111042282
55,2.8999999999999995,-8.944723618090451,0.011381104028011452
56,2.8999999999999995,-8.743718592964823,0.013635194788895062
57,2.8999999999999995,-8.542713567839195,0.016464497323925017
58,2.8999999999999995,-8.341708542713567,0.019950821698235803
59,2.8999999999999995,-8.140703517587939,0.02420396076731625
60,2.8999999999999995,-7.939698492462311,0.02937713117652838
61,2.8999999999999995,-7.738693467336683,0.03567521846556929
62,2.8999999999999995,-7.537688442211055,0.04336656455198604
63,2.8999999999999995,-7.3366834170854265,0.05280929104098746
64,2.8999999999999995,-7.135678391959798,0.06447529507047273
65,2.8999999999999995,-6.93467336683417,0.07899957065585446
66,2.8999999999999995,-6.733668341708542,0.09724505408340713
67,2.8999999999999995,-6.532663316582914,0.12039587462408748
68,2.8999999999999995,-6.331658291457286,0.1501119011483008
69,2.8999999999999995,-6.130653266331658,0.18874167451142193
70,2.8999999999999995,-5.92964824120603,0.23963483639300606
71,2.8999999999999995,-5.7286432160804015,0.3074255672204821
72,2.8999999999999995,-5.527638190954773,0.39768991724180425
73,2.8999999999999995,-5.326633165829145,0.513989114707334
74,2.8999999999999995,-5.125628140703517,0.6506314855045338
75,2.8999999999999995,-4.924623115577889,0.7868451809015493
76,2.8999999999999995,-4.723618090452261,0.8943122885236989
77,2.8999999999999995,-4.522613065326633,0.9551050024174348
78,2.8999999999999995,-4.321608040201005,0.9708530639768457
79,2.8999999999999995,-4.1206030150753765,0.9559838522238631
80,2.8999999999999995,-3.9195979899497466,0.9263671981273367
81,2.8999999999999995,-3.7185929648241185,0.8931629726069021
82,2.8999999999999995,-3.5175879396984904,0.8622892018862783
83,2.8999999999999995,-3.3165829145728623,0.836078723535681
84,2.8999999999999995,-3.115577889447234,0.8149611376251857
85,2.8999999999999995,-2.914572864321606,0.7985223386105047
86,2.8999999999999995,-2.713567839195978,0.7860574512034391
87,2.8999999999999995,-2.5125628140703498,0.7768281757795805
88,2.8999999999999995,-2.3115577889447216,0.770156202810594
89,2.8999999999999995,-2.1105527638190935,0.7654659722465231
90,2.8999999999999995,-1.9095477386934654,0.7622827430263406
91,2.8999999999999995,-1.7085427135678373,0.7602225251653035
92,2.8999999999999995,-1.5075376884422091,0.7589831350239642
93,2.8999999999999995,-1.306532663316581,0.7583302151434126
94,2.8999999999999995,-1.105527638190953,0.7580857806086286
95,2.8999999999999995,-0.9045226130653248,0.7581160600613183
96,2.8999999999999995,-0.7035175879396967,0.7583252447162243
97,2.8999999999999995,-0.5025125628140685,0.7586437323150903
98,2.8999999999999995,-0.3015075376884404,0.7590259514085986
99,2.8999999999999995,-0.10050251256281229,0.759440668681767
100,2.8999999999999995,0.10050251256281584,0.7598717967458659
101,2.8999999999999995,0.30150753768844396,0.7603155214852215
102,2.8999999999999995,0.5025125628140721,0.7607777344829818
103,2.8999999999999995,0.7035175879397002,0.761280577539547
104,2.8999999999999995,0.9045226130653283,0.7618607868273984
105,2.8999999999999995,1.1055276381909565,0.7625767700147893
106,2.8999999999999995,1.3065326633165846,0.7635134029724309
107,2.8999999999999995,1.5075376884422127,0.7647926534496153
108,2.8999999999999995,1.7085427135678408,0.7665830071447086
109,2.8999999999999995,1.909547738693469,0.769107456841365
110,2.8999999999999995,2.110552763819097,0.7726632207783457
111,2.8999999999999995,2.311557788944725,0.7776320253627917
112,2.8999999999999995,2.5125628140703533,0.7844979051739993
113,2.8999999999999995,2.7135678391959814,0.7938668798205262
114,2.8999999999999995,2.9145728643216096,0.80646250940352
115,2.8999999999999995,3.1155778894472377,0.8231116332409036
116,2.8999999999999995,3.316582914572866,0.8446577306828384
117,2.8999999999999995,3.517587939698494,0.8717206511647331
118,2.8999999999999995,3.718592964824122,0.9041415316744305
119,2.8999999999999995,3.91959798994975,0.9398809346283771
120,2.8999999999999995,4.120603015075378,0.9731538965615791
121,2.8999999999999995,4.321608040201006,0.9924318013966976
122,2.8999999999999995,4.5226130653266345,0.9805539071417712
123,2.8999999999999995,4.723618090452263,0.9210458938110988
124,2.8999999999999995,4.924623115577891,0.810829141807133
125,2.8999999999999995,5.125628140703519,0.6687019457890264
126,2.8999999999999995,5.326633165829147,0.5257703038150926
127,2.8999999999999995,5.527638190954775,0.4049761661502988
128,2.8999999999999995,5.728643216080403,0.31224085270108476
129,2.8999999999999995,5.929648241206031,0.24325952685817734
130,2.8999999999999995,6.1306532663316595,0.19180567180666563
131,2.8999999999999995,6.331658291457288,0.15290218548963858
132,2.8999999999999995,6.532663316582916,0.12304075724261529
133,2.8999999999999995,6.733668341708544,0.09980454413086834
134,2.8999999999999995,6.934673366834172,0.08150087182295716
135,2.8999999999999995,7.1356783919598,0.06693254521139176
136,2.8999999999999995,7.336683417085428,0.05523092060197134
137,2.8999999999999995,7.537688442211056,0.0457569149309169
138,2.8999999999999995,7.7386934673366845,0.03803522420443303
139,2.8999999999999995,7.939698492462313,0.03170479707485461
140,2.8999999999999995,8.14070351758794,0.02649027477815369
141,2.8999999999999995,8.341708542713569,0.022176934731723302
142,2.8999999999999995,8.542713567839197,0.018602948305711582
143,2.8999999999999995,8.743718592964825,0.01563912955954291
144,2.8999999999999995,8.944723618090453,0.013189192716286316
145,2.8999999999999995,9.145728643216081,0.011174763769495038
146,2.8999999999999995,9.34673366834171,0.009553670895153134
147,2.8999999999999995,9.547738693467338,0.008158128005668954
148,2.8999999999999995,9.748743718592966,0.007361216708135679
149,2.8999999999999995,9.949748743718594,0.0061257351458637276
150,2.8999999999999995,10.150753768844222,0.0059742735681607125
151,2.8999999999999995,10.35175879396985,0.0063839346148315095
152,2.8999999999999995,10.552763819095478,0.006473125739583279
153,2.8999999999999995,10.753768844221106,0.013704587217733735
154,2.8999999999999995,10.954773869346734,0.027290387402028236
155,2.8999999999999995,11.155778894472363,0.032627010814803015
156,2.8999999999999995,11.35678391959799,0.0966167059756963
157,2.8999999999999995,11.557788944723619,0.07804659336347546
158,2.8999999999999995,11.758793969849247,0.1708734587056635
159,2.8999999999999995,11.959798994974875,0.2001928306577297
160,2.8999999999999995,12.160804020100507,0.1993143224528052
161,2.8999999999999995,12.361809045226131,0.29892870863220244
162,2.8999999999999995,12.562814070351763,0.3161214063522143
163,2.8999999999999995,12.763819095477388,0.29581753219982176
164,2.8999999999999995,12.96482412060302,0.35932800209578497
165,2.8999999999999995,13.165829145728644,0.3966351579865283
166,2.8999999999999995,13.366834170854275,0.3613676729088846
167,2.8999999999999995,13.5678391959799,0.35585811301702663
168,2.8999999999999995,13.768844221105532,0.39382307110148684
169,2.8999999999999995,13.969849246231156,0.3972218414199519
170,2.8999999999999995,14.170854271356788,0.35960821069066645
171,2.8999999999999995,14.371859296482413,0.339696885384935
172,2.8999999999999995,14.572864321608044,0.34960980517334034
173,2.8999999999999995,14.773869346733669,0.3491355961371716
174,2.8999999999999995,14.9748743718593,0.321945733005137
175,2.8999999999999995,15.175879396984925,0.29401985654999696
176,2.8999999999999995,15.376884422110557,0.2837413041976713
177,2.8999999999999995,15.577889447236181,0.2768549092900921
178,2.8999999999999995,15.778894472361813,0.257722314158135
179,2.8999999999999995,15.979899497487438,0.23523923343182002
180,2.8999999999999995,16.18090452261307,0.22467659714461666
181,2.8999999999999995,16.381909547738694,0.22136166953941744
182,2.8999999999999995,16.582914572864325,0.1967146868475607
183,2.8999999999999995,16.78391959798995,0.1672675119610928
184,2.8999999999999995,16.98492462311558,0.17094735970629849
185,2.8999999999999995,17.185929648241206,0.15838536423168578
186,2.8999999999999995,17.386934673366838,0.12223073605258307
187,2.8999999999999995,17.587939698492463,0.1597972415275306
188,2.8999999999999995,17.788944723618094,0.18523866837156666
189,2.8999999999999995,17.98994974874372,0.11149845513506745
190,2.8999999999999995,18.19095477386935,0.03381289184393162
191,2.8999999999999995,18.391959798994975,0.08096459326402429
192,2.8999999999999995,18.592964824120607,0.20436326289844517
193,2.8999999999999995,18.79396984924623,0.23541821082201134
194,2.8999999999999995,18.994974874371863,0.12957756408909585
195,2.8999999999999995,19.195979899497488,0.013921128562313529
196,2.8999999999999995,19.39698492462312,0.022769341190542712
197,2.8999999999999995,19.597989949748744,0.13093554987373218
198,2.8999999999999995,19.798994974874375,0.2455163862432056
199,2.8999999999999995,20.0,0.2876787682428161
