,t,height,fid
0,2.8,-20.0,0.26502569266087067
1,2.8,-19.798994974874372,0.13812051847433643
2,2.8,-19.597989949748744,0.024875387494627373
3,2.8,-19.396984924623116,0.011100563219954795
4,2.8,-19.195979899497488,0.1065569190090075
5,2.8,-18.99497487437186,0.1916620683932821
6,2.8,-18.79396984924623,0.1689509636515972
7,2.8,-18.592964824120603,0.09310116453548738
8,2.8,-18.391959798994975,0.07649057539060357
9,2.8,-18.190954773869347,0.15581128405410946
10,2.8,-17.98994974874372,0.16678305645598088
11,2.8,-17.78894472361809,0.11795085514469932
12,2.8,-17.587939698492463,0.12583117078422335
13,2.8,-17.386934673366834,0.19555415883579597
14,2.8,-17.185929648241206,0.22486287393022072
15,2.8,-16.984924623115578,0.19941764860789293
16,2.8,-16.78391959798995,0.18036386805414725
17,2.8,-16.582914572864322,0.195562370162526
18,2.8,-16.381909547738694,0.24167584246182366
19,2.8,-16.180904522613066,0.2808333046322052
20,2.8,-15.979899497487438,0.28548635368596076
21,2.8,-15.77889447236181,0.27188606040002744
22,2.8,-15.577889447236181,0.2742156165489751
23,2.8,-15.376884422110553,0.3026730107488475
24,2.8,-15.175879396984925,0.33640209358284057
25,2.8,-14.974874371859297,0.35194135929393605
26,2.8,-14.773869346733669,0.34796877109974583
27,2.8,-14.57286432160804,0.34226524066528236
28,2.8,-14.371859296482413,0.3517290663186428
29,2.8,-14.170854271356784,0.3736694402312025
30,2.8,-13.969849246231156,0.38318967641991586
31,2.8,-13.768844221105528,0.36246942053908415
32,2.8,-13.5678391959799,0.33690639612391793
33,2.8,-13.366834170854272,0.34219497425045375
34,2.8,-13.165829145728644,0.34668369663740434
35,2.8,-12.964824120603016,0.2989353801744588
36,2.8,-12.763819095477388,0.251232032606535
37,2.8,-12.56281407035176,0.253260184230914
38,2.8,-12.361809045226131,0.2149521881921164
39,2.8,-12.160804020100503,0.14106662353729507
40,2.8,-11.959798994974873,0.1326867417541692
41,2.8,-11.758793969849245,0.09688566319717579
42,2.8,-11.557788944723617,0.04067258637778567
43,2.8,-11.356783919597989,0.046711761560278744
44,2.8,-11.15577889447236,0.011765669199929775
45,2.8,-10.954773869346733,0.011872703412244539
46,2.8,-10.753768844221105,0.007080096033725149
47,2.8,-10.552763819095476,0.00640522690715407
48,2.8,-10.351758793969848,0.007666841558282962
49,2.8,-10.15075376884422,0.009090771104422477
50,2.8,-9.949748743718592,0.010199918979846732
51,2.8,-9.748743718592964,0.011783656602679875
52,2.8,-9.547738693467336,0.013166108565794223
53,2.8,-9.346733668341708,0.014794615060876362
54,2.8,-9.14572864321608,0.01662170965342566
55,2.8,-8.944723618090451,0.01876873834481175
56,2.8,-8.743718592964823,0.021323839463549293
57,2.8,-8.542713567839195,0.02439308551284223
58,2.8,-8.341708542713567,0.02809465507922003
59,2.8,-8.140703517587939,0.03257042172907187
60,2.8,-7.939698492462311,0.03799390937175269
61,2.8,-7.738693467336683,0.04458366996516347
62,2.8,-7.537688442211055,0.05261649653773056
63,2.8,-7.3366834170854265,0.06244978230933637
64,2.8,-7.135678391959798,0.07455537808799984
65,2.8,-6.93467336683417,0.08955451687158722
66,2.8,-6.733668341708542,0.10828693039071939
67,2.8,-6.532663316582914,0.13190054082621974
68,2.8,-6.331658291457286,0.16198691974810678
69,2.8,-6.130653266331658,0.20076623332945917
70,2.8,-5.92964824120603,0.25134282626962495
71,2.8,-5.7286432160804015,0.3178486992553688
72,2.8,-5.527638190954773,0.40489880079279567
73,2.8,-5.326633165829145,0.5147826010367429
74,2.8,-5.125628140703517,0.6416662870136124
75,2.8,-4.924623115577889,0.7677122253960259
76,2.8,-4.723618090452261,0.8693875634244171
77,2.8,-4.522613065326633,0.931196841820296
78,2.8,-4.321608040201005,0.9531284021110912
79,2.8,-4.1206030150753765,0.9462387895570507
80,2.8,-3.9195979899497466,0.9238691057636459
81,2.8,-3.7185929648241185,0.8961614515539703
82,2.8,-3.5175879396984904,0.8689978270849336
83,2.8,-3.3165829145728623,0.8450385967762998
84,2.8,-3.115577889447234,0.825087792491834
85,2.8,-2.914572864321606,0.809041820842969
86,2.8,-2.713567839195978,0.796429099188409
87,2.8,-2.5125628140703498,0.7866836981105761
88,2.8,-2.3115577889447216,0.7792605415725121
89,2.8,-2.1105527638190935,0.7736765908695512
90,2.8,-1.9095477386934654,0.7695278297436875
91,2.8,-1.7085427135678373,0.7664835879924121
92,2.8,-1.5075376884422091,0.764277239749606
93,2.8,-1.306532663316581,0.7627006843037187
94,2.8,-1.105527638190953,0.7615896284295758
95,2.8,-0.9045226130653248,0.7608198417351688
96,2.8,-0.7035175879396967,0.760299492840135
97,2.8,-0.5025125628140685,0.7599615526297392
98,2.8,-0.3015075376884404,0.7597599448037003
99,2.8,-0.10050251256281229,0.7596658174395756
100,2.8,0.10050251256281584,0.7596663234274352
101,2.8,0.30150753768844396,0.759762039670781
102,2.8,0.5025125628140721,0.7599682109635095
103,2.8,0.7035175879397002,0.7603161129727928
104,2.8,0.9045226130653283,0.7608563584541481
105,2.8,1.1055276381909565,0.7616623428204993
106,2.8,1.3065326633165846,0.7628361437318772
107,2.8,1.5075376884422127,0.7645160026917688
108,2.8,1.7085427135678408,0.7668856290852125
109,2.8,1.909547738693469,0.7701794553259268
110,2.8,2.110552763819097,0.7746996793626321
111,2.8,2.311557788944725,0.7808225693306258
112,2.8,2.5125628140703533,0.7890177154936365
113,2.8,2.7135678391959814,0.7998445240819391
114,2.8,2.9145728643216096,0.813953447045627
115,2.8,3.1155778894472377,0.8320449347505887
116,2.8,3.316582914572866,0.8547597485455507
117,2.8,3.517587939698494,0.8823995527051157
118,2.8,3.718592964824122,0.914360242230422
119,2.8,3.91959798994975,0.9480796502534399
120,2.8,4.120603015075378,0.9774507441453576
121,2.8,4.321608040201006,0.9914104428283254
122,2.8,4.5226130653266345,0.9747493070295915
123,2.8,4.723618090452263,0.9140742536625373
124,2.8,4.924623115577891,0.8081164660470567
125,2.8,5.125628140703519,0.673700808373084
126,2.8,5.326633165829147,0.5375820525570155
127,2.8,5.527638190954775,0.42020212548372615
128,2.8,5.728643216080403,0.3280195428906775
129,2.8,5.929648241206031,0.25817606908433505
130,2.8,6.1306532663316595,0.20538652229315868
131,2.8,6.331658291457288,0.1650812033460701
132,2.8,6.532663316582916,0.13390274380856296
133,2.8,6.733668341708544,0.10948399460999737
134,2.8,6.934673366834172,0.09014273906289318
135,2.8,7.1356783919598,0.07467204494082333
136,2.8,7.336683417085428,0.062192965293417335
137,2.8,7.537688442211056,0.05205420957904325
138,2.8,7.7386934673366845,0.043764644142859424
139,2.8,7.939698492462313,0.03695139653524006
140,2.8,8.14070351758794,0.031325805700780134
141,2.8,8.341708542713569,0.026664092824731655
142,2.8,8.542713567839197,0.022786441117937973
143,2.8,8.743718592964825,0.019552101941235345
144,2.8,8.944723618090453,0.016844093384999474
145,2.8,9.145728643216081,0.014567667387887272
146,2.8,9.34673366834171,0.012644827428831829
147,2.8,9.547738693467338,0.010975913702070895
148,2.8,9.748743718592966,0.009635908035855819
149,2.8,9.949748743718594,0.0081309246888785
150,2.8,10.150753768844222,0.007482947610093826
151,2.8,10.35175879396985,0.005803644876586935
152,2.8,10.552763819095478,0.0065143029120485136
153,2.8,10.753768844221106,0.004996846779014706
154,2.8,10.954773869346734,0.01562482927788066
155,2.8,11.155778894472363,0.009811583175419691
156,2.8,11.35678391959799,0.05477085662683619
157,2.8,11.557788944723619,0.04354155298638768
158,2.8,11.758793969849247,0.1036339139494616
159,2.8,11.959798994974875,0.14684332462479777
160,2.8,12.160804020100507,0.14517766480534444
161,2.8,12.361809045226131,0.22873812380975378
162,2.8,12.562814070351763,0.2688594438371679
163,2.8,12.763819095477388,0.2569083340897377
164,2.8,12.96482412060302,0.310408329521018
165,2.8,13.165829145728644,0.3632647117416788
166,2.8,13.366834170854275,0.34947365146902215
167,2.8,13.5678391959799,0.3409523815062312
168,2.8,13.768844221105532,0.37455591519010106
169,2.8,13.969849246231156,0.3958087568503634
170,2.8,14.170854271356788,0.3766880028098608
171,2.8,14.371859296482413,0.35190511447487965
172,2.8,14.572864321608044,0.3503951884897601
173,2.8,14.773869346733669,0.35985964818312516
174,2.8,14.9748743718593,0.35560199325865716
175,2.8,15.175879396984925,0.3317721579183254
176,2.8,15.376884422110557,0.3022464897223905
177,2.8,15.577889447236181,0.2842200257425457
178,2.8,15.778894472361813,0.28241802939116684
179,2.8,15.979899497487438,0.2841524993916962
180,2.8,16.18090452261307,0.27075665961501005
181,2.8,16.381909547738694,0.23826742016058963
182,2.8,16.582914572864325,0.20608179855985104
183,2.8,16.78391959798995,0.19278595670761356
184,2.8,16.98492462311558,0.1972532640599977
185,2.8,17.185929648241206,0.21150305337825895
186,2.8,17.386934673366838,0.18851886019144562
187,2.8,17.587939698492463,0.12934747671122376
188,2.8,17.788944723618094,0.1297037647442102
189,2.8,17.98994974874372,0.17588517803987305
190,2.8,18.19095477386935,0.14966263448185255
191,2.8,18.391959798994975,0.06611274783562715
192,2.8,18.592964824120607,0.08805155165736386
193,2.8,18.79396984924623,0.18241812506765748
194,2.8,18.994974874371863,0.2072270413836272
195,2.8,19.195979899497488,0.11267086490198998
196,2.8,19.39698492462312,0.011391300931856165
197,2.8,19.597989949748744,0.025347066334154907
198,2.8,19.798994974874375,0.14404336750794833
199,2.8,20.0,0.2700504603176432
