,t,height,fid
0,2.6499999999999995,-20.0,0.056044173294347556
1,2.6499999999999995,-19.798994974874372,0.01212407834293115
2,2.6499999999999995,-19.597989949748744,0.0623900224302419
3,2.6499999999999995,-19.396984924623116,0.1710556819922469
4,2.6499999999999995,-19.195979899497488,0.21352368736790725
5,2.6499999999999995,-18.99497487437186,0.13536521515838623
6,2.6499999999999995,-18.79396984924623,0.09316954502409285
7,2.6499999999999995,-18.592964824120603,0.11931239041785216
8,2.6499999999999995,-18.391959798994975,0.1504792308326117
9,2.6499999999999995,-18.190954773869347,0.16656781127148282
10,2.6499999999999995,-17.98994974874372,0.1866451872882634
11,2.6499999999999995,-17.78894472361809,0.2043745686714592
12,2.6499999999999995,-17.587939698492463,0.1966557177761625
13,2.6499999999999995,-17.386934673366834,0.19470249833205996
14,2.6499999999999995,-17.185929648241206,0.21739267655673342
15,2.6499999999999995,-16.984924623115578,0.2484425388671619
16,2.6499999999999995,-16.78391959798995,0.2653765870953225
17,2.6499999999999995,-16.582914572864322,0.2640345541788909
18,2.6499999999999995,-16.381909547738694,0.2634776864992327
19,2.6499999999999995,-16.180904522613066,0.2833217400836439
20,2.6499999999999995,-15.979899497487438,0.3171787396255047
21,2.6499999999999995,-15.77889447236181,0.33726220936932705
22,2.6499999999999995,-15.577889447236181,0.3294147448530165
23,2.6499999999999995,-15.376884422110553,0.3163358147978685
24,2.6499999999999995,-15.175879396984925,0.331832247302703
25,2.6499999999999995,-14.974874371859297,0.37046866191626904
26,2.6499999999999995,-14.773869346733669,0.38486959047206454
27,2.6499999999999995,-14.57286432160804,0.3528513088529277
28,2.6499999999999995,-14.371859296482413,0.3234028250700384
29,2.6499999999999995,-14.170854271356784,0.3469369603668893
30,2.6499999999999995,-13.969849246231156,0.37736749284637106
31,2.6499999999999995,-13.768844221105528,0.33562097869998686
32,2.6499999999999995,-13.5678391959799,0.26824278657609624
33,2.6499999999999995,-13.366834170854272,0.278351623003098
34,2.6499999999999995,-13.165829145728644,0.2974948287249889
35,2.6499999999999995,-12.964824120603016,0.21416560769848686
36,2.6499999999999995,-12.763819095477388,0.15102671966210957
37,2.6499999999999995,-12.56281407035176,0.18672618888959075
38,2.6499999999999995,-12.361809045226131,0.12357485970756076
39,2.6499999999999995,-12.160804020100503,0.051424710046337356
40,2.6499999999999995,-11.959798994974873,0.0875686321746899
41,2.6499999999999995,-11.758793969849245,0.024546437736723752
42,2.6499999999999995,-11.557788944723617,0.01809765092527354
43,2.6499999999999995,-11.356783919597989,0.02029930550320885
44,2.6499999999999995,-11.15577889447236,0.0010536184900087392
45,2.6499999999999995,-10.954773869346733,0.009784295899360439
46,2.6499999999999995,-10.753768844221105,0.0034265740525676346
47,2.6499999999999995,-10.552763819095476,0.0061122172634997
48,2.6499999999999995,-10.351758793969848,0.0055111296325284055
49,2.6499999999999995,-10.15075376884422,0.006608218874944623
50,2.6499999999999995,-9.949748743718592,0.007503155331948695
51,2.6499999999999995,-9.748743718592964,0.008851802262576956
52,2.6499999999999995,-9.547738693467336,0.010472916853233543
53,2.6499999999999995,-9.346733668341708,0.012446951214505073
54,2.6499999999999995,-9.14572864321608,0.014801501444618361
55,2.6499999999999995,-8.944723618090451,0.01759404487732609
56,2.6499999999999995,-8.743718592964823,0.020897058290072566
57,2.6499999999999995,-8.542713567839195,0.024804389955145924
58,2.6499999999999995,-8.341708542713567,0.029436972534468777
59,2.6499999999999995,-8.140703517587939,0.03494638426461228
60,2.6499999999999995,-7.939698492462311,0.04152393844006593
61,2.6499999999999995,-7.738693467336683,0.04941234259588947
62,2.6499999999999995,-7.537688442211055,0.0589204166892576
63,2.6499999999999995,-7.3366834170854265,0.07044528814267753
64,2.6499999999999995,-7.135678391959798,0.08450211097157606
65,2.6499999999999995,-6.93467336683417,0.10176724338850053
66,2.6499999999999995,-6.733668341708542,0.12313410378202251
67,2.6499999999999995,-6.532663316582914,0.14980042254600115
68,2.6499999999999995,-6.331658291457286,0.18337225654790243
69,2.6499999999999995,-6.130653266331658,0.22602787772727903
70,2.6499999999999995,-5.92964824120603,0.28063644571456214
71,2.6499999999999995,-5.7286432160804015,0.350710048165378
72,2.6499999999999995,-5.527638190954773,0.43954603965031264
73,2.6499999999999995,-5.326633165829145,0.54757218576522
74,2.6499999999999995,-5.125628140703517,0.6680695319283386
75,2.6499999999999995,-4.924623115577889,0.7853316961605415
76,2.6499999999999995,-4.723618090452261,0.8800934571657949
77,2.6499999999999995,-4.522613065326633,0.9395332963557981
78,2.6499999999999995,-4.321608040201005,0.962877269666788
79,2.6499999999999995,-4.1206030150753765,0.958644119726699
80,2.6499999999999995,-3.9195979899497466,0.9381623991128069
81,2.6499999999999995,-3.7185929648241185,0.9108558517491107
82,2.6499999999999995,-3.5175879396984904,0.8827781774844691
83,2.6499999999999995,-3.3165829145728623,0.8570693324518933
84,2.6499999999999995,-3.115577889447234,0.8349877630209752
85,2.6499999999999995,-2.914572864321606,0.8167547114491279
86,2.6499999999999995,-2.713567839195978,0.8020945164614468
87,2.6499999999999995,-2.5125628140703498,0.7905431363815187
88,2.6499999999999995,-2.3115577889447216,0.7815971025259073
89,2.6499999999999995,-2.1105527638190935,0.7747846655726793
90,2.6499999999999995,-1.9095477386934654,0.7696852898872552
91,2.6499999999999995,-1.7085427135678373,0.7659459270204316
92,2.6499999999999995,-1.5075376884422091,0.7632716301325791
93,2.6499999999999995,-1.306532663316581,0.7614244687729065
94,2.6499999999999995,-1.105527638190953,0.7602112553464198
95,2.6499999999999995,-0.9045226130653248,0.7594801280687736
96,2.6499999999999995,-0.7035175879396967,0.7591139665415277
97,2.6499999999999995,-0.5025125628140685,0.7590250908028435
98,2.6499999999999995,-0.3015075376884404,0.7591499886760357
99,2.6499999999999995,-0.10050251256281229,0.7594482839156109
100,2.6499999999999995,0.10050251256281584,0.7598976899575551
101,2.6499999999999995,0.30150753768844396,0.7604957656028619
102,2.6499999999999995,0.5025125628140721,0.7612578552292864
103,2.6499999999999995,0.7035175879397002,0.7622189005898765
104,2.6499999999999995,0.9045226130653283,0.7634366145453853
105,2.6499999999999995,1.1055276381909565,0.7649925064043557
106,2.6499999999999995,1.3065326633165846,0.7669989957748153
107,2.6499999999999995,1.5075376884422127,0.7696000695683708
108,2.6499999999999995,1.7085427135678408,0.7729846410237314
109,2.6499999999999995,1.909547738693469,0.777389146143027
110,2.6499999999999995,2.110552763819097,0.7831052587007713
111,2.6499999999999995,2.311557788944725,0.7904934905535468
112,2.6499999999999995,2.5125628140703533,0.7999787571177432
113,2.6499999999999995,2.7135678391959814,0.8120544802931674
114,2.6499999999999995,2.9145728643216096,0.8272575896830848
115,2.6499999999999995,3.1155778894472377,0.846109390514572
116,2.6499999999999995,3.316582914572866,0.8689676358425502
117,2.6499999999999995,3.517587939698494,0.8957265467076426
118,2.6499999999999995,3.718592964824122,0.9252634352050406
119,2.6499999999999995,3.91959798994975,0.9545137948306956
120,2.6499999999999995,4.120603015075378,0.977339694133234
121,2.6499999999999995,4.321608040201006,0.9838591311208974
122,2.6499999999999995,4.5226130653266345,0.9618342738989593
123,2.6499999999999995,4.723618090452263,0.9016792785532804
124,2.6499999999999995,4.924623115577891,0.8037086232686198
125,2.6499999999999995,5.125628140703519,0.6815657097435697
126,2.6499999999999995,5.326633165829147,0.5562089479663114
127,2.6499999999999995,5.527638190954775,0.44466154625415355
128,2.6499999999999995,5.728643216080403,0.35385726149660784
129,2.6499999999999995,5.929648241206031,0.2829080700526387
130,2.6499999999999995,6.1306532663316595,0.22799913009955217
131,2.6499999999999995,6.331658291457288,0.1852921492626529
132,2.6499999999999995,6.532663316582916,0.15175363265444375
133,2.6499999999999995,6.733668341708544,0.12513623473684768
134,2.6499999999999995,6.934673366834172,0.1038046271013205
135,2.6499999999999995,7.1356783919598,0.08655554847568928
136,2.6499999999999995,7.336683417085428,0.0724967074508533
137,2.6499999999999995,7.537688442211056,0.060956797992025503
138,2.6499999999999995,7.7386934673366845,0.05142499814050165
139,2.6499999999999995,7.939698492462313,0.04350832884879261
140,2.6499999999999995,8.14070351758794,0.03690080030213453
141,2.6499999999999995,8.341708542713569,0.03136092903978274
142,2.6499999999999995,8.542713567839197,0.0266988813231357
143,2.6499999999999995,8.743718592964825,0.022760169455969842
144,2.6499999999999995,8.944723618090453,0.019424000819974897
145,2.6499999999999995,9.145728643216081,0.016590910663387096
146,2.6499999999999995,9.34673366834171,0.014183320116706052
147,2.6499999999999995,9.547738693467338,0.012135486780927185
148,2.6499999999999995,9.748743718592966,0.01041122763427678
149,2.6499999999999995,9.949748743718594,0.008908592527713179
150,2.6499999999999995,10.150753768844222,0.007836161490508807
151,2.6499999999999995,10.35175879396985,0.006399453283582318
152,2.6499999999999995,10.552763819095478,0.006808311170748934
153,2.6499999999999995,10.753768844221106,0.00349368612948627
154,2.6499999999999995,10.954773869346734,0.00976907335320031
155,2.6499999999999995,11.155778894472363,0.0005141936938230997
156,2.6499999999999995,11.35678391959799,0.020236168069715184
157,2.6499999999999995,11.557788944723619,0.017652819675734146
158,2.6499999999999995,11.758793969849247,0.02842497063432597
159,2.6499999999999995,11.959798994974875,0.0864520470159386
160,2.6499999999999995,12.160804020100507,0.06234602540651325
161,2.6499999999999995,12.361809045226131,0.12773169498272002
162,2.6499999999999995,12.562814070351763,0.1930527564373383
163,2.6499999999999995,12.763819095477388,0.16774417408111936
164,2.6499999999999995,12.96482412060302,0.2220661283848384
165,2.6499999999999995,13.165829145728644,0.30426256580322697
166,2.6499999999999995,13.366834170854275,0.29387053893828635
167,2.6499999999999995,13.5678391959799,0.282049480598219
168,2.6499999999999995,13.768844221105532,0.3405587563765837
169,2.6499999999999995,13.969849246231156,0.38367922713819413
170,2.6499999999999995,14.170854271356788,0.3604371380385075
171,2.6499999999999995,14.371859296482413,0.3351967923868318
172,2.6499999999999995,14.572864321608044,0.3561012830235286
173,2.6499999999999995,14.773869346733669,0.3858716877548064
174,2.6499999999999995,14.9748743718593,0.3778610163350207
175,2.6499999999999995,15.175879396984925,0.3434610094116495
176,2.6499999999999995,15.376884422110557,0.32292934473300106
177,2.6499999999999995,15.577889447236181,0.327838391089176
178,2.6499999999999995,15.778894472361813,0.33475391507129604
179,2.6499999999999995,15.979899497487438,0.32192332820535147
180,2.6499999999999995,16.18090452261307,0.2940490589173768
181,2.6499999999999995,16.381909547738694,0.27079342388838396
182,2.6499999999999995,16.582914572864325,0.2615816866984765
183,2.6499999999999995,16.78391959798995,0.2576745157073256
184,2.6499999999999995,16.98492462311558,0.24635693536337785
185,2.6499999999999995,17.185929648241206,0.22593363703824648
186,2.6499999999999995,17.386934673366838,0.20654780064178985
187,2.6499999999999995,17.587939698492463,0.20059035788490848
188,2.6499999999999995,17.788944723618094,0.19646968953416405
189,2.6499999999999995,17.98994974874372,0.17378351051112723
190,2.6499999999999995,18.19095477386935,0.16270286654299562
191,2.6499999999999995,18.391959798994975,0.1648683037708486
192,2.6499999999999995,18.592964824120607,0.13338850067605976
193,2.6499999999999995,18.79396984924623,0.0904620676361391
194,2.6499999999999995,18.994974874371863,0.1244015433374712
195,2.6499999999999995,19.195979899497488,0.2054600108705874
196,2.6499999999999995,19.39698492462312,0.17994811560632007
197,2.6499999999999995,19.597989949748744,0.07267754607979615
198,2.6499999999999995,19.798994974874375,0.012199081596084715
199,2.6499999999999995,20.0,0.05857960956697249
