,t,height,fid
0,2.1499999999999995,-20.0,0.22145981716953214
1,2.1499999999999995,-19.798994974874372,0.22125389030232562
2,2.1499999999999995,-19.597989949748744,0.22242835213373494
3,2.1499999999999995,-19.396984924623116,0.23057651084654068
4,2.1499999999999995,-19.195979899497488,0.24788404604142433
5,2.1499999999999995,-18.99497487437186,0.2709591111941854
6,2.1499999999999995,-18.79396984924623,0.29126073589255097
7,2.1499999999999995,-18.592964824120603,0.3004956741247587
8,2.1499999999999995,-18.391959798994975,0.29726653194834635
9,2.1499999999999995,-18.190954773869347,0.28791623467659905
10,2.1499999999999995,-17.98994974874372,0.2833116451691304
11,2.1499999999999995,-17.78894472361809,0.29457893156588527
12,2.1499999999999995,-17.587939698492463,0.32243317070896127
13,2.1499999999999995,-17.386934673366834,0.3487414681830693
14,2.1499999999999995,-17.185929648241206,0.351918777243434
15,2.1499999999999995,-16.984924623115578,0.3314513535247401
16,2.1499999999999995,-16.78391959798995,0.3044063974250393
17,2.1499999999999995,-16.582914572864322,0.2883499959906379
18,2.1499999999999995,-16.381909547738694,0.3002171967587925
19,2.1499999999999995,-16.180904522613066,0.33855341237365305
20,2.1499999999999995,-15.979899497487438,0.3515703259386958
21,2.1499999999999995,-15.77889447236181,0.28985417530842367
22,2.1499999999999995,-15.577889447236181,0.21060211629843395
23,2.1499999999999995,-15.376884422110553,0.21864562221332082
24,2.1499999999999995,-15.175879396984925,0.2792998538888077
25,2.1499999999999995,-14.974874371859297,0.2537489558908692
26,2.1499999999999995,-14.773869346733669,0.1481280970649123
27,2.1499999999999995,-14.57286432160804,0.10841311127448149
28,2.1499999999999995,-14.371859296482413,0.14608313107623044
29,2.1499999999999995,-14.170854271356784,0.13166405576730875
30,2.1499999999999995,-13.969849246231156,0.05823462177389173
31,2.1499999999999995,-13.768844221105528,0.03208672169963753
32,2.1499999999999995,-13.5678391959799,0.04803319838509711
33,2.1499999999999995,-13.366834170854272,0.030911368762696897
34,2.1499999999999995,-13.165829145728644,0.0032052151920475493
35,2.1499999999999995,-12.964824120603016,0.007479179971589967
36,2.1499999999999995,-12.763819095477388,0.010398049287770049
37,2.1499999999999995,-12.56281407035176,0.0019635452550625797
38,2.1499999999999995,-12.361809045226131,0.003972526585840339
39,2.1499999999999995,-12.160804020100503,0.005744875054547854
40,2.1499999999999995,-11.959798994974873,0.004896749475150082
41,2.1499999999999995,-11.758793969849245,0.0062786232982685415
42,2.1499999999999995,-11.557788944723617,0.007136727902031124
43,2.1499999999999995,-11.356783919597989,0.008119949593558102
44,2.1499999999999995,-11.15577889447236,0.009347906652567085
45,2.1499999999999995,-10.954773869346733,0.010678646897833035
46,2.1499999999999995,-10.753768844221105,0.01220423649974069
47,2.1499999999999995,-10.552763819095476,0.013929346909331737
48,2.1499999999999995,-10.351758793969848,0.015886442614473972
49,2.1499999999999995,-10.15075376884422,0.01811087934741608
50,2.1499999999999995,-9.949748743718592,0.020642164844327647
51,2.1499999999999995,-9.748743718592964,0.0235292964143692
52,2.1499999999999995,-9.547738693467336,0.02683102319834454
53,2.1499999999999995,-9.346733668341708,0.030613510850767918
54,2.1499999999999995,-9.14572864321608,0.03496248848598149
55,2.1499999999999995,-8.944723618090451,0.03997470260756061
56,2.1499999999999995,-8.743718592964823,0.04577034334207976
57,2.1499999999999995,-8.542713567839195,0.05249331323026823
58,2.1499999999999995,-8.341708542713567,0.06031656054776276
59,2.1499999999999995,-8.140703517587939,0.06945202830687626
60,2.1499999999999995,-7.939698492462311,0.0801500741379363
61,2.1499999999999995,-7.738693467336683,0.0927208617456901
62,2.1499999999999995,-7.537688442211055,0.10752399978926543
63,2.1499999999999995,-7.3366834170854265,0.12499558985823708
64,2.1499999999999995,-7.135678391959798,0.1456570343550669
65,2.1499999999999995,-6.93467336683417,0.17013300245539392
66,2.1499999999999995,-6.733668341708542,0.19917410525576307
67,2.1499999999999995,-6.532663316582914,0.23370591025450105
68,2.1499999999999995,-6.331658291457286,0.2748235389747564
69,2.1499999999999995,-6.130653266331658,0.32377177051139105
70,2.1499999999999995,-5.92964824120603,0.3817806290662027
71,2.1499999999999995,-5.7286432160804015,0.44964529025387845
72,2.1499999999999995,-5.527638190954773,0.5269397212727666
73,2.1499999999999995,-5.326633165829145,0.6110412169788944
74,2.1499999999999995,-5.125628140703517,0.6965652473777425
75,2.1499999999999995,-4.924623115577889,0.7760548326790115
76,2.1499999999999995,-4.723618090452261,0.8420647951599283
77,2.1499999999999995,-4.522613065326633,0.8895943578665381
78,2.1499999999999995,-4.321608040201005,0.9174270607278804
79,2.1499999999999995,-4.1206030150753765,0.9278001576301013
80,2.1499999999999995,-3.9195979899497466,0.924913180635486
81,2.1499999999999995,-3.7185929648241185,0.9133554235811571
82,2.1499999999999995,-3.5175879396984904,0.8970693955133257
83,2.1499999999999995,-3.3165829145728623,0.878952978526139
84,2.1499999999999995,-3.115577889447234,0.8608812273646481
85,2.1499999999999995,-2.914572864321606,0.8439472093340739
86,2.1499999999999995,-2.713567839195978,0.828692260438058
87,2.1499999999999995,-2.5125628140703498,0.8153129384706448
88,2.1499999999999995,-2.3115577889447216,0.8038037285359783
89,2.1499999999999995,-2.1105527638190935,0.7940531232812227
90,2.1499999999999995,-1.9095477386934654,0.7859005596770143
91,2.1499999999999995,-1.7085427135678373,0.7791718562529074
92,2.1499999999999995,-1.5075376884422091,0.7736913539192418
93,2.1499999999999995,-1.306532663316581,0.7693022310411666
94,2.1499999999999995,-1.105527638190953,0.7658643205312597
95,2.1499999999999995,-0.9045226130653248,0.7632570858471068
96,2.1499999999999995,-0.7035175879396967,0.7613840574589251
97,2.1499999999999995,-0.5025125628140685,0.760165843081644
98,2.1499999999999995,-0.3015075376884404,0.7595448885418106
99,2.1499999999999995,-0.10050251256281229,0.7594828615357734
100,2.1499999999999995,0.10050251256281584,0.7599604147909093
101,2.1499999999999995,0.30150753768844396,0.7609770094769136
102,2.1499999999999995,0.5025125628140721,0.7625517871235586
103,2.1499999999999995,0.7035175879397002,0.76472246126258
104,2.1499999999999995,0.9045226130653283,0.7675481496955255
105,2.1499999999999995,1.1055276381909565,0.7711057889448723
106,2.1499999999999995,1.3065326633165846,0.7754971069089259
107,2.1499999999999995,1.5075376884422127,0.7808426226415152
108,2.1499999999999995,1.7085427135678408,0.7872907802880537
109,2.1499999999999995,1.909547738693469,0.7950050895422301
110,2.1499999999999995,2.110552763819097,0.8041673321669426
111,2.1499999999999995,2.311557788944725,0.814965941056635
112,2.1499999999999995,2.5125628140703533,0.8275764855340815
113,2.1499999999999995,2.7135678391959814,0.842129386960016
114,2.1499999999999995,2.9145728643216096,0.8586457252355395
115,2.1499999999999995,3.1155778894472377,0.8769442539973947
116,2.1499999999999995,3.316582914572866,0.8964801941850731
117,2.1499999999999995,3.517587939698494,0.916138773699463
118,2.1499999999999995,3.718592964824122,0.9339465560664983
119,2.1499999999999995,3.91959798994975,0.9468233342086526
120,2.1499999999999995,4.120603015075378,0.9505285256985064
121,2.1499999999999995,4.321608040201006,0.9400676108596356
122,2.1499999999999995,4.5226130653266345,0.9108303440046008
123,2.1499999999999995,4.723618090452263,0.860374352589584
124,2.1499999999999995,4.924623115577891,0.7900878396820714
125,2.1499999999999995,5.125628140703519,0.7056113417030676
126,2.1499999999999995,5.326633165829147,0.6152523395852347
127,2.1499999999999995,5.527638190954775,0.5272132131209909
128,2.1499999999999995,5.728643216080403,0.4472386670520696
129,2.1499999999999995,5.929648241206031,0.37792280959001834
130,2.1499999999999995,6.1306532663316595,0.3194421205261071
131,2.1499999999999995,6.331658291457288,0.27070115257556526
132,2.1499999999999995,6.532663316582916,0.23020387046631022
133,2.1499999999999995,6.733668341708544,0.1965034043704766
134,2.1499999999999995,6.934673366834172,0.16835118245236733
135,2.1499999999999995,7.1356783919598,0.1447250812266981
136,2.1499999999999995,7.336683417085428,0.1248083558843719
137,2.1499999999999995,7.537688442211056,0.10794638976772324
138,2.1499999999999995,7.7386934673366845,0.09361224174881512
139,2.1499999999999995,7.939698492462313,0.08138031532308639
140,2.1499999999999995,8.14070351758794,0.07090905345608538
141,2.1499999999999995,8.341708542713569,0.06191237130085057
142,2.1499999999999995,8.542713567839197,0.05416161458331587
143,2.1499999999999995,8.743718592964825,0.04746237847721113
144,2.1499999999999995,8.944723618090453,0.04165821731319354
145,2.1499999999999995,9.145728643216081,0.03661480123522149
146,2.1499999999999995,9.34673366834171,0.032222934489450544
147,2.1499999999999995,9.547738693467338,0.02838941951899615
148,2.1499999999999995,9.748743718592966,0.0250358606297651
149,2.1499999999999995,9.949748743718594,0.02209583599508213
150,2.1499999999999995,10.150753768844222,0.019514510043597697
151,2.1499999999999995,10.35175879396985,0.017242888104842802
152,2.1499999999999995,10.552763819095478,0.015241041709506763
153,2.1499999999999995,10.753768844221106,0.013475312084774382
154,2.1499999999999995,10.954773869346734,0.011910345421335388
155,2.1499999999999995,11.155778894472363,0.01054505851032783
156,2.1499999999999995,11.35678391959799,0.009281951003386388
157,2.1499999999999995,11.557788944723619,0.00824476440181686
158,2.1499999999999995,11.758793969849247,0.007421757262042987
159,2.1499999999999995,11.959798994974875,0.00581915303337512
160,2.1499999999999995,12.160804020100507,0.006871664461510492
161,2.1499999999999995,12.361809045226131,0.0050001755602385
162,2.1499999999999995,12.562814070351763,0.0023856441630544546
163,2.1499999999999995,12.763819095477388,0.012461472319314212
164,2.1499999999999995,12.96482412060302,0.008115908370936403
165,2.1499999999999995,13.165829145728644,0.0042640969238754
166,2.1499999999999995,13.366834170854275,0.036339514841230026
167,2.1499999999999995,13.5678391959799,0.04955824442493524
168,2.1499999999999995,13.768844221105532,0.03497595412073974
169,2.1499999999999995,13.969849246231156,0.07060300200972243
170,2.1499999999999995,14.170854271356788,0.13776129372634044
171,2.1499999999999995,14.371859296482413,0.14597205970445928
172,2.1499999999999995,14.572864321608044,0.12327289083393181
173,2.1499999999999995,14.773869346733669,0.16756925766915257
174,2.1499999999999995,14.9748743718593,0.25456322303033807
175,2.1499999999999995,15.175879396984925,0.2779512567784389
176,2.1499999999999995,15.376884422110557,0.23818391031014288
177,2.1499999999999995,15.577889447236181,0.23338485919379684
178,2.1499999999999995,15.778894472361813,0.29298785856373655
179,2.1499999999999995,15.979899497487438,0.34791506938815764
180,2.1499999999999995,16.18090452261307,0.3485438555714085
181,2.1499999999999995,16.381909547738694,0.3188113280510399
182,2.1499999999999995,16.582914572864325,0.30124411875857743
183,2.1499999999999995,16.78391959798995,0.30983679786391516
184,2.1499999999999995,16.98492462311558,0.3341708039707161
185,2.1499999999999995,17.185929648241206,0.3543658520012072
186,2.1499999999999995,17.386934673366838,0.3534636483337153
187,2.1499999999999995,17.587939698492463,0.33143800449969363
188,2.1499999999999995,17.788944723618094,0.3050495254296262
189,2.1499999999999995,17.98994974874372,0.2902946568526321
190,2.1499999999999995,18.19095477386935,0.289886928028576
191,2.1499999999999995,18.391959798994975,0.2962629678037664
192,2.1499999999999995,18.592964824120607,0.2995013124852987
193,2.1499999999999995,18.79396984924623,0.2928940977214278
194,2.1499999999999995,18.994974874371863,0.2762778392527176
195,2.1499999999999995,19.195979899497488,0.25539782147542944
196,2.1499999999999995,19.39698492462312,0.23723797293498344
197,2.1499999999999995,19.597989949748744,0.22568572005184723
198,2.1499999999999995,19.798994974874375,0.2203133038551503
199,2.1499999999999995,20.0,0.2175959587742282
