,t,height,fid
0,2.7499999999999996,-20.0,0.20579548744369222
1,2.7499999999999996,-19.798994974874372,0.07685346255717097
2,2.7499999999999996,-19.597989949748744,0.007531886753707737
3,2.7499999999999996,-19.396984924623116,0.057951175448521026
4,2.7499999999999996,-19.195979899497488,0.17548257486021804
5,2.7499999999999996,-18.99497487437186,0.18993674560919932
6,2.7499999999999996,-18.79396984924623,0.10763161946156621
7,2.7499999999999996,-18.592964824120603,0.060862151323682764
8,2.7499999999999996,-18.391959798994975,0.11726351906198558
9,2.7499999999999996,-18.190954773869347,0.20105068352975297
10,2.7499999999999996,-17.98994974874372,0.17133269996603293
11,2.7499999999999996,-17.78894472361809,0.12225964609392716
12,2.7499999999999996,-17.587939698492463,0.1394846173306913
13,2.7499999999999996,-17.386934673366834,0.19159227058534065
14,2.7499999999999996,-17.185929648241206,0.22720824321477687
15,2.7499999999999996,-16.984924623115578,0.23373145886564756
16,2.7499999999999996,-16.78391959798995,0.21460582135014852
17,2.7499999999999996,-16.582914572864322,0.2052244482198042
18,2.7499999999999996,-16.381909547738694,0.2346552171345327
19,2.7499999999999996,-16.180904522613066,0.28426791844198185
20,2.7499999999999996,-15.979899497487438,0.3124194193049118
21,2.7499999999999996,-15.77889447236181,0.30326238521301446
22,2.7499999999999996,-15.577889447236181,0.2849328031152325
23,2.7499999999999996,-15.376884422110553,0.2961874236725251
24,2.7499999999999996,-15.175879396984925,0.33892899183594277
25,2.7499999999999996,-14.974874371859297,0.37331832406955867
26,2.7499999999999996,-14.773869346733669,0.3663215459024172
27,2.7499999999999996,-14.57286432160804,0.337943273459977
28,2.7499999999999996,-14.371859296482413,0.33927012941972884
29,2.7499999999999996,-14.170854271356784,0.3769431636434234
30,2.7499999999999996,-13.969849246231156,0.3915914194987457
31,2.7499999999999996,-13.768844221105528,0.3490158731608664
32,2.7499999999999996,-13.5678391959799,0.311717054738837
33,2.7499999999999996,-13.366834170854272,0.332935638339202
34,2.7499999999999996,-13.165829145728644,0.3362738213795614
35,2.7499999999999996,-12.964824120603016,0.26367420295823096
36,2.7499999999999996,-12.763819095477388,0.22206236158064602
37,2.7499999999999996,-12.56281407035176,0.23782398113423167
38,2.7499999999999996,-12.361809045226131,0.1760098274325231
39,2.7499999999999996,-12.160804020100503,0.1107416462437528
40,2.7499999999999996,-11.959798994974873,0.11746121029251523
41,2.7499999999999996,-11.758793969849245,0.06276331861185318
42,2.7499999999999996,-11.557788944723617,0.032109546453916386
43,2.7499999999999996,-11.356783919597989,0.031279140970160525
44,2.7499999999999996,-11.15577889447236,0.004408295853374818
45,2.7499999999999996,-10.954773869346733,0.008291582087901555
46,2.7499999999999996,-10.753768844221105,0.0028184550037452525
47,2.7499999999999996,-10.552763819095476,0.004439879735134113
48,2.7499999999999996,-10.351758793969848,0.005089805920404552
49,2.7499999999999996,-10.15075376884422,0.006872345791414858
50,2.7499999999999996,-9.949748743718592,0.008339195200447127
51,2.7499999999999996,-9.748743718592964,0.010242349943188993
52,2.7499999999999996,-9.547738693467336,0.012157498330981516
53,2.7499999999999996,-9.346733668341708,0.014314100218302588
54,2.7499999999999996,-9.14572864321608,0.01670990253045101
55,2.7499999999999996,-8.944723618090451,0.019433268634039266
56,2.7499999999999996,-8.743718592964823,0.022570440107151552
57,2.7499999999999996,-8.542713567839195,0.026228225543150647
58,2.7499999999999996,-8.341708542713567,0.03053060944069262
59,2.7499999999999996,-8.140703517587939,0.03563182820974806
60,2.7499999999999996,-7.939698492462311,0.041715738577878164
61,2.7499999999999996,-7.738693467336683,0.049013048258878276
62,2.7499999999999996,-7.537688442211055,0.05781744088324699
63,2.7499999999999996,-7.3366834170854265,0.06850060142935836
64,2.7499999999999996,-7.135678391959798,0.08154580985745809
65,2.7499999999999996,-6.93467336683417,0.09759155307533449
66,2.7499999999999996,-6.733668341708542,0.11748351583099494
67,2.7499999999999996,-6.532663316582914,0.14237046905591144
68,2.7499999999999996,-6.331658291457286,0.1738213217293081
69,2.7499999999999996,-6.130653266331658,0.21400440138696233
70,2.7499999999999996,-5.92964824120603,0.2658896706885935
71,2.7499999999999996,-5.7286432160804015,0.3333163287625414
72,2.7499999999999996,-5.527638190954773,0.42031766774270796
73,2.7499999999999996,-5.326633165829145,0.5283589935394328
74,2.7499999999999996,-5.125628140703517,0.6511335801535011
75,2.7499999999999996,-4.924623115577889,0.7716377523906884
76,2.7499999999999996,-4.723618090452261,0.8682598485880547
77,2.7499999999999996,-4.522613065326633,0.926989882195129
78,2.7499999999999996,-4.321608040201005,0.9478935342154214
79,2.7499999999999996,-4.1206030150753765,0.9412032051796333
80,2.7499999999999996,-3.9195979899497466,0.9194333084317959
81,2.7499999999999996,-3.7185929648241185,0.8923012586020772
82,2.7499999999999996,-3.5175879396984904,0.8655680568138703
83,2.7499999999999996,-3.3165829145728623,0.8419181839153176
84,2.7499999999999996,-3.115577889447234,0.8222079730677677
85,2.7499999999999996,-2.914572864321606,0.8063729154554842
86,2.7499999999999996,-2.713567839195978,0.7939628599021913
87,2.7499999999999996,-2.5125628140703498,0.7844201166777747
88,2.7499999999999996,-2.3115577889447216,0.7772008296664448
89,2.7499999999999996,-2.1105527638190935,0.7718206441013763
90,2.7499999999999996,-1.9095477386934654,0.7678721988599827
91,2.7499999999999996,-1.7085427135678373,0.7650225770090878
92,2.7499999999999996,-1.5075376884422091,0.7630059377170745
93,2.7499999999999996,-1.306532663316581,0.7616106890004832
94,2.7499999999999996,-1.105527638190953,0.7606743733455945
95,2.7499999999999996,-0.9045226130653248,0.7600730444666837
96,2.7499999999999996,-0.7035175879396967,0.7597166222148157
97,2.7499999999999996,-0.5025125628140685,0.759541171973362
98,2.7499999999999996,-0.3015075376884404,0.7595030488863752
99,2.7499999999999996,-0.10050251256281229,0.759577754743376
100,2.7499999999999996,0.10050251256281584,0.7597576224830174
101,2.7499999999999996,0.30150753768844396,0.7600482088514389
102,2.7499999999999996,0.5025125628140721,0.7604714638001204
103,2.7499999999999996,0.7035175879397002,0.7610634964439016
104,2.7499999999999996,0.9045226130653283,0.761881550739617
105,2.7499999999999996,1.1055276381909565,0.7630043515587829
106,2.7499999999999996,1.3065326633165846,0.7645389575848225
107,2.7499999999999996,1.5075376884422127,0.7666275771471204
108,2.7499999999999996,1.7085427135678408,0.7694521003687451
109,2.7499999999999996,1.909547738693469,0.7732480465817312
110,2.7499999999999996,2.110552763819097,0.7783113138252248
111,2.7499999999999996,2.311557788944725,0.7850072950673543
112,2.7499999999999996,2.5125628140703533,0.7937873958149778
113,2.7499999999999996,2.7135678391959814,0.8051826126559889
114,2.7499999999999996,2.9145728643216096,0.8197989352790841
115,2.7499999999999996,3.1155778894472377,0.8382707820690086
116,2.7499999999999996,3.316582914572866,0.8611334820395644
117,2.7499999999999996,3.517587939698494,0.8885442702417545
118,2.7499999999999996,3.718592964824122,0.9197035479874605
119,2.7499999999999996,3.91959798994975,0.9518526036104424
120,2.7499999999999996,4.120603015075378,0.9788328176603913
121,2.7499999999999996,4.321608040201006,0.9899527671441476
122,2.7499999999999996,4.5226130653266345,0.971044737811827
123,2.7499999999999996,4.723618090452263,0.9101409861170704
124,2.7499999999999996,4.924623115577891,0.8066574683555364
125,2.7499999999999996,5.125628140703519,0.6763492323635218
126,2.7499999999999996,5.326633165829147,0.5438909272472175
127,2.7499999999999996,5.527638190954775,0.42849541111773387
128,2.7499999999999996,5.728643216080403,0.3368060225876688
129,2.7499999999999996,5.929648241206031,0.266638255911529
130,2.7499999999999996,6.1306532663316595,0.2132014662478401
131,2.7499999999999996,6.331658291457288,0.17215421598782243
132,2.7499999999999996,6.532663316582916,0.14023860428745585
133,2.7499999999999996,6.733668341708544,0.1151253107502628
134,2.7499999999999996,6.934673366834172,0.0951475332063473
135,2.7499999999999996,7.1356783919598,0.07910061369361895
136,2.7499999999999996,7.336683417085428,0.06610244778413783
137,2.7499999999999996,7.537688442211056,0.055495417021903956
138,2.7499999999999996,7.7386934673366845,0.04678206078770519
139,2.7499999999999996,7.939698492462313,0.039583146862115996
140,2.7499999999999996,8.14070351758794,0.03360452435282685
141,2.7499999999999996,8.341708542713569,0.028614351434848913
142,2.7499999999999996,8.542713567839197,0.024429278542637888
143,2.7499999999999996,8.743718592964825,0.020901662932199496
144,2.7499999999999996,8.944723618090453,0.017912481710069594
145,2.7499999999999996,9.145728643216081,0.015362814260477068
146,2.7499999999999996,9.34673366834171,0.013173439941093617
147,2.7499999999999996,9.547738693467338,0.011264375465135538
148,2.7499999999999996,9.748743718592966,0.009647272018086895
149,2.7499999999999996,9.949748743718594,0.00803545249022743
150,2.7499999999999996,10.150753768844222,0.007093106468694941
151,2.7499999999999996,10.35175879396985,0.005228146039773197
152,2.7499999999999996,10.552763819095478,0.005988944932222526
153,2.7499999999999996,10.753768844221106,0.0026726623438953464
154,2.7499999999999996,10.954773869346734,0.012186602906826443
155,2.7499999999999996,11.155778894472363,0.0033455558171383553
156,2.7499999999999996,11.35678391959799,0.03899247964904234
157,2.7499999999999996,11.557788944723619,0.03219895140459449
158,2.7499999999999996,11.758793969849247,0.07211203476359863
159,2.7499999999999996,11.959798994974875,0.12574119933478334
160,2.7499999999999996,12.160804020100507,0.11588604868825798
161,2.7499999999999996,12.361809045226131,0.1917512780510856
162,2.7499999999999996,12.562814070351763,0.24733026043975948
163,2.7499999999999996,12.763819095477388,0.22970371818244836
164,2.7499999999999996,12.96482412060302,0.2795981425044369
165,2.7499999999999996,13.165829145728644,0.34830515317053407
166,2.7499999999999996,13.366834170854275,0.3380036973667767
167,2.7499999999999996,13.5678391959799,0.32203817625876935
168,2.7499999999999996,13.768844221105532,0.3632191962286406
169,2.7499999999999996,13.969849246231156,0.3984503413978443
170,2.7499999999999996,14.170854271356788,0.37848438872351603
171,2.7499999999999996,14.371859296482413,0.34627170479571856
172,2.7499999999999996,14.572864321608044,0.34995070029219855
173,2.7499999999999996,14.773869346733669,0.37276364141605606
174,2.7499999999999996,14.9748743718593,0.371425119440622
175,2.7499999999999996,15.175879396984925,0.3383632917994169
176,2.7499999999999996,15.376884422110557,0.3042988691690454
177,2.7499999999999996,15.577889447236181,0.29559757398224645
178,2.7499999999999996,15.778894472361813,0.30528019966580683
179,2.7499999999999996,15.979899497487438,0.3053531884366363
180,2.7499999999999996,16.18090452261307,0.27991840709578114
181,2.7499999999999996,16.381909547738694,0.241821202777323
182,2.7499999999999996,16.582914572864325,0.2175820138233095
183,2.7499999999999996,16.78391959798995,0.2180458937664494
184,2.7499999999999996,16.98492462311558,0.22366676395890614
185,2.7499999999999996,17.185929648241206,0.2154733741481208
186,2.7499999999999996,17.386934673366838,0.19462056374696654
187,2.7499999999999996,17.587939698492463,0.15302714865412528
188,2.7499999999999996,17.788944723618094,0.12862020578195188
189,2.7499999999999996,17.98994974874372,0.16720105345916692
190,2.7499999999999996,18.19095477386935,0.1920559187187569
191,2.7499999999999996,18.391959798994975,0.1138880167391919
192,2.7499999999999996,18.592964824120607,0.05966792410247634
193,2.7499999999999996,18.79396984924623,0.1181140084147032
194,2.7499999999999996,18.994974874371863,0.20340498763217782
195,2.7499999999999996,19.195979899497488,0.17922912511496805
196,2.7499999999999996,19.39698492462312,0.05899581963842275
197,2.7499999999999996,19.597989949748744,0.00518806039388948
198,2.7499999999999996,19.798994974874375,0.07807201515259392
199,2.7499999999999996,20.0,0.21142437138337997
