,t,height,fid
0,2.1999999999999997,-20.0,0.19878318362780786
1,2.1999999999999997,-19.798994974874372,0.19371096954215808
2,2.1999999999999997,-19.597989949748744,0.19777605656926447
3,2.1999999999999997,-19.396984924623116,0.21466908068096888
4,2.1999999999999997,-19.195979899497488,0.24115996102750525
5,2.1999999999999997,-18.99497487437186,0.2683568484214323
6,2.1999999999999997,-18.79396984924623,0.28598273145646125
7,2.1999999999999997,-18.592964824120603,0.2880919705486415
8,2.1999999999999997,-18.391959798994975,0.277935955821039
9,2.1999999999999997,-18.190954773869347,0.26777953421429546
10,2.1999999999999997,-17.98994974874372,0.27106105918443735
11,2.1999999999999997,-17.78894472361809,0.29313712709670564
12,2.1999999999999997,-17.587939698492463,0.3267170596209699
13,2.1999999999999997,-17.386934673366834,0.3523214106730332
14,2.1999999999999997,-17.185929648241206,0.3504822282597474
15,2.1999999999999997,-16.984924623115578,0.32365031753896195
16,2.1999999999999997,-16.78391959798995,0.29812308299727414
17,2.1999999999999997,-16.582914572864322,0.29775866928957195
18,2.1999999999999997,-16.381909547738694,0.32547920798169994
19,2.1999999999999997,-16.180904522613066,0.36008875778953575
20,2.1999999999999997,-15.979899497487438,0.3571858809015895
21,2.1999999999999997,-15.77889447236181,0.29515332646372305
22,2.1999999999999997,-15.577889447236181,0.2370985436526564
23,2.1999999999999997,-15.376884422110553,0.25942720973497285
24,2.1999999999999997,-15.175879396984925,0.3079055110717248
25,2.1999999999999997,-14.974874371859297,0.2693580768606539
26,2.1999999999999997,-14.773869346733669,0.17808669555514048
27,2.1999999999999997,-14.57286432160804,0.1528852531889075
28,2.1999999999999997,-14.371859296482413,0.17515021673148665
29,2.1999999999999997,-14.170854271356784,0.150007533685976
30,2.1999999999999997,-13.969849246231156,0.0903441291462718
31,2.1999999999999997,-13.768844221105528,0.05922301283660441
32,2.1999999999999997,-13.5678391959799,0.05644826468347841
33,2.1999999999999997,-13.366834170854272,0.044874354414089296
34,2.1999999999999997,-13.165829145728644,0.01596304662868557
35,2.1999999999999997,-12.964824120603016,0.006500157217189593
36,2.1999999999999997,-12.763819095477388,0.013440413567410568
37,2.1999999999999997,-12.56281407035176,0.004186391567820358
38,2.1999999999999997,-12.361809045226131,0.001837765047550715
39,2.1999999999999997,-12.160804020100503,0.006415857309210844
40,2.1999999999999997,-11.959798994974873,0.004551842177647433
41,2.1999999999999997,-11.758793969849245,0.005982917105413059
42,2.1999999999999997,-11.557788944723617,0.00725401807605957
43,2.1999999999999997,-11.356783919597989,0.008135393974304652
44,2.1999999999999997,-11.15577889447236,0.009521355195295664
45,2.1999999999999997,-10.954773869346733,0.010896907987057258
46,2.1999999999999997,-10.753768844221105,0.012479953498442617
47,2.1999999999999997,-10.552763819095476,0.014249625833243401
48,2.1999999999999997,-10.351758793969848,0.016244138490655778
49,2.1999999999999997,-10.15075376884422,0.018500922450587876
50,2.1999999999999997,-9.949748743718592,0.021060210960840053
51,2.1999999999999997,-9.748743718592964,0.023973342831650885
52,2.1999999999999997,-9.547738693467336,0.027297770025873018
53,2.1999999999999997,-9.346733668341708,0.031100042920209663
54,2.1999999999999997,-9.14572864321608,0.03546387979549336
55,2.1999999999999997,-8.944723618090451,0.04048160256822742
56,2.1999999999999997,-8.743718592964823,0.04626762906257012
57,2.1999999999999997,-8.542713567839195,0.05295542589705649
58,2.1999999999999997,-8.341708542713567,0.06070291748656482
59,2.1999999999999997,-8.140703517587939,0.06970034226295613
60,2.1999999999999997,-7.939698492462311,0.08017025246506719
61,2.1999999999999997,-7.738693467336683,0.09238668231188381
62,2.1999999999999997,-7.537688442211055,0.10666576413937805
63,2.1999999999999997,-7.3366834170854265,0.12340059174442014
64,2.1999999999999997,-7.135678391959798,0.1430679059409768
65,2.1999999999999997,-6.93467336683417,0.16625981044218344
66,2.1999999999999997,-6.733668341708542,0.1937180844394222
67,2.1999999999999997,-6.532663316582914,0.22638213946600577
68,2.1999999999999997,-6.331658291457286,0.2654186843674463
69,2.1999999999999997,-6.130653266331658,0.31220311430463077
70,2.1999999999999997,-5.92964824120603,0.3681940289257269
71,2.1999999999999997,-5.7286432160804015,0.4345102679558561
72,2.1999999999999997,-5.527638190954773,0.5111176591108977
73,2.1999999999999997,-5.326633165829145,0.5956837603567379
74,2.1999999999999997,-5.125628140703517,0.6828044040706206
75,2.1999999999999997,-4.924623115577889,0.7645949040242328
76,2.1999999999999997,-4.723618090452261,0.8329409580969888
77,2.1999999999999997,-4.522613065326633,0.8822762662079754
78,2.1999999999999997,-4.321608040201005,0.9111682217693479
79,2.1999999999999997,-4.1206030150753765,0.9219828931084998
80,2.1999999999999997,-3.9195979899497466,0.919203175413431
81,2.1999999999999997,-3.7185929648241185,0.9076836100261014
82,2.1999999999999997,-3.5175879396984904,0.8915263344164155
83,2.1999999999999997,-3.3165829145728623,0.8736855910134925
84,2.1999999999999997,-3.115577889447234,0.8560304740543467
85,2.1999999999999997,-2.914572864321606,0.8396147388233096
86,2.1999999999999997,-2.713567839195978,0.824933092087912
87,2.1999999999999997,-2.5125628140703498,0.8121429942171745
88,2.1999999999999997,-2.3115577889447216,0.8012076134272196
89,2.1999999999999997,-2.1105527638190935,0.7919931099573494
90,2.1999999999999997,-1.9095477386934654,0.7843239915368675
91,2.1999999999999997,-1.7085427135678373,0.7780174603530321
92,2.1999999999999997,-1.5075376884422091,0.7728939652400727
93,2.1999999999999997,-1.306532663316581,0.7687957535095209
94,2.1999999999999997,-1.105527638190953,0.7655831994158027
95,2.1999999999999997,-0.9045226130653248,0.7631423418871099
96,2.1999999999999997,-0.7035175879396967,0.761377581838446
97,2.1999999999999997,-0.5025125628140685,0.7602161088276211
98,2.1999999999999997,-0.3015075376884404,0.7596051117254784
99,2.1999999999999997,-0.10050251256281229,0.7595120152281795
100,2.1999999999999997,0.10050251256281584,0.759923015877836
101,2.1999999999999997,0.30150753768844396,0.7608428621676165
102,2.1999999999999997,0.5025125628140721,0.7622949754981235
103,2.1999999999999997,0.7035175879397002,0.7643224366552817
104,2.1999999999999997,0.9045226130653283,0.7669882636903773
105,2.1999999999999997,1.1055276381909565,0.770374161457742
106,2.1999999999999997,1.3065326633165846,0.774586570590009
107,2.1999999999999997,1.5075376884422127,0.7797542510514218
108,2.1999999999999997,1.7085427135678408,0.7860284371133288
109,2.1999999999999997,1.909547738693469,0.7935878845266108
110,2.1999999999999997,2.110552763819097,0.8026272345294801
111,2.1999999999999997,2.311557788944725,0.8133543337325786
112,2.1999999999999997,2.5125628140703533,0.8259722826141613
113,2.1999999999999997,2.7135678391959814,0.8406475061131984
114,2.1999999999999997,2.9145728643216096,0.8574473189892347
115,2.1999999999999997,3.1155778894472377,0.8762449125963778
116,2.1999999999999997,3.316582914572866,0.8965532286555357
117,2.1999999999999997,3.517587939698494,0.917297377493604
118,2.1999999999999997,3.718592964824122,0.9364906676951389
119,2.1999999999999997,3.91959798994975,0.9509326448389146
120,2.1999999999999997,4.120603015075378,0.9560938208007023
121,2.1999999999999997,4.321608040201006,0.9465149758070978
122,2.1999999999999997,4.5226130653266345,0.9170425232037083
123,2.1999999999999997,4.723618090452263,0.8648659031285164
124,2.1999999999999997,4.924623115577891,0.7914826313159136
125,2.1999999999999997,5.125628140703519,0.7031953637523659
126,2.1999999999999997,5.326633165829147,0.6092415912105695
127,2.1999999999999997,5.527638190954775,0.5185468238017258
128,2.1999999999999997,5.728643216080403,0.43709946182739035
129,2.1999999999999997,5.929648241206031,0.36732155154398644
130,2.1999999999999997,6.1306532663316595,0.30906459466286446
131,2.1999999999999997,6.331658291457288,0.26094487146936923
132,2.1999999999999997,6.532663316582916,0.22126378721759812
133,2.1999999999999997,6.733668341708544,0.18844732111357054
134,2.1999999999999997,6.934673366834172,0.16117210878798724
135,2.1999999999999997,7.1356783919598,0.13837486905908994
136,2.1999999999999997,7.336683417085428,0.11921661704848105
137,2.1999999999999997,7.537688442211056,0.10303191948153426
138,2.1999999999999997,7.7386934673366845,0.08929620560223979
139,2.1999999999999997,7.939698492462313,0.07758645932402636
140,2.1999999999999997,8.14070351758794,0.06756790883879923
141,2.1999999999999997,8.341708542713569,0.058967078790451176
142,2.1999999999999997,8.542713567839197,0.05155796124503732
143,2.1999999999999997,8.743718592964825,0.04515830494844727
144,2.1999999999999997,8.944723618090453,0.039615035734442625
145,2.1999999999999997,9.145728643216081,0.03480203129320423
146,2.1999999999999997,9.34673366834171,0.03061205139554183
147,2.1999999999999997,9.547738693467338,0.026957870932748533
148,2.1999999999999997,9.748743718592966,0.023760998826849858
149,2.1999999999999997,9.949748743718594,0.020959940311372893
150,2.1999999999999997,10.150753768844222,0.018500334120042736
151,2.1999999999999997,10.35175879396985,0.016334359546139227
152,2.1999999999999997,10.552763819095478,0.014424215520503273
153,2.1999999999999997,10.753768844221106,0.012736234157421282
154,2.1999999999999997,10.954773869346734,0.011228444279079989
155,2.1999999999999997,11.155778894472363,0.009939108480613041
156,2.1999999999999997,11.35678391959799,0.008625011454882155
157,2.1999999999999997,11.557788944723619,0.0077957952195754614
158,2.1999999999999997,11.758793969849247,0.006775580283834509
159,2.1999999999999997,11.959798994974875,0.00498838394820679
160,2.1999999999999997,12.160804020100507,0.007649601833636717
161,2.1999999999999997,12.361809045226131,0.002942251304050935
162,2.1999999999999997,12.562814070351763,0.004228862890484656
163,2.1999999999999997,12.763819095477388,0.017441243004850955
164,2.1999999999999997,12.96482412060302,0.007997368648939046
165,2.1999999999999997,13.165829145728644,0.016665105936825856
166,2.1999999999999997,13.366834170854275,0.05516325597009053
167,2.1999999999999997,13.5678391959799,0.06159558381438668
168,2.1999999999999997,13.768844221105532,0.05976091370471283
169,2.1999999999999997,13.969849246231156,0.10651350572095909
170,2.1999999999999997,14.170854271356788,0.16512340709455622
171,2.1999999999999997,14.371859296482413,0.1738771026569936
172,2.1999999999999997,14.572864321608044,0.16196753963349322
173,2.1999999999999997,14.773869346733669,0.20299913010565696
174,2.1999999999999997,14.9748743718593,0.2796666387923566
175,2.1999999999999997,15.175879396984925,0.30419575859337056
176,2.1999999999999997,15.376884422110557,0.26953786636576654
177,2.1999999999999997,15.577889447236181,0.2590381256531383
178,2.1999999999999997,15.778894472361813,0.3070840728483868
179,2.1999999999999997,15.979899497487438,0.35849178015670563
180,2.1999999999999997,16.18090452261307,0.3637379232190753
181,2.1999999999999997,16.381909547738694,0.3346664762142047
182,2.1999999999999997,16.582914572864325,0.30907278358291096
183,2.1999999999999997,16.78391959798995,0.30898586373261233
184,2.1999999999999997,16.98492462311558,0.33064638766935384
185,2.1999999999999997,17.185929648241206,0.35203022944587675
186,2.1999999999999997,17.386934673366838,0.3522900486847008
187,2.1999999999999997,17.587939698492463,0.32987510633134065
188,2.1999999999999997,17.788944723618094,0.30020146412719917
189,2.1999999999999997,17.98994974874372,0.27958328127666854
190,2.1999999999999997,18.19095477386935,0.2744925560743028
191,2.1999999999999997,18.391959798994975,0.28043194351073647
192,2.1999999999999997,18.592964824120607,0.2865621639665554
193,2.1999999999999997,18.79396984924623,0.2832467705522456
194,2.1999999999999997,18.994974874371863,0.26776456897070544
195,2.1999999999999997,19.195979899497488,0.24451718417122933
196,2.1999999999999997,19.39698492462312,0.22132860803219814
197,2.1999999999999997,19.597989949748744,0.2049284515850098
198,2.1999999999999997,19.798994974874375,0.19799907629441338
199,2.1999999999999997,20.0,0.19841835361654486
