,t,height,fid
0,2.9499999999999997,-20.0,0.24565760904222034
1,2.9499999999999997,-19.798994974874372,0.25782778604068524
2,2.9499999999999997,-19.597989949748744,0.18306468355948977
3,2.9499999999999997,-19.396984924623116,0.060868586855019086
4,2.9499999999999997,-19.195979899497488,0.0009203273681142206
5,2.9499999999999997,-18.99497487437186,0.07675832354350004
6,2.9499999999999997,-18.79396984924623,0.19757175150089934
7,2.9499999999999997,-18.592964824120603,0.22395359998518768
8,2.9499999999999997,-18.391959798994975,0.1377864054058607
9,2.9499999999999997,-18.190954773869347,0.0355831383505071
10,2.9499999999999997,-17.98994974874372,0.05522063742324519
11,2.9499999999999997,-17.78894472361809,0.16051840370580364
12,2.9499999999999997,-17.587939698492463,0.19678282310721545
13,2.9499999999999997,-17.386934673366834,0.12078254475544431
14,2.9499999999999997,-17.185929648241206,0.1033529491978238
15,2.9499999999999997,-16.984924623115578,0.14820896409573342
16,2.9499999999999997,-16.78391959798995,0.18382309620633264
17,2.9499999999999997,-16.582914572864322,0.19706235818882648
18,2.9499999999999997,-16.381909547738694,0.19982848722400626
19,2.9499999999999997,-16.180904522613066,0.1876150777029691
20,2.9499999999999997,-15.979899497487438,0.2122583458737232
21,2.9499999999999997,-15.77889447236181,0.2620504875415917
22,2.9499999999999997,-15.577889447236181,0.27712107447597395
23,2.9499999999999997,-15.376884422110553,0.25704472569778747
24,2.9499999999999997,-15.175879396984925,0.26114805369672495
25,2.9499999999999997,-14.974874371859297,0.3115732612910538
26,2.9499999999999997,-14.773869346733669,0.3518741077391807
27,2.9499999999999997,-14.57286432160804,0.3372784592127181
28,2.9499999999999997,-14.371859296482413,0.314391524868638
29,2.9499999999999997,-14.170854271356784,0.3473810330767847
30,2.9499999999999997,-13.969849246231156,0.40023244609687186
31,2.9499999999999997,-13.768844221105528,0.3895161637523157
32,2.9499999999999997,-13.5678391959799,0.3427427063685936
33,2.9499999999999997,-13.366834170854272,0.3603296743453175
34,2.9499999999999997,-13.165829145728644,0.40651460397953254
35,2.9499999999999997,-12.964824120603016,0.3623662741629164
36,2.9499999999999997,-12.763819095477388,0.299166897888153
37,2.9499999999999997,-12.56281407035176,0.3324147308150457
38,2.9499999999999997,-12.361809045226131,0.3155333312471473
39,2.9499999999999997,-12.160804020100503,0.21228230415948357
40,2.9499999999999997,-11.959798994974873,0.2210771038237342
41,2.9499999999999997,-11.758793969849245,0.1919590565087195
42,2.9499999999999997,-11.557788944723617,0.09303529964533135
43,2.9499999999999997,-11.356783919597989,0.11461069713422822
44,2.9499999999999997,-11.15577889447236,0.04401258872189084
45,2.9499999999999997,-10.954773869346733,0.03442016272145244
46,2.9499999999999997,-10.753768844221105,0.018627131576192033
47,2.9499999999999997,-10.552763819095476,0.006538873194005216
48,2.9499999999999997,-10.351758793969848,0.0061678439233343344
49,2.9499999999999997,-10.15075376884422,0.003649139217099955
50,2.9499999999999997,-9.949748743718592,0.003735808324846523
51,2.9499999999999997,-9.748743718592964,0.0043896302028745456
52,2.9499999999999997,-9.547738693467336,0.005046692878415289
53,2.9499999999999997,-9.346733668341708,0.006469795640790171
54,2.9499999999999997,-9.14572864321608,0.008211054896665047
55,2.9499999999999997,-8.944723618090451,0.010440039269325721
56,2.9499999999999997,-8.743718592964823,0.013131169924038611
57,2.9499999999999997,-8.542713567839195,0.016326786172921565
58,2.9499999999999997,-8.341708542713567,0.02010097718357122
59,2.9499999999999997,-8.140703517587939,0.024564684081730355
60,2.9499999999999997,-7.939698492462311,0.029875349890374627
61,2.9499999999999997,-7.738693467336683,0.03624337047304067
62,2.9499999999999997,-7.537688442211055,0.043943461515876914
63,2.9499999999999997,-7.3366834170854265,0.05333529509724971
64,2.9499999999999997,-7.135678391959798,0.06489038826868311
65,2.9499999999999997,-6.93467336683417,0.07924080140085171
66,2.9499999999999997,-6.733668341708542,0.09724186795463549
67,2.9499999999999997,-6.532663316582914,0.12006861497162387
68,2.9499999999999997,-6.331658291457286,0.14937059998295063
69,2.9499999999999997,-6.130653266331658,0.18749419886102067
70,2.9499999999999997,-5.92964824120603,0.23781973015483757
71,2.9499999999999997,-5.7286432160804015,0.3050855620917729
72,2.9499999999999997,-5.527638190954773,0.3951759556591601
73,2.9499999999999997,-5.326633165829145,0.5121418041504967
74,2.9499999999999997,-5.125628140703517,0.6503558328468865
75,2.9499999999999997,-4.924623115577889,0.7878479592530397
76,2.9499999999999997,-4.723618090452261,0.8945318355488444
77,2.9499999999999997,-4.522613065326633,0.952125121822571
78,2.9499999999999997,-4.321608040201005,0.9636310660335031
79,2.9499999999999997,-4.1206030150753765,0.94513552738523
80,2.9499999999999997,-3.9195979899497466,0.913320168279492
81,2.9499999999999997,-3.7185929648241185,0.8793555856610701
82,2.9499999999999997,-3.5175879396984904,0.8487952243686189
83,2.9499999999999997,-3.3165829145728623,0.8235815797964477
84,2.9499999999999997,-3.115577889447234,0.803832572400622
85,2.9499999999999997,-2.914572864321606,0.7889129446629928
86,2.9499999999999997,-2.713567839195978,0.7779774447005722
87,2.9499999999999997,-2.5125628140703498,0.7701935309997154
88,2.9499999999999997,-2.3115577889447216,0.7648338525546663
89,2.9499999999999997,-2.1105527638190935,0.7612964219071916
90,2.9499999999999997,-1.9095477386934654,0.7590947669317067
91,2.9499999999999997,-1.7085427135678373,0.7578483808676799
92,2.9499999999999997,-1.5075376884422091,0.757265494477705
93,2.9499999999999997,-1.306532663316581,0.7571275201786526
94,2.9499999999999997,-1.105527638190953,0.7572753475795762
95,2.9499999999999997,-0.9045226130653248,0.7575955441474853
96,2.9499999999999997,-0.7035175879396967,0.7580114905294323
97,2.9499999999999997,-0.5025125628140685,0.7584726092187879
98,2.9499999999999997,-0.3015075376884404,0.7589479037227221
99,2.9499999999999997,-0.10050251256281229,0.7594211135410756
100,2.9499999999999997,0.10050251256281584,0.7598861849286842
101,2.9499999999999997,0.30150753768844396,0.7603466393747471
102,2.9499999999999997,0.5025125628140721,0.7608142868995342
103,2.9499999999999997,0.7035175879397002,0.7613112396854578
104,2.9499999999999997,0.9045226130653283,0.7618720455512231
105,2.9499999999999997,1.1055276381909565,0.7625513500819833
106,2.9499999999999997,1.3065326633165846,0.7634269441675675
107,2.9499999999999997,1.5075376884422127,0.7646121067578106
108,2.9499999999999997,1.7085427135678408,0.7662646077874207
109,2.9499999999999997,1.909547738693469,0.7685966517290554
110,2.9499999999999997,2.110552763819097,0.7718950662856668
111,2.9499999999999997,2.311557788944725,0.7765344431310587
112,2.9499999999999997,2.5125628140703533,0.7829944908804555
113,2.9499999999999997,2.7135678391959814,0.7918837646062766
114,2.9499999999999997,2.9145728643216096,0.8039426711746672
115,2.9499999999999997,3.1155778894472377,0.8200369989575407
116,2.9499999999999997,3.316582914572866,0.8410858234845715
117,2.9499999999999997,3.517587939698494,0.867840144453193
118,2.9499999999999997,3.718592964824122,0.9003501814271122
119,2.9499999999999997,3.91959798994975,0.9368437406111216
120,2.9499999999999997,4.120603015075378,0.971756598501232
121,2.9499999999999997,4.321608040201006,0.9934186234879985
122,2.9499999999999997,4.5226130653266345,0.9837655952394154
123,2.9499999999999997,4.723618090452263,0.924738277974028
124,2.9499999999999997,4.924623115577891,0.8122478823625292
125,2.9499999999999997,5.125628140703519,0.6661237091149256
126,2.9499999999999997,5.326633165829147,0.5198182244963576
127,2.9499999999999997,5.527638190954775,0.39752787271684564
128,2.9499999999999997,5.728643216080403,0.3047685379976452
129,2.9499999999999997,5.929648241206031,0.23642632162802796
130,2.9499999999999997,6.1306532663316595,0.1857984040318507
131,2.9499999999999997,6.331658291457288,0.14771930554590637
132,2.9499999999999997,6.532663316582916,0.11861186670295983
133,2.9499999999999997,6.733668341708544,0.096039996376749
134,2.9499999999999997,6.934673366834172,0.0783118671314388
135,2.9499999999999997,7.1356783919598,0.06423613911185368
136,2.9499999999999997,7.336683417085428,0.05295221069527436
137,2.9499999999999997,7.537688442211056,0.04382846012076512
138,2.9499999999999997,7.7386934673366845,0.036396033957938265
139,2.9499999999999997,7.939698492462313,0.030298187379518282
140,2.9499999999999997,8.14070351758794,0.025263167088285854
141,2.9499999999999997,8.341708542713569,0.021078629662472616
142,2.9499999999999997,8.542713567839197,0.017582815006050807
143,2.9499999999999997,8.743718592964825,0.014650293709556825
144,2.9499999999999997,8.944723618090453,0.012186231040360627
145,2.9499999999999997,9.145728643216081,0.010119661109007718
146,2.9499999999999997,9.34673366834171,0.008441677688225246
147,2.9499999999999997,9.547738693467338,0.006908788404613195
148,2.9499999999999997,9.748743718592966,0.0061210238871745775
149,2.9499999999999997,9.949748743718594,0.00499824722732696
150,2.9499999999999997,10.150753768844222,0.004325789904865381
151,2.9499999999999997,10.35175879396985,0.0072903336662280115
152,2.9499999999999997,10.552763819095478,0.006038831762100856
153,2.9499999999999997,10.753768844221106,0.02114805328555935
154,2.9499999999999997,10.954773869346734,0.03506797690511187
155,2.9499999999999997,11.155778894472363,0.050421852884800486
156,2.9499999999999997,11.35678391959799,0.118355014150396
157,2.9499999999999997,11.557788944723619,0.10324663561974809
158,2.9499999999999997,11.758793969849247,0.20117768471906394
159,2.9499999999999997,11.959798994974875,0.22907049105035932
160,2.9499999999999997,12.160804020100507,0.22736403743541622
161,2.9499999999999997,12.361809045226131,0.3243651015694783
162,2.9499999999999997,12.562814070351763,0.33995083439070384
163,2.9499999999999997,12.763819095477388,0.3141405602642436
164,2.9499999999999997,12.96482412060302,0.3715289184777482
165,2.9499999999999997,13.165829145728644,0.40904236429356516
166,2.9499999999999997,13.366834170854275,0.3703013776331819
167,2.9499999999999997,13.5678391959799,0.3554343960884052
168,2.9499999999999997,13.768844221105532,0.39155311593947484
169,2.9499999999999997,13.969849246231156,0.3988641775510303
170,2.9499999999999997,14.170854271356788,0.3563305267569334
171,2.9499999999999997,14.371859296482413,0.32628511540187316
172,2.9499999999999997,14.572864321608044,0.33680620054310173
173,2.9499999999999997,14.773869346733669,0.34467603275912434
174,2.9499999999999997,14.9748743718593,0.31566704265025813
175,2.9499999999999997,15.175879396984925,0.27533664136833796
176,2.9499999999999997,15.376884422110557,0.26131637060740154
177,2.9499999999999997,15.577889447236181,0.2658944169485711
178,2.9499999999999997,15.778894472361813,0.25500572014522205
179,2.9499999999999997,15.979899497487438,0.22287013622439925
180,2.9499999999999997,16.18090452261307,0.20180290884217328
181,2.9499999999999997,16.381909547738694,0.19708500570757265
182,2.9499999999999997,16.582914572864325,0.1813135646268432
183,2.9499999999999997,16.78391959798995,0.17999735298976707
184,2.9499999999999997,16.98492462311558,0.1635664683660577
185,2.9499999999999997,17.185929648241206,0.10863445916559994
186,2.9499999999999997,17.386934673366838,0.11514105352513676
187,2.9499999999999997,17.587939698492463,0.19433091906059696
188,2.9499999999999997,17.788944723618094,0.16840808540315658
189,2.9499999999999997,17.98994974874372,0.056794855030637095
190,2.9499999999999997,18.19095477386935,0.032090274367620436
191,2.9499999999999997,18.391959798994975,0.14213704785834588
192,2.9499999999999997,18.592964824120607,0.24088942949464995
193,2.9499999999999997,18.79396984924623,0.20884304348598517
194,2.9499999999999997,18.994974874371863,0.07970694686041216
195,2.9499999999999997,19.195979899497488,0.0023103998169925794
196,2.9499999999999997,19.39698492462312,0.061081526724525846
197,2.9499999999999997,19.597989949748744,0.1871824618382005
198,2.9499999999999997,19.798994974874375,0.27052394694112747
199,2.9499999999999997,20.0,0.2625834539211906
