,t,height,fid
0,2.8499999999999996,-20.0,0.28633091399686766
1,2.8499999999999996,-19.798994974874372,0.19164278044126515
2,2.8499999999999996,-19.597989949748744,0.06713278308022994
3,2.8499999999999996,-19.396984924623116,0.0013786149560209287
4,2.8499999999999996,-19.195979899497488,0.04647076157842564
5,2.8499999999999996,-18.99497487437186,0.16668607754845605
6,2.8499999999999996,-18.79396984924623,0.21484174241288506
7,2.8499999999999996,-18.592964824120603,0.14749732573084898
8,2.8499999999999996,-18.391959798994975,0.059764854675869665
9,2.8499999999999996,-18.190954773869347,0.08558953744914831
10,2.8499999999999996,-17.98994974874372,0.14394526827592558
11,2.8499999999999996,-17.78894472361809,0.14807360345557763
12,2.8499999999999996,-17.587939698492463,0.13683532964817977
13,2.8499999999999996,-17.386934673366834,0.17233794720849877
14,2.8499999999999996,-17.185929648241206,0.20241942145917888
15,2.8499999999999996,-16.984924623115578,0.16764913652759614
16,2.8499999999999996,-16.78391959798995,0.1597010375064362
17,2.8499999999999996,-16.582914572864322,0.20214145041711096
18,2.8499999999999996,-16.381909547738694,0.24579824857363494
19,2.8499999999999996,-16.180904522613066,0.25764708905945344
20,2.8499999999999996,-15.979899497487438,0.24856941562395637
21,2.8499999999999996,-15.77889447236181,0.2524160387022784
22,2.8499999999999996,-15.577889447236181,0.27882713990217073
23,2.8499999999999996,-15.376884422110553,0.3048554504101561
24,2.8499999999999996,-15.175879396984925,0.31604177521363486
25,2.8499999999999996,-14.974874371859297,0.3251085024478422
26,2.8499999999999996,-14.773869346733669,0.3418202056502676
27,2.8499999999999996,-14.57286432160804,0.3526979021138136
28,2.8499999999999996,-14.371859296482413,0.35121716554015703
29,2.8499999999999996,-14.170854271356784,0.35877721681258185
30,2.8499999999999996,-13.969849246231156,0.3813551268377587
31,2.8499999999999996,-13.768844221105528,0.38176824248195645
32,2.8499999999999996,-13.5678391959799,0.3501137747063474
33,2.8499999999999996,-13.366834170854272,0.342666606958666
34,2.8499999999999996,-13.165829145728644,0.364713138358652
35,2.8499999999999996,-12.964824120603016,0.3331377040812246
36,2.8499999999999996,-12.763819095477388,0.2691057163492394
37,2.8499999999999996,-12.56281407035176,0.2735994262751527
38,2.8499999999999996,-12.361809045226131,0.2576928057269741
39,2.8499999999999996,-12.160804020100503,0.16541892666411587
40,2.8499999999999996,-11.959798994974873,0.15595915494153426
41,2.8499999999999996,-11.758793969849245,0.13423772613329124
42,2.8499999999999996,-11.557788944723617,0.05142304702883461
43,2.8499999999999996,-11.356783919597989,0.06903088794806218
44,2.8499999999999996,-11.15577889447236,0.02041911682442813
45,2.8499999999999996,-10.954773869346733,0.018295225515248585
46,2.8499999999999996,-10.753768844221105,0.011450959654807134
47,2.8499999999999996,-10.552763819095476,0.007802978144900651
48,2.8499999999999996,-10.351758793969848,0.008758556240722764
49,2.8499999999999996,-10.15075376884422,0.009293094414120037
50,2.8499999999999996,-9.949748743718592,0.009558163692399882
51,2.8499999999999996,-9.748743718592964,0.010563240819928849
52,2.8499999999999996,-9.547738693467336,0.011200937870502846
53,2.8499999999999996,-9.346733668341708,0.012236699665324237
54,2.8499999999999996,-9.14572864321608,0.013516918517062793
55,2.8499999999999996,-8.944723618090451,0.015189487007109034
56,2.8499999999999996,-8.743718592964823,0.017327298634422197
57,2.8499999999999996,-8.542713567839195,0.020018154229626918
58,2.8499999999999996,-8.341708542713567,0.0233635710030985
59,2.8499999999999996,-8.140703517587939,0.027490016182611023
60,2.8499999999999996,-7.939698492462311,0.032557027339069226
61,2.8499999999999996,-7.738693467336683,0.038772214954326464
62,2.8499999999999996,-7.537688442211055,0.04640582326107229
63,2.8499999999999996,-7.3366834170854265,0.055811116759216815
64,2.8499999999999996,-7.135678391959798,0.06745582926425954
65,2.8499999999999996,-6.93467336683417,0.08196828884399214
66,2.8499999999999996,-6.733668341708542,0.10019979502100115
67,2.8499999999999996,-6.532663316582914,0.12331889008087464
68,2.8499999999999996,-6.331658291457286,0.15295906083626282
69,2.8499999999999996,-6.130653266331658,0.19142178297987522
70,2.8499999999999996,-5.92964824120603,0.24195993095627422
71,2.8499999999999996,-5.7286432160804015,0.3090023935253452
72,2.8499999999999996,-5.527638190954773,0.39772218900546924
73,2.8499999999999996,-5.326633165829145,0.5111467581418997
74,2.8499999999999996,-5.125628140703517,0.6436353148660956
75,2.8499999999999996,-4.924623115577889,0.7759830070017284
76,2.8499999999999996,-4.723618090452261,0.8821913110129787
77,2.8499999999999996,-4.522613065326633,0.9452285501233393
78,2.8499999999999996,-4.321608040201005,0.9655246276126006
79,2.8499999999999996,-4.1206030150753765,0.9556096614794304
80,2.8499999999999996,-3.9195979899497466,0.9300856926221986
81,2.8499999999999996,-3.7185929648241185,0.8997118419098
82,2.8499999999999996,-3.5175879396984904,0.8705120967980373
83,2.8499999999999996,-3.3165829145728623,0.8450801267811396
84,2.8499999999999996,-3.115577889447234,0.8241086194034408
85,2.8499999999999996,-2.914572864321606,0.8073871126115887
86,2.8499999999999996,-2.713567839195978,0.7943624405464014
87,2.8499999999999996,-2.5125628140703498,0.7844059192165134
88,2.8499999999999996,-2.3115577889447216,0.7769235651916938
89,2.8499999999999996,-2.1105527638190935,0.7713928389573008
90,2.8499999999999996,-1.9095477386934654,0.7673796375701581
91,2.8499999999999996,-1.7085427135678373,0.7645268273280408
92,2.8499999999999996,-1.5075376884422091,0.7625506418093192
93,2.8499999999999996,-1.306532663316581,0.7612240399526491
94,2.8499999999999996,-1.105527638190953,0.7603722216837672
95,2.8499999999999996,-0.9045226130653248,0.7598607230104206
96,2.8499999999999996,-0.7035175879396967,0.7595893827208648
97,2.8499999999999996,-0.5025125628140685,0.7594848862293089
98,2.8499999999999996,-0.3015075376884404,0.7594949397787613
99,2.8499999999999996,-0.10050251256281229,0.759585857099713
100,2.8499999999999996,0.10050251256281584,0.7597374531606588
101,2.8499999999999996,0.30150753768844396,0.7599447283425046
102,2.8499999999999996,0.5025125628140721,0.7602152946563446
103,2.8499999999999996,0.7035175879397002,0.7605727026399616
104,2.8499999999999996,0.9045226130653283,0.7610603690345004
105,2.8499999999999996,1.1055276381909565,0.7617430492351657
106,2.8499999999999996,1.3065326633165846,0.7627149803957403
107,2.8499999999999996,1.5075376884422127,0.7641073860537408
108,2.8499999999999996,1.7085427135678408,0.7660985503698606
109,2.8499999999999996,1.909547738693469,0.7689206310210355
110,2.8499999999999996,2.110552763819097,0.7728771398270874
111,2.8499999999999996,2.311557788944725,0.7783531720906511
112,2.8499999999999996,2.5125628140703533,0.7858287338601816
113,2.8499999999999996,2.7135678391959814,0.7958949705070262
114,2.8499999999999996,2.9145728643216096,0.8092455458998308
115,2.8499999999999996,3.1155778894472377,0.8266493986400522
116,2.8499999999999996,3.316582914572866,0.8488557905739743
117,2.8499999999999996,3.517587939698494,0.8763286129129062
118,2.8499999999999996,3.718592964824122,0.9086845066400213
119,2.8499999999999996,3.91959798994975,0.9436100235225523
120,2.8499999999999996,4.120603015075378,0.9751269175789122
121,2.8499999999999996,4.321608040201006,0.9918921296745778
122,2.8499999999999996,4.5226130653266345,0.9776896018540407
123,2.8499999999999996,4.723618090452263,0.9175940027942598
124,2.8499999999999996,4.924623115577891,0.8094820250061452
125,2.8499999999999996,5.125628140703519,0.6711754391802213
126,2.8499999999999996,5.326633165829147,0.531574397693279
127,2.8499999999999996,5.527638190954775,0.41237482353213095
128,2.8499999999999996,5.728643216080403,0.3198126014835769
129,2.8499999999999996,5.929648241206031,0.2503273688563695
130,2.8499999999999996,6.1306532663316595,0.1981614243800738
131,2.8499999999999996,6.331658291457288,0.1585321222519338
132,2.8499999999999996,6.532663316582916,0.12800550428683935
133,2.8499999999999996,6.733668341708544,0.10418108955134898
134,2.8499999999999996,6.934673366834172,0.08537150980597875
135,2.8499999999999996,7.1356783919598,0.07037235340573506
136,2.8499999999999996,7.336683417085428,0.058307423879055006
137,2.8499999999999996,7.537688442211056,0.04853157096212886
138,2.8499999999999996,7.7386934673366845,0.04056145569206123
139,2.8499999999999996,7.939698492462313,0.034031315898256774
140,2.8499999999999996,8.14070351758794,0.028658555438069683
141,2.8499999999999996,8.341708542713569,0.024225535053105644
142,2.8499999999999996,8.542713567839197,0.020561072804137593
143,2.8499999999999996,8.743718592964825,0.01753097193103386
144,2.8499999999999996,8.944723618090453,0.015027720252449042
145,2.8499999999999996,9.145728643216081,0.0129635774916209
146,2.8499999999999996,9.34673366834171,0.011272201548501113
147,2.8499999999999996,9.547738693467338,0.009826460610501278
148,2.8499999999999996,9.748743718592966,0.008819681795522233
149,2.8499999999999996,9.949748743718594,0.00747698393371875
150,2.8499999999999996,10.150753768844222,0.007200877870597382
151,2.8499999999999996,10.35175879396985,0.0062155513059349975
152,2.8499999999999996,10.552763819095478,0.006778461418721449
153,2.8499999999999996,10.753768844221106,0.008689131926237444
154,2.8499999999999996,10.954773869346734,0.020736272754518642
155,2.8499999999999996,11.155778894472363,0.019504621078261727
156,2.8499999999999996,11.35678391959799,0.07467002386796408
157,2.8499999999999996,11.557788944723619,0.05840343099082139
158,2.8499999999999996,11.758793969849247,0.13786374687870553
159,2.8499999999999996,11.959798994974875,0.17173768089099267
160,2.8499999999999996,12.160804020100507,0.1727541651807677
161,2.8499999999999996,12.361809045226131,0.2661456447255865
162,2.8499999999999996,12.562814070351763,0.29137003214991747
163,2.8499999999999996,12.763819095477388,0.2781299956762197
164,2.8499999999999996,12.96482412060302,0.3386619300377926
165,2.8499999999999996,13.165829145728644,0.37961272364405413
166,2.8499999999999996,13.366834170854275,0.3554026578241578
167,2.8499999999999996,13.5678391959799,0.35259669282071854
168,2.8499999999999996,13.768844221105532,0.3866733182708285
169,2.8499999999999996,13.969849246231156,0.3946484138523875
170,2.8499999999999996,14.170854271356788,0.36811752058348707
171,2.8499999999999996,14.371859296482413,0.3501353481557757
172,2.8499999999999996,14.572864321608044,0.3526171118438034
173,2.8499999999999996,14.773869346733669,0.3518784170843073
174,2.8499999999999996,14.9748743718593,0.3363145310030473
175,2.8499999999999996,15.175879396984925,0.31579191286465386
176,2.8499999999999996,15.376884422110557,0.2976088212044021
177,2.8499999999999996,15.577889447236181,0.2801204546076267
178,2.8499999999999996,15.778894472361813,0.2651979389726502
179,2.8499999999999996,15.979899497487438,0.2576633607258642
180,2.8499999999999996,16.18090452261307,0.2513089013222338
181,2.8499999999999996,16.381909547738694,0.23372604123324348
182,2.8499999999999996,16.582914572864325,0.20300444840540022
183,2.8499999999999996,16.78391959798995,0.17277603478626957
184,2.8499999999999996,16.98492462311558,0.17668121291654662
185,2.8499999999999996,17.185929648241206,0.1967719890322368
186,2.8499999999999996,17.386934673366838,0.15811475828186913
187,2.8499999999999996,17.587939698492463,0.12951337802427712
188,2.8499999999999996,17.788944723618094,0.16192064578123477
189,2.8499999999999996,17.98994974874372,0.15866438211626885
190,2.8499999999999996,18.19095477386935,0.08194723932276514
191,2.8499999999999996,18.391959798994975,0.05100556563852054
192,2.8499999999999996,18.592964824120607,0.14691074221677908
193,2.8499999999999996,18.79396984924623,0.22796558128175756
194,2.8499999999999996,18.994974874371863,0.17778772772046184
195,2.8499999999999996,19.195979899497488,0.05145190435287633
196,2.8499999999999996,19.39698492462312,0.0009353517770662366
197,2.8499999999999996,19.597989949748744,0.07198826788620716
198,2.8499999999999996,19.798994974874375,0.20286740004263648
199,2.8499999999999996,20.0,0.29442860887046224
