,t,height,fid
0,2.0999999999999996,-20.0,0.23115040929359873
1,2.0999999999999996,-19.798994974874372,0.24019146570763056
2,2.0999999999999996,-19.597989949748744,0.24759585453032534
3,2.0999999999999996,-19.396984924623116,0.25574370284642606
4,2.0999999999999996,-19.195979899497488,0.2669797617155008
5,2.0999999999999996,-18.99497487437186,0.28028988586466963
6,2.0999999999999996,-18.79396984924623,0.29207955280999137
7,2.0999999999999996,-18.592964824120603,0.30006295383428633
8,2.0999999999999996,-18.391959798994975,0.303167825290222
9,2.0999999999999996,-18.190954773869347,0.30091750946925266
10,2.0999999999999996,-17.98994974874372,0.29873928139784395
11,2.0999999999999996,-17.78894472361809,0.3069846471393401
12,2.0999999999999996,-17.587939698492463,0.3251359150045371
13,2.0999999999999996,-17.386934673366834,0.33723568397197673
14,2.0999999999999996,-17.185929648241206,0.33412408043307823
15,2.0999999999999996,-16.984924623115578,0.3240492966302292
16,2.0999999999999996,-16.78391959798995,0.31070807244127285
17,2.0999999999999996,-16.582914572864322,0.28991879573460083
18,2.0999999999999996,-16.381909547738694,0.2795076323230484
19,2.0999999999999996,-16.180904522613066,0.30249547629481344
20,2.0999999999999996,-15.979899497487438,0.32320454656854636
21,2.0999999999999996,-15.77889447236181,0.27730213344389687
22,2.0999999999999996,-15.577889447236181,0.19464842804343993
23,2.0999999999999996,-15.376884422110553,0.18153286128475704
24,2.0999999999999996,-15.175879396984925,0.23442446668659125
25,2.0999999999999996,-14.974874371859297,0.22272872578323494
26,2.0999999999999996,-14.773869346733669,0.12348291023104865
27,2.0999999999999996,-14.57286432160804,0.07450474038535478
28,2.0999999999999996,-14.371859296482413,0.11194568095757894
29,2.0999999999999996,-14.170854271356784,0.10668021758230763
30,2.0999999999999996,-13.969849246231156,0.03628530266460607
31,2.0999999999999996,-13.768844221105528,0.01557088241094911
32,2.0999999999999996,-13.5678391959799,0.038507971720429864
33,2.0999999999999996,-13.366834170854272,0.02165665470549304
34,2.0999999999999996,-13.165829145728644,0.0001026069809135189
35,2.0999999999999996,-12.964824120603016,0.009513967100464144
36,2.0999999999999996,-12.763819095477388,0.0099193904519467
37,2.0999999999999996,-12.56281407035176,0.0041437011656803024
38,2.0999999999999996,-12.361809045226131,0.007101111883544204
39,2.0999999999999996,-12.160804020100503,0.0076572496664801095
40,2.0999999999999996,-11.959798994974873,0.0075874994555432725
41,2.0999999999999996,-11.758793969849245,0.00873102312438259
42,2.0999999999999996,-11.557788944723617,0.00952467728022827
43,2.0999999999999996,-11.356783919597989,0.010540205707189193
44,2.0999999999999996,-11.15577889447236,0.01172178290822375
45,2.0999999999999996,-10.954773869346733,0.013052016899820341
46,2.0999999999999996,-10.753768844221105,0.01457303313608881
47,2.0999999999999996,-10.552763819095476,0.016300428247822376
48,2.0999999999999996,-10.351758793969848,0.018263832488768256
49,2.0999999999999996,-10.15075376884422,0.020493689461672456
50,2.0999999999999996,-9.949748743718592,0.023027291593289152
51,2.0999999999999996,-9.748743718592964,0.02591008636984425
52,2.0999999999999996,-9.547738693467336,0.029193586708951454
53,2.0999999999999996,-9.346733668341708,0.0329416086206584
54,2.0999999999999996,-9.14572864321608,0.03722759035125255
55,2.0999999999999996,-8.944723618090451,0.042144772079836544
56,2.0999999999999996,-8.743718592964823,0.04780168273865954
57,2.0999999999999996,-8.542713567839195,0.05433694772385183
58,2.0999999999999996,-8.341708542713567,0.06191699074030565
59,2.0999999999999996,-8.140703517587939,0.07075466208324455
60,2.0999999999999996,-7.939698492462311,0.08110673603104686
61,2.0999999999999996,-7.738693467336683,0.09329890476558378
62,2.0999999999999996,-7.537688442211055,0.10772076189339364
63,2.0999999999999996,-7.3366834170854265,0.12484984350951195
64,2.0999999999999996,-7.135678391959798,0.1452578341372182
65,2.0999999999999996,-6.93467336683417,0.16962623639301166
66,2.0999999999999996,-6.733668341708542,0.19875704004042177
67,2.0999999999999996,-6.532663316582914,0.23360709202049612
68,2.0999999999999996,-6.331658291457286,0.2752694381276188
69,2.0999999999999996,-6.130653266331658,0.32492834948328314
70,2.0999999999999996,-5.92964824120603,0.3836781700609305
71,2.0999999999999996,-5.7286432160804015,0.45209861629811204
72,2.0999999999999996,-5.527638190954773,0.5295245529976603
73,2.0999999999999996,-5.326633165829145,0.6131974576321313
74,2.0999999999999996,-5.125628140703517,0.6978606077901948
75,2.0999999999999996,-4.924623115577889,0.7764717452127726
76,2.0999999999999996,-4.723618090452261,0.8420957543771322
77,2.0999999999999996,-4.522613065326633,0.8900401625485798
78,2.0999999999999996,-4.321608040201005,0.9190534048333134
79,2.0999999999999996,-4.1206030150753765,0.9310494051055205
80,2.0999999999999996,-3.9195979899497466,0.9298342438991473
81,2.0999999999999996,-3.7185929648241185,0.9196915087330352
82,2.0999999999999996,-3.5175879396984904,0.9044040797036449
83,2.0999999999999996,-3.3165829145728623,0.8868388800593084
84,2.0999999999999996,-3.115577889447234,0.8689202692372738
85,2.0999999999999996,-2.914572864321606,0.8518217008497346
86,2.0999999999999996,-2.713567839195978,0.8361668363298643
87,2.0999999999999996,-2.5125628140703498,0.822228065892109
88,2.0999999999999996,-2.3115577889447216,0.8100632609270632
89,2.0999999999999996,-2.1105527638190935,0.7996067549658891
90,2.0999999999999996,-1.9095477386934654,0.7907330588552945
91,2.0999999999999996,-1.7085427135678373,0.7832919799818227
92,2.0999999999999996,-1.5075376884422091,0.7771311647813808
93,2.0999999999999996,-1.306532663316581,0.7721017098747764
94,2.0999999999999996,-1.105527638190953,0.7680736935483582
95,2.0999999999999996,-0.9045226130653248,0.7649317320846395
96,2.0999999999999996,-0.7035175879396967,0.7625824804028409
97,2.0999999999999996,-0.5025125628140685,0.7609478469559045
98,2.0999999999999996,-0.3015075376884404,0.7599703958230224
99,2.0999999999999996,-0.10050251256281229,0.7596103697250164
100,2.0999999999999996,0.10050251256281584,0.7598469773316863
101,2.0999999999999996,0.30150753768844396,0.7606781327825244
102,2.0999999999999996,0.5025125628140721,0.7621198080640952
103,2.0999999999999996,0.7035175879397002,0.764207650851246
104,2.0999999999999996,0.9045226130653283,0.7669977674828152
105,2.0999999999999996,1.1055276381909565,0.7705632399018457
106,2.0999999999999996,1.3065326633165846,0.7750016130250611
107,2.0999999999999996,1.5075376884422127,0.7804273070020383
108,2.0999999999999996,1.7085427135678408,0.7869801995531619
109,2.0999999999999996,1.909547738693469,0.7948129268684582
110,2.0999999999999996,2.110552763819097,0.8040915110528087
111,2.0999999999999996,2.311557788944725,0.8149829220904311
112,2.0999999999999996,2.5125628140703533,0.8276345584434408
113,2.0999999999999996,2.7135678391959814,0.8421399973787488
114,2.0999999999999996,2.9145728643216096,0.8584736420836052
115,2.0999999999999996,3.1155778894472377,0.8764000295399168
116,2.0999999999999996,3.316582914572866,0.8953210368953881
117,2.0999999999999996,3.517587939698494,0.9140871953123337
118,2.0999999999999996,3.718592964824122,0.9307416574797972
119,2.0999999999999996,3.91959798994975,0.9423242462595338
120,2.0999999999999996,4.120603015075378,0.9448566477996017
121,2.0999999999999996,4.321608040201006,0.9337685140206352
122,2.0999999999999996,4.5226130653266345,0.9049196375708478
123,2.0999999999999996,4.723618090452263,0.8561703404926856
124,2.0999999999999996,4.924623115577891,0.7887948225741348
125,2.0999999999999996,5.125628140703519,0.7078431705581596
126,2.0999999999999996,5.326633165829147,0.6207982701864262
127,2.0999999999999996,5.527638190954775,0.5352133429144582
128,2.0999999999999996,5.728643216080403,0.45660822672322177
129,2.0999999999999996,5.929648241206031,0.38771969181348254
130,2.0999999999999996,6.1306532663316595,0.3290284495439844
131,2.0999999999999996,6.331658291457288,0.27971714513854645
132,2.0999999999999996,6.532663316582916,0.23849455020972102
133,2.0999999999999996,6.733668341708544,0.20403162487873666
134,2.0999999999999996,6.934673366834172,0.1751545520676035
135,2.0999999999999996,7.1356783919598,0.1508723239079234
136,2.0999999999999996,7.336683417085428,0.13037541305406422
137,2.0999999999999996,7.537688442211056,0.11301198625135891
138,2.0999999999999996,7.7386934673366845,0.0982454054080187
139,2.0999999999999996,7.939698492462313,0.08564197055357432
140,2.0999999999999996,8.14070351758794,0.07484569761785496
141,2.0999999999999996,8.341708542713569,0.06556419123961152
142,2.0999999999999996,8.542713567839197,0.05755982771534915
143,2.0999999999999996,8.743718592964825,0.0506327433409702
144,2.0999999999999996,8.944723618090453,0.04462092518329475
145,2.0999999999999996,9.145728643216081,0.03938870429509927
146,2.0999999999999996,9.34673366834171,0.03482457568002147
147,2.0999999999999996,9.547738693467338,0.030832906991862745
148,2.0999999999999996,9.748743718592966,0.027336935170338413
149,2.0999999999999996,9.949748743718594,0.024266737178132138
150,2.0999999999999996,10.150753768844222,0.021567430447869823
151,2.0999999999999996,10.35175879396985,0.019191940471811133
152,2.0999999999999996,10.552763819095478,0.017097253176160274
153,2.0999999999999996,10.753768844221106,0.01525001089324453
154,2.0999999999999996,10.954773869346734,0.01361817318113378
155,2.0999999999999996,11.155778894472363,0.012183783816240194
156,2.0999999999999996,11.35678391959799,0.010903611647125892
157,2.0999999999999996,11.557788944723619,0.009778443635177844
158,2.0999999999999996,11.758793969849247,0.008911926411429896
159,2.0999999999999996,11.959798994974875,0.0076220871315416895
160,2.0999999999999996,12.160804020100507,0.007591919985601762
161,2.0999999999999996,12.361809045226131,0.007040502767525108
162,2.0999999999999996,12.562814070351763,0.003721696842048747
163,2.0999999999999996,12.763819095477388,0.009705817060934189
164,2.0999999999999996,12.96482412060302,0.009222188322523405
165,2.0999999999999996,13.165829145728644,0.000153567806514435
166,2.0999999999999996,13.366834170854275,0.022347889520994146
167,2.0999999999999996,13.5678391959799,0.03845709912823449
168,2.0999999999999996,13.768844221105532,0.019173629066984242
169,2.0999999999999996,13.969849246231156,0.04236345581140855
170,2.0999999999999996,14.170854271356788,0.10720550861374818
171,2.0999999999999996,14.371859296482413,0.11598990311978072
172,2.0999999999999996,14.572864321608044,0.0907300826537728
173,2.0999999999999996,14.773869346733669,0.13406305137116284
174,2.0999999999999996,14.9748743718593,0.21953823050627808
175,2.0999999999999996,15.175879396984925,0.24149248563114922
176,2.0999999999999996,15.376884422110557,0.2072336554560632
177,2.0999999999999996,15.577889447236181,0.21137258878579473
178,2.0999999999999996,15.778894472361813,0.27271107117109555
179,2.0999999999999996,15.979899497487438,0.3227853557316117
180,2.0999999999999996,16.18090452261307,0.3232686923061926
181,2.0999999999999996,16.381909547738694,0.30336626211444156
182,2.0999999999999996,16.582914572864325,0.29750447465440744
183,2.0999999999999996,16.78391959798995,0.308797718459676
184,2.0999999999999996,16.98492462311558,0.32745254273228597
185,2.0999999999999996,17.185929648241206,0.34442348149234286
186,2.0999999999999996,17.386934673366838,0.34879684399536615
187,2.0999999999999996,17.587939698492463,0.3355982907005741
188,2.0999999999999996,17.788944723618094,0.3150049225385347
189,2.0999999999999996,17.98994974874372,0.3019361868295324
190,2.0999999999999996,18.19095477386935,0.3002821707144238
191,2.0999999999999996,18.391959798994975,0.3034769169013478
192,2.0999999999999996,18.592964824120607,0.3044193913948406
193,2.0999999999999996,18.79396984924623,0.299559281944864
194,2.0999999999999996,18.994974874371863,0.288319578591239
195,2.0999999999999996,19.195979899497488,0.2731701465875144
196,2.0999999999999996,19.39698492462312,0.2583274710704007
197,2.0999999999999996,19.597989949748744,0.2464548441495073
198,2.0999999999999996,19.798994974874375,0.23733700621314194
199,2.0999999999999996,20.0,0.22939550568449504
