,t,height,fid
0,2.4999999999999996,-20.0,0.1338504768560665
1,2.4999999999999996,-19.798994974874372,0.18771549451142175
2,2.4999999999999996,-19.597989949748744,0.14782469380194244
3,2.4999999999999996,-19.396984924623116,0.1019206402758385
4,2.4999999999999996,-19.195979899497488,0.11503978427955827
5,2.4999999999999996,-18.99497487437186,0.17161733743006155
6,2.4999999999999996,-18.79396984924623,0.2077497140520549
7,2.4999999999999996,-18.592964824120603,0.20813007973754494
8,2.4999999999999996,-18.391959798994975,0.19833099658162795
9,2.4999999999999996,-18.190954773869347,0.18732753935969088
10,2.4999999999999996,-17.98994974874372,0.1905307701764943
11,2.4999999999999996,-17.78894472361809,0.2172036936647788
12,2.4999999999999996,-17.587939698492463,0.2551570427941392
13,2.4999999999999996,-17.386934673366834,0.28299398087391453
14,2.4999999999999996,-17.185929648241206,0.2881638314155383
15,2.4999999999999996,-16.984924623115578,0.2766254029852172
16,2.4999999999999996,-16.78391959798995,0.26848211341461353
17,2.4999999999999996,-16.582914572864322,0.28152217044385364
18,2.4999999999999996,-16.381909547738694,0.3149997532701329
19,2.4999999999999996,-16.180904522613066,0.3479749750135596
20,2.4999999999999996,-15.979899497487438,0.3566415316836495
21,2.4999999999999996,-15.77889447236181,0.33844797075511796
22,2.4999999999999996,-15.577889447236181,0.31911893254858664
23,2.4999999999999996,-15.376884422110553,0.32800571945186807
24,2.4999999999999996,-15.175879396984925,0.3614386199431394
25,2.4999999999999996,-14.974874371859297,0.37814021013887156
26,2.4999999999999996,-14.773869346733669,0.34850121048198013
27,2.4999999999999996,-14.57286432160804,0.3042449776120135
28,2.4999999999999996,-14.371859296482413,0.3003169142722964
29,2.4999999999999996,-14.170854271356784,0.32700201031056864
30,2.4999999999999996,-13.969849246231156,0.30881790650278557
31,2.4999999999999996,-13.768844221105528,0.2348686183475881
32,2.4999999999999996,-13.5678391959799,0.20681361426991274
33,2.4999999999999996,-13.366834170854272,0.22199709721556016
34,2.4999999999999996,-13.165829145728644,0.17314594061051064
35,2.4999999999999996,-12.964824120603016,0.11157803869613198
36,2.4999999999999996,-12.763819095477388,0.09767948055196606
37,2.4999999999999996,-12.56281407035176,0.0804326927598292
38,2.4999999999999996,-12.361809045226131,0.04090772581583002
39,2.4999999999999996,-12.160804020100503,0.019662065848839408
40,2.4999999999999996,-11.959798994974873,0.02481596169473011
41,2.4999999999999996,-11.758793969849245,0.003292909851748128
42,2.4999999999999996,-11.557788944723617,0.006447401987511744
43,2.4999999999999996,-11.356783919597989,0.006780900311466533
44,2.4999999999999996,-11.15577889447236,0.004432304435034062
45,2.4999999999999996,-10.954773869346733,0.007879237741697406
46,2.4999999999999996,-10.753768844221105,0.007769931232872923
47,2.4999999999999996,-10.552763819095476,0.009663824829311702
48,2.4999999999999996,-10.351758793969848,0.010892195005662816
49,2.4999999999999996,-10.15075376884422,0.012527506946954951
50,2.4999999999999996,-9.949748743718592,0.014265411844825457
51,2.4999999999999996,-9.748743718592964,0.01624737148933776
52,2.4999999999999996,-9.547738693467336,0.018501426878264237
53,2.4999999999999996,-9.346733668341708,0.02108834056990617
54,2.4999999999999996,-9.14572864321608,0.02407518323104138
55,2.4999999999999996,-8.944723618090451,0.027538570827215506
56,2.4999999999999996,-8.743718592964823,0.03157021292692775
57,2.4999999999999996,-8.542713567839195,0.03628128315509795
58,2.4999999999999996,-8.341708542713567,0.04180362705934999
59,2.4999999999999996,-8.140703517587939,0.04829784481154819
60,2.4999999999999996,-7.939698492462311,0.05596321590813132
61,2.4999999999999996,-7.738693467336683,0.0650444734931475
62,2.4999999999999996,-7.537688442211055,0.07584882816977191
63,2.4999999999999996,-7.3366834170854265,0.0887653624779001
64,2.4999999999999996,-7.135678391959798,0.1042840876450547
65,2.4999999999999996,-6.93467336683417,0.1230449349890148
66,2.4999999999999996,-6.733668341708542,0.14587925462735746
67,2.4999999999999996,-6.532663316582914,0.1738775881508046
68,2.4999999999999996,-6.331658291457286,0.2084838176685595
69,2.4999999999999996,-6.130653266331658,0.25159326381705044
70,2.4999999999999996,-5.92964824120603,0.3055847067837945
71,2.4999999999999996,-5.7286432160804015,0.3731233254913265
72,2.4999999999999996,-5.527638190954773,0.45622106481990066
73,2.4999999999999996,-5.326633165829145,0.5541144688787432
74,2.4999999999999996,-5.125628140703517,0.66058229772852
75,2.4999999999999996,-4.924623115577889,0.7634101862251287
76,2.4999999999999996,-4.723618090452261,0.8483826782067329
77,2.4999999999999996,-4.522613065326633,0.905729085020668
78,2.4999999999999996,-4.321608040201005,0.9338866768219742
79,2.4999999999999996,-4.1206030150753765,0.9381833978819027
80,2.4999999999999996,-3.9195979899497466,0.9267882716212344
81,2.4999999999999996,-3.7185929648241185,0.9072487893550536
82,2.4999999999999996,-3.5175879396984904,0.884970967709345
83,2.4999999999999996,-3.3165829145728623,0.8631663506586148
84,2.4999999999999996,-3.115577889447234,0.8434415676193994
85,2.4999999999999996,-2.914572864321606,0.8264020116347832
86,2.4999999999999996,-2.713567839195978,0.8121058630541622
87,2.4999999999999996,-2.5125628140703498,0.8003471407990197
88,2.4999999999999996,-2.3115577889447216,0.7908136597027613
89,2.4999999999999996,-2.1105527638190935,0.7831737681869174
90,2.4999999999999996,-1.9095477386934654,0.7771152367242505
91,2.4999999999999996,-1.7085427135678373,0.772353262303392
92,2.4999999999999996,-1.5075376884422091,0.7686501219214603
93,2.4999999999999996,-1.306532663316581,0.765803841002829
94,2.4999999999999996,-1.105527638190953,0.7636490830544234
95,2.4999999999999996,-0.9045226130653248,0.7620561350999512
96,2.4999999999999996,-0.7035175879396967,0.7609217163135339
97,2.4999999999999996,-0.5025125628140685,0.7601689478179686
98,2.4999999999999996,-0.3015075376884404,0.7597438706606853
99,2.4999999999999996,-0.10050251256281229,0.7596138476370302
100,2.4999999999999996,0.10050251256281584,0.759766102505956
101,2.4999999999999996,0.30150753768844396,0.7602063880675967
102,2.4999999999999996,0.5025125628140721,0.760959928194572
103,2.4999999999999996,0.7035175879397002,0.7620719329368132
104,2.4999999999999996,0.9045226130653283,0.7636088456209323
105,2.4999999999999996,1.1055276381909565,0.7656617535285608
106,2.4999999999999996,1.3065326633165846,0.7683502055831006
107,2.4999999999999996,1.5075376884422127,0.7718224290114108
108,2.4999999999999996,1.7085427135678408,0.776265652495655
109,2.4999999999999996,1.909547738693469,0.7819053838212315
110,2.4999999999999996,2.110552763819097,0.789016783155342
111,2.4999999999999996,2.311557788944725,0.7979177354496065
112,2.4999999999999996,2.5125628140703533,0.8089717551950444
113,2.4999999999999996,2.7135678391959814,0.8225719109086678
114,2.4999999999999996,2.9145728643216096,0.8391043001397063
115,2.4999999999999996,3.1155778894472377,0.8588603422703582
116,2.4999999999999996,3.316582914572866,0.8818746843364287
117,2.4999999999999996,3.517587939698494,0.9076136637423992
118,2.4999999999999996,3.718592964824122,0.9344814678069125
119,2.4999999999999996,3.91959798994975,0.9590853005774216
120,2.4999999999999996,4.120603015075378,0.9755377041127729
121,2.4999999999999996,4.321608040201006,0.9753443890849124
122,2.4999999999999996,4.5226130653266345,0.9490177937279393
123,2.4999999999999996,4.723618090452263,0.8900221731432368
124,2.4999999999999996,4.924623115577891,0.7996502494655825
125,2.4999999999999996,5.125628140703519,0.6888389726463688
126,2.4999999999999996,5.326633165829147,0.5738604098022703
127,2.4999999999999996,5.527638190954775,0.4686834119344442
128,2.4999999999999996,5.728643216080403,0.3801999740348554
129,2.4999999999999996,5.929648241206031,0.30900559889795315
130,2.4999999999999996,6.1306532663316595,0.25262699105476655
131,2.4999999999999996,6.331658291457288,0.2079934919922156
132,2.4999999999999996,6.532663316582916,0.17244153320959849
133,2.4999999999999996,6.733668341708544,0.14388132363965733
134,2.4999999999999996,6.934673366834172,0.12074305084963044
135,2.4999999999999996,7.1356783919598,0.1018456104393033
136,2.4999999999999996,7.336683417085428,0.08629819643740241
137,2.4999999999999996,7.537688442211056,0.0734229638005263
138,2.4999999999999996,7.7386934673366845,0.06269571084068123
139,2.4999999999999996,7.939698492462313,0.053714338656281946
140,2.4999999999999996,8.14070351758794,0.04615702480274929
141,2.4999999999999996,8.341708542713569,0.039773445939695125
142,2.4999999999999996,8.542713567839197,0.034360318767904255
143,2.4999999999999996,8.743718592964825,0.029753769250248235
144,2.4999999999999996,8.944723618090453,0.025821671342431983
145,2.4999999999999996,9.145728643216081,0.022453798744155862
146,2.4999999999999996,9.34673366834171,0.01956131239448604
147,2.4999999999999996,9.547738693467338,0.017067674427681593
148,2.4999999999999996,9.748743718592966,0.014911254551616548
149,2.4999999999999996,9.949748743718594,0.013034085175934348
150,2.4999999999999996,10.150753768844222,0.011412905485742062
151,2.4999999999999996,10.35175879396985,0.00991224522639002
152,2.4999999999999996,10.552763819095478,0.008837042383674951
153,2.4999999999999996,10.753768844221106,0.007156214707055497
154,2.4999999999999996,10.954773869346734,0.007349943612603547
155,2.4999999999999996,11.155778894472363,0.004650383354293259
156,2.4999999999999996,11.35678391959799,0.006002673885047742
157,2.4999999999999996,11.557788944723619,0.009052081930201619
158,2.4999999999999996,11.758793969849247,0.001902272853952414
159,2.4999999999999996,11.959798994974875,0.029717659231155717
160,2.4999999999999996,12.160804020100507,0.024047156883904703
161,2.4999999999999996,12.361809045226131,0.04094783565772866
162,2.4999999999999996,12.562814070351763,0.09633413857565694
163,2.4999999999999996,12.763819095477388,0.10092402237224905
164,2.4999999999999996,12.96482412060302,0.11783175266292456
165,2.4999999999999996,13.165829145728644,0.19371480977082664
166,2.4999999999999996,13.366834170854275,0.22849629907911473
167,2.4999999999999996,13.5678391959799,0.21305759807508426
168,2.4999999999999996,13.768844221105532,0.2523777566964495
169,2.4999999999999996,13.969849246231156,0.3228128880207254
170,2.4999999999999996,14.170854271356788,0.3331271356918908
171,2.4999999999999996,14.371859296482413,0.3071459943895507
172,2.4999999999999996,14.572864321608044,0.31743633092688134
173,2.4999999999999996,14.773869346733669,0.36170021589288076
174,2.4999999999999996,14.9748743718593,0.3840205516370777
175,2.4999999999999996,15.175879396984925,0.3634444588797842
176,2.4999999999999996,15.376884422110557,0.33375372926670493
177,2.4999999999999996,15.577889447236181,0.3297466602139013
178,2.4999999999999996,15.778894472361813,0.34784491124189443
179,2.4999999999999996,15.979899497487438,0.35957712989544194
180,2.4999999999999996,16.18090452261307,0.3464164130091278
181,2.4999999999999996,16.381909547738694,0.3155231298727149
182,2.4999999999999996,16.582914572864325,0.2879293331319674
183,2.4999999999999996,16.78391959798995,0.2777991662164464
184,2.4999999999999996,16.98492462311558,0.2822366912457073
185,2.4999999999999996,17.185929648241206,0.2865294978951319
186,2.4999999999999996,17.386934673366838,0.2772890078490111
187,2.4999999999999996,17.587939698492463,0.25250514647360883
188,2.4999999999999996,17.788944723618094,0.2220411336694845
189,2.4999999999999996,17.98994974874372,0.20038572992790402
190,2.4999999999999996,18.19095477386935,0.1947937366561129
191,2.4999999999999996,18.391959798994975,0.1966322618638382
192,2.4999999999999996,18.592964824120607,0.1980082632729395
193,2.4999999999999996,18.79396984924623,0.19931691053523895
194,2.4999999999999996,18.994974874371863,0.1732326023781185
195,2.4999999999999996,19.195979899497488,0.12174153548188041
196,2.4999999999999996,19.39698492462312,0.110007709115507
197,2.4999999999999996,19.597989949748744,0.15637580335583873
198,2.4999999999999996,19.798994974874375,0.18603261187338122
199,2.4999999999999996,20.0,0.12405665362135249
