,t,height,fid
0,2.05,-20.0,0.23289013119764082
1,2.05,-19.798994974874372,0.2457474109705287
2,2.05,-19.597989949748744,0.26155812878439666
3,2.05,-19.396984924623116,0.27881804333866295
4,2.05,-19.195979899497488,0.29321986452958965
5,2.05,-18.99497487437186,0.3000865991239589
6,2.05,-18.79396984924623,0.3003556348974852
7,2.05,-18.592964824120603,0.29898754057766874
8,2.05,-18.391959798994975,0.2975797790501909
9,2.05,-18.190954773869347,0.2968449290469063
10,2.05,-17.98994974874372,0.3042716445855349
11,2.05,-17.78894472361809,0.3241071886779468
12,2.05,-17.587939698492463,0.3402957477326967
13,2.05,-17.386934673366834,0.3316679207128745
14,2.05,-17.185929648241206,0.30710712197233614
15,2.05,-16.984924623115578,0.2968733164207034
16,2.05,-16.78391959798995,0.30269189427177856
17,2.05,-16.582914572864322,0.2950256975439814
18,2.05,-16.381909547738694,0.27156200406887576
19,2.05,-16.180904522613066,0.2658287272759929
20,2.05,-15.979899497487438,0.27476116729660693
21,2.05,-15.77889447236181,0.2466726439669513
22,2.05,-15.577889447236181,0.1814655425003385
23,2.05,-15.376884422110553,0.15535915380402507
24,2.05,-15.175879396984925,0.18441685375891112
25,2.05,-14.974874371859297,0.17529935712408062
26,2.05,-14.773869346733669,0.09673077778686835
27,2.05,-14.57286432160804,0.05238841234076446
28,2.05,-14.371859296482413,0.07951021799961203
29,2.05,-14.170854271356784,0.07524982490710416
30,2.05,-13.969849246231156,0.020053542082693655
31,2.05,-13.768844221105528,0.008191973223242817
32,2.05,-13.5678391959799,0.027969802764921677
33,2.05,-13.366834170854272,0.01401133808094936
34,2.05,-13.165829145728644,0.0015700149709226424
35,2.05,-12.964824120603016,0.010368165185328803
36,2.05,-12.763819095477388,0.009623303818598019
37,2.05,-12.56281407035176,0.007006498680238203
38,2.05,-12.361809045226131,0.009483446586613322
39,2.05,-12.160804020100503,0.009919422421288453
40,2.05,-11.959798994974873,0.010496297488808417
41,2.05,-11.758793969849245,0.01161730132044753
42,2.05,-11.557788944723617,0.012633319844247771
43,2.05,-11.356783919597989,0.013848834237056544
44,2.05,-11.15577889447236,0.015222023874957679
45,2.05,-10.954773869346733,0.016768737818498167
46,2.05,-10.753768844221105,0.018517544753072605
47,2.05,-10.552763819095476,0.02049046216460494
48,2.05,-10.351758793969848,0.02271602488774947
49,2.05,-10.15075376884422,0.025228059117392752
50,2.05,-9.949748743718592,0.028063035748681735
51,2.05,-9.748743718592964,0.03126404838898386
52,2.05,-9.547738693467336,0.034881691829504353
53,2.05,-9.346733668341708,0.03897197549803713
54,2.05,-9.14572864321608,0.043603409643975674
55,2.05,-8.944723618090451,0.048854633190505384
56,2.05,-8.743718592964823,0.05482030844410015
57,2.05,-8.542713567839195,0.06161637920844884
58,2.05,-8.341708542713567,0.06938913044533812
59,2.05,-8.140703517587939,0.07831683291204607
60,2.05,-7.939698492462311,0.08863844313455983
61,2.05,-7.738693467336683,0.10064726070551268
62,2.05,-7.537688442211055,0.11472473031791978
63,2.05,-7.3366834170854265,0.13134228460174813
64,2.05,-7.135678391959798,0.15108524382262106
65,2.05,-6.93467336683417,0.1746530500628365
66,2.05,-6.733668341708542,0.20288473656573378
67,2.05,-6.532663316582914,0.23675918840067012
68,2.05,-6.331658291457286,0.2773720262910902
69,2.05,-6.130653266331658,0.32587148449579373
70,2.05,-5.92964824120603,0.38325980762529843
71,2.05,-5.7286432160804015,0.44997667294029237
72,2.05,-5.527638190954773,0.5252320802934572
73,2.05,-5.326633165829145,0.6063037213152639
74,2.05,-5.125628140703517,0.688255232471649
75,2.05,-4.924623115577889,0.7646180508568555
76,2.05,-4.723618090452261,0.8290659690337263
77,2.05,-4.522613065326633,0.8772366866731778
78,2.05,-4.321608040201005,0.9077770771537911
79,2.05,-4.1206030150753765,0.9221860407845415
80,2.05,-3.9195979899497466,0.9237397224381433
81,2.05,-3.7185929648241185,0.9162782293006414
82,2.05,-3.5175879396984904,0.9033075189741969
83,2.05,-3.3165829145728623,0.8875767737160406
84,2.05,-3.115577889447234,0.8710034913228739
85,2.05,-2.914572864321606,0.8548095327421863
86,2.05,-2.713567839195978,0.8396958458671652
87,2.05,-2.5125628140703498,0.8260093394428737
88,2.05,-2.3115577889447216,0.8138756636308734
89,2.05,-2.1105527638190935,0.8032857057332897
90,2.05,-1.9095477386934654,0.794160837523379
91,2.05,-1.7085427135678373,0.7863876197525809
92,2.05,-1.5075376884422091,0.7798435021014023
93,2.05,-1.306532663316581,0.774403372748114
94,2.05,-1.105527638190953,0.7699563818764773
95,2.05,-0.9045226130653248,0.7664040482505564
96,2.05,-0.7035175879396967,0.7636622956959779
97,2.05,-0.5025125628140685,0.7616666392202837
98,2.05,-0.3015075376884404,0.7603668007427451
99,2.05,-0.10050251256281229,0.759730049706337
100,2.05,0.10050251256281584,0.7597407140350602
101,2.05,0.30150753768844396,0.7604003280123521
102,2.05,0.5025125628140721,0.7617276932791006
103,2.05,0.7035175879397002,0.7637593530843562
104,2.05,0.9045226130653283,0.7665507104883572
105,2.05,1.1055276381909565,0.7701724818968885
106,2.05,1.3065326633165846,0.7747175125919801
107,2.05,1.5075376884422127,0.7802934902799793
108,2.05,1.7085427135678408,0.7870299496557818
109,2.05,1.909547738693469,0.7950655394104836
110,2.05,2.110552763819097,0.8045469800337284
111,2.05,2.311557788944725,0.8156165397005084
112,2.05,2.5125628140703533,0.8283881234841189
113,2.05,2.7135678391959814,0.8429140521654848
114,2.05,2.9145728643216096,0.8591188805432523
115,2.05,3.1155778894472377,0.8767106312154163
116,2.05,3.316582914572866,0.8950378443814087
117,2.05,3.517587939698494,0.912918031653995
118,2.05,3.718592964824122,0.9284156665926437
119,2.05,3.91959798994975,0.93869004407314
120,2.05,4.120603015075378,0.9400250645463374
121,2.05,4.321608040201006,0.928240968516331
122,2.05,4.5226130653266345,0.8996419925928473
123,2.05,4.723618090452263,0.8523698423691828
124,2.05,4.924623115577891,0.7876132508305395
125,2.05,5.125628140703519,0.709910995702445
126,2.05,5.326633165829147,0.6260124015548785
127,2.05,5.527638190954775,0.5428681285312356
128,2.05,5.728643216080403,0.46575294805309564
129,2.05,5.929648241206031,0.39750088871865646
130,2.05,6.1306532663316595,0.33884670228946395
131,2.05,6.331658291457288,0.2892269823889178
132,2.05,6.532663316582916,0.24753589199202328
133,2.05,6.733668341708544,0.21255880132628813
134,2.05,6.934673366834172,0.18317183900374798
135,2.05,7.1356783919598,0.15841627461647229
136,2.05,7.336683417085428,0.13748508450558003
137,2.05,7.537688442211056,0.1197209352048632
138,2.05,7.7386934673366845,0.10458199314650458
139,2.05,7.939698492462313,0.0916271920193293
140,2.05,8.14070351758794,0.08049179913682566
141,2.05,8.341708542713569,0.07088659930204885
142,2.05,8.542713567839197,0.06256485695081433
143,2.05,8.743718592964825,0.05533306774619002
144,2.05,8.944723618090453,0.049027755195504924
145,2.05,9.145728643216081,0.04351504851751965
146,2.05,9.34673366834171,0.03868391783237537
147,2.05,9.547738693467338,0.03444191686415347
148,2.05,9.748743718592966,0.03070891688768773
149,2.05,9.949748743718594,0.02742000978003503
150,2.05,10.150753768844222,0.024516628543262104
151,2.05,10.35175879396985,0.02195078287963143
152,2.05,10.552763819095478,0.01968155820923229
153,2.05,10.753768844221106,0.01767176294661151
154,2.05,10.954773869346734,0.015890149612577602
155,2.05,11.155778894472363,0.014312788170531759
156,2.05,11.35678391959799,0.012910765517136146
157,2.05,11.557788944723619,0.011659479920839757
158,2.05,11.758793969849247,0.010619405699930902
159,2.05,11.959798994974875,0.009464923725093164
160,2.05,12.160804020100507,0.008794681356302503
161,2.05,12.361809045226131,0.008460176172587581
162,2.05,12.562814070351763,0.005845846968098242
163,2.05,12.763819095477388,0.008193861586416551
164,2.05,12.96482412060302,0.009606787061902195
165,2.05,13.165829145728644,0.000872722679652742
166,2.05,13.366834170854275,0.012305049036731765
167,2.05,13.5678391959799,0.027926659237872974
168,2.05,13.768844221105532,0.011463285399514947
169,2.05,13.969849246231156,0.02126544595064343
170,2.05,14.170854271356788,0.07450724529833347
171,2.05,14.371859296482413,0.08743418689807993
172,2.05,14.572864321608044,0.06606904654391454
173,2.05,14.773869346733669,0.10021762981018574
174,2.05,14.9748743718593,0.174518978567696
175,2.05,15.175879396984925,0.20035350135562102
176,2.05,15.376884422110557,0.18074423431746728
177,2.05,15.577889447236181,0.18965000792786194
178,2.05,15.778894472361813,0.24085796177458485
179,2.05,15.979899497487438,0.2842078413428378
180,2.05,16.18090452261307,0.2949117646325179
181,2.05,16.381909547738694,0.2926292236285859
182,2.05,16.582914572864325,0.29399074469075526
183,2.05,16.78391959798995,0.2981355721621329
184,2.05,16.98492462311558,0.3076475365432733
185,2.05,17.185929648241206,0.32710344115581236
186,2.05,17.386934673366838,0.34551115906389673
187,2.05,17.587939698492463,0.3451828486871935
188,2.05,17.788944723618094,0.3263822692288318
189,2.05,17.98994974874372,0.30701130780920394
190,2.05,18.19095477386935,0.2999841413888579
191,2.05,18.391959798994975,0.30294001574779866
192,2.05,18.592964824120607,0.30788672764435754
193,2.05,18.79396984924623,0.3098364606304722
194,2.05,18.994974874371863,0.30593252633594986
195,2.05,19.195979899497488,0.2945817415543702
196,2.05,19.39698492462312,0.27777265295754966
197,2.05,19.597989949748744,0.2603897378906546
198,2.05,19.798994974874375,0.24621587737223175
199,2.05,20.0,0.23624150643991174
