,t,height,fid
0,2.3,-20.0,0.13950247219663103
1,2.3,-19.798994974874372,0.15946094829093987
2,2.3,-19.597989949748744,0.18666410180667384
3,2.3,-19.396984924623116,0.21078835674835258
4,2.3,-19.195979899497488,0.22867636270825095
5,2.3,-18.99497487437186,0.23694500246121322
6,2.3,-18.79396984924623,0.23715206604548045
7,2.3,-18.592964824120603,0.23594192465127514
8,2.3,-18.391959798994975,0.23975344878394814
9,2.3,-18.190954773869347,0.25159416083967856
10,2.3,-17.98994974874372,0.2701857111879644
11,2.3,-17.78894472361809,0.2909583320091585
12,2.3,-17.587939698492463,0.30797907959823845
13,2.3,-17.386934673366834,0.31689104666681295
14,2.3,-17.185929648241206,0.31730854672148107
15,2.3,-16.984924623115578,0.3131958534078725
16,2.3,-16.78391959798995,0.31252229655527863
17,2.3,-16.582914572864322,0.322126992680464
18,2.3,-16.381909547738694,0.33879551132931496
19,2.3,-16.180904522613066,0.35112749669898546
20,2.3,-15.979899497487438,0.3485445170214226
21,2.3,-15.77889447236181,0.32774964384526944
22,2.3,-15.577889447236181,0.3055688780865803
23,2.3,-15.376884422110553,0.30661381478139293
24,2.3,-15.175879396984925,0.3161990034123926
25,2.3,-14.974874371859297,0.2997985319780779
26,2.3,-14.773869346733669,0.26773296390293105
27,2.3,-14.57286432160804,0.2381223815784669
28,2.3,-14.371859296482413,0.20580568447296074
29,2.3,-14.170854271356784,0.19459490621226638
30,2.3,-13.969849246231156,0.18933325818691976
31,2.3,-13.768844221105528,0.12626719335127012
32,2.3,-13.5678391959799,0.07672619977141126
33,2.3,-13.366834170854272,0.10027482363689223
34,2.3,-13.165829145728644,0.07017073828328249
35,2.3,-12.964824120603016,0.012927655824476783
36,2.3,-12.763819095477388,0.033059374070233814
37,2.3,-12.56281407035176,0.02491445448375095
38,2.3,-12.361809045226131,0.00020639699425198168
39,2.3,-12.160804020100503,0.013879990010270174
40,2.3,-11.959798994974873,0.008510688808955473
41,2.3,-11.758793969849245,0.006926767052658966
42,2.3,-11.557788944723617,0.010145697908587978
43,2.3,-11.356783919597989,0.009252537303313924
44,2.3,-11.15577889447236,0.010667449002067475
45,2.3,-10.954773869346733,0.011484044394079275
46,2.3,-10.753768844221105,0.012608835658649158
47,2.3,-10.552763819095476,0.01390006473492563
48,2.3,-10.351758793969848,0.01538572376229128
49,2.3,-10.15075376884422,0.017106838714752007
50,2.3,-9.949748743718592,0.019092669555280217
51,2.3,-9.748743718592964,0.021382743537054962
52,2.3,-9.547738693467336,0.024023957228462827
53,2.3,-9.346733668341708,0.027070346048459787
54,2.3,-9.14572864321608,0.030584388671123917
55,2.3,-8.944723618090451,0.03464567829857704
56,2.3,-8.743718592964823,0.03934356926304097
57,2.3,-8.542713567839195,0.04478947501722396
58,2.3,-8.341708542713567,0.05111557638186694
59,2.3,-8.140703517587939,0.05848675254221839
60,2.3,-7.939698492462311,0.06710007486040728
61,2.3,-7.738693467336683,0.07720972513302765
62,2.3,-7.537688442211055,0.08913006378059073
63,2.3,-7.3366834170854265,0.10325972666456278
64,2.3,-7.135678391959798,0.12011704355391309
65,2.3,-6.93467336683417,0.14036756895312905
66,2.3,-6.733668341708542,0.16487408956940336
67,2.3,-6.532663316582914,0.194746376675722
68,2.3,-6.331658291457286,0.23139583945296344
69,2.3,-6.130653266331658,0.27655392895594016
70,2.3,-5.92964824120603,0.3321768769700989
71,2.3,-5.7286432160804015,0.4000643313781557
72,2.3,-5.527638190954773,0.4809399714902194
73,2.3,-5.326633165829145,0.5729164110666446
74,2.3,-5.125628140703517,0.6701361135615405
75,2.3,-4.924623115577889,0.7630490237980699
76,2.3,-4.723618090452261,0.8412446586072312
77,2.3,-4.522613065326633,0.8973412897534832
78,2.3,-4.321608040201005,0.9293764850530671
79,2.3,-4.1206030150753765,0.9403360860828268
80,2.3,-3.9195979899497466,0.9358555230252216
81,2.3,-3.7185929648241185,0.921855286428904
82,2.3,-3.5175879396984904,0.9031501639505966
83,2.3,-3.3165829145728623,0.883055253498074
84,2.3,-3.115577889447234,0.8635599320343827
85,2.3,-2.914572864321606,0.845707761041542
86,2.3,-2.713567839195978,0.8299341242968962
87,2.3,-2.5125628140703498,0.8163221449876213
88,2.3,-2.3115577889447216,0.8047678568829159
89,2.3,-2.1105527638190935,0.7950806807102108
90,2.3,-1.9095477386934654,0.787041104376808
91,2.3,-1.7085427135678373,0.7804302239622114
92,2.3,-1.5075376884422091,0.7750465832899206
93,2.3,-1.306532663316581,0.7707075996175095
94,2.3,-1.105527638190953,0.767260361961911
95,2.3,-0.9045226130653248,0.7645747038939489
96,2.3,-0.7035175879396967,0.7625481746001311
97,2.3,-0.5025125628140685,0.761098063302918
98,2.3,-0.3015075376884404,0.7601649451075279
99,2.3,-0.10050251256281229,0.759709850619709
100,2.3,0.10050251256281584,0.7597136766427233
101,2.3,0.30150753768844396,0.7601777261553012
102,2.3,0.5025125628140721,0.7611233312106881
103,2.3,0.7035175879397002,0.7625927456194944
104,2.3,0.9045226130653283,0.7646494865371083
105,2.3,1.1055276381909565,0.7673825547347651
106,2.3,1.3065326633165846,0.7709027649858826
107,2.3,1.5075376884422127,0.7753513617945855
108,2.3,1.7085427135678408,0.7808964718915576
109,2.3,1.909547738693469,0.7877408968976526
110,2.3,2.110552763819097,0.7961126732006474
111,2.3,2.311557788944725,0.8062663235618709
112,2.3,2.5125628140703533,0.8184678102073619
113,2.3,2.7135678391959814,0.8329681974851159
114,2.3,2.9145728643216096,0.8499500544443888
115,2.3,3.1155778894472377,0.8694223828001553
116,2.3,3.316582914572866,0.891059811767742
117,2.3,3.517587939698494,0.9139278037259753
118,2.3,3.718592964824122,0.9360959713694829
119,2.3,3.91959798994975,0.9541987664533752
120,2.3,4.120603015075378,0.9631618765662239
121,2.3,4.321608040201006,0.9565094502882117
122,2.3,4.5226130653266345,0.9277874189088314
123,2.3,4.723618090452263,0.8731631875117143
124,2.3,4.924623115577891,0.7941603616700411
125,2.3,5.125628140703519,0.6984487212278
126,2.3,5.326633165829147,0.597313590403639
127,2.3,5.527638190954775,0.5012707063754482
128,2.3,5.728643216080403,0.4167764706922613
129,2.3,5.929648241206031,0.34587592948090345
130,2.3,6.1306532663316595,0.28775583906041985
131,2.3,6.331658291457288,0.24049287574943826
132,2.3,6.532663316582916,0.20204066749259544
133,2.3,6.733668341708544,0.17062532624403998
134,2.3,6.934673366834172,0.14480479159049656
135,2.3,7.1356783919598,0.12345344190386309
136,2.3,7.336683417085428,0.1056893889740595
137,2.3,7.537688442211056,0.09082391931589433
138,2.3,7.7386934673366845,0.07831569088573673
139,2.3,7.939698492462313,0.06774124311297056
140,2.3,8.14070351758794,0.0587623678057126
141,2.3,8.341708542713569,0.0511046772074846
142,2.3,8.542713567839197,0.04455385656017137
143,2.3,8.743718592964825,0.038930599934366324
144,2.3,8.944723618090453,0.034091281842954596
145,2.3,9.145728643216081,0.029915548368302913
146,2.3,9.34673366834171,0.02630556076997595
147,2.3,9.547738693467338,0.023177135272237064
148,2.3,9.748743718592966,0.020463548751332786
149,2.3,9.949748743718594,0.018105449129242203
150,2.3,10.150753768844222,0.01605444256939892
151,2.3,10.35175879396985,0.014269425134600515
152,2.3,10.552763819095478,0.012716963369568233
153,2.3,10.753768844221106,0.011364072117489795
154,2.3,10.954773869346734,0.01015296750542218
155,2.3,11.155778894472363,0.00930241073956524
156,2.3,11.35678391959799,0.007773532626798526
157,2.3,11.557788944723619,0.008568066621160093
158,2.3,11.758793969849247,0.0056484858754009895
159,2.3,11.959798994974875,0.006441093438721068
160,2.3,12.160804020100507,0.01286010661577943
161,2.3,12.361809045226131,0.00016712533234668588
162,2.3,12.562814070351763,0.02203520559432126
163,2.3,12.763819095477388,0.03626532934818845
164,2.3,12.96482412060302,0.018024724394776148
165,2.3,13.165829145728644,0.06706919333007913
166,2.3,13.366834170854275,0.11027784707892703
167,2.3,13.5678391959799,0.09306780092357166
168,2.3,13.768844221105532,0.12472801033599405
169,2.3,13.969849246231156,0.19678073005084498
170,2.3,14.170854271356788,0.22102642669818204
171,2.3,14.371859296482413,0.21648152238132332
172,2.3,14.572864321608044,0.2366379727745377
173,2.3,14.773869346733669,0.282511540697152
174,2.3,14.9748743718593,0.3218191915872762
175,2.3,15.175879396984925,0.326473347409014
176,2.3,15.376884422110557,0.30981103393928466
177,2.3,15.577889447236181,0.31160349062952997
178,2.3,15.778894472361813,0.3388386302291229
179,2.3,15.979899497487438,0.3620434271839093
180,2.3,16.18090452261307,0.3609005438569271
181,2.3,16.381909547738694,0.34177854146609615
182,2.3,16.582914572864325,0.3227718002136495
183,2.3,16.78391959798995,0.3165244569448546
184,2.3,16.98492462311558,0.3215942025894918
185,2.3,17.185929648241206,0.32687078998215713
186,2.3,17.386934673366838,0.32313761079129205
187,2.3,17.587939698492463,0.30890399908134314
188,2.3,17.788944723618094,0.28875083377029204
189,2.3,17.98994974874372,0.2691987143569881
190,2.3,18.19095477386935,0.2549104678728058
191,2.3,18.391959798994975,0.2470380380910442
192,2.3,18.592964824120607,0.24369624066605775
193,2.3,18.79396984924623,0.2412126300301032
194,2.3,18.994974874371863,0.23541053900202205
195,2.3,19.195979899497488,0.22314183819472547
196,2.3,19.39698492462312,0.20563433699478234
197,2.3,19.597989949748744,0.1867114382716056
198,2.3,19.798994974874375,0.16549784095449152
199,2.3,20.0,0.14714577783363703
