,t,height,fid
0,1.9999999999999996,-20.0,0.23757431025595843
1,1.9999999999999996,-19.798994974874372,0.24478022881280434
2,1.9999999999999996,-19.597989949748744,0.26391667679172454
3,1.9999999999999996,-19.396984924623116,0.2902488964515945
4,1.9999999999999996,-19.195979899497488,0.3120161101600681
5,1.9999999999999996,-18.99497487437186,0.3212828315285634
6,1.9999999999999996,-18.79396984924623,0.3192697879496044
7,1.9999999999999996,-18.592964824120603,0.30883677152983235
8,1.9999999999999996,-18.391959798994975,0.29162313431690157
9,1.9999999999999996,-18.190954773869347,0.27922162517775584
10,1.9999999999999996,-17.98994974874372,0.2924732271484596
11,1.9999999999999996,-17.78894472361809,0.3318427140939518
12,1.9999999999999996,-17.587939698492463,0.35950982365837203
13,1.9999999999999996,-17.386934673366834,0.3382624731413588
14,1.9999999999999996,-17.185929648241206,0.2857653579641112
15,1.9999999999999996,-16.984924623115578,0.25813893268028654
16,1.9999999999999996,-16.78391959798995,0.2737986281618628
17,1.9999999999999996,-16.582914572864322,0.29029854695309193
18,1.9999999999999996,-16.381909547738694,0.2721280196677981
19,1.9999999999999996,-16.180904522613066,0.23925958570490208
20,1.9999999999999996,-15.979899497487438,0.21945305609974616
21,1.9999999999999996,-15.77889447236181,0.19843883719110683
22,1.9999999999999996,-15.577889447236181,0.16214409696530335
23,1.9999999999999996,-15.376884422110553,0.1387764664997498
24,1.9999999999999996,-15.175879396984925,0.14006784624404905
25,1.9999999999999996,-14.974874371859297,0.12055934699068392
26,1.9999999999999996,-14.773869346733669,0.06639641846241202
27,1.9999999999999996,-14.57286432160804,0.039067507336923366
28,1.9999999999999996,-14.371859296482413,0.05348600474450507
29,1.9999999999999996,-14.170854271356784,0.04347395634967229
30,1.9999999999999996,-13.969849246231156,0.00798236637984242
31,1.9999999999999996,-13.768844221105528,0.006050259164791931
32,1.9999999999999996,-13.5678391959799,0.017669273696301772
33,1.9999999999999996,-13.366834170854272,0.0074722152330943615
34,1.9999999999999996,-13.165829145728644,0.0032033497818129745
35,1.9999999999999996,-12.964824120603016,0.009031538691858658
36,1.9999999999999996,-12.763819095477388,0.008211968769689965
37,1.9999999999999996,-12.56281407035176,0.007910794705214507
38,1.9999999999999996,-12.361809045226131,0.009708402304337853
39,1.9999999999999996,-12.160804020100503,0.010434801403730227
40,1.9999999999999996,-11.959798994974873,0.011456251861794147
41,1.9999999999999996,-11.758793969849245,0.012711220486645138
42,1.9999999999999996,-11.557788944723617,0.014019782654275047
43,1.9999999999999996,-11.356783919597989,0.015507288575935176
44,1.9999999999999996,-11.15577889447236,0.01716903431237884
45,1.9999999999999996,-10.954773869346733,0.019029404608759827
46,1.9999999999999996,-10.753768844221105,0.02111540898464471
47,1.9999999999999996,-10.552763819095476,0.023458362027028584
48,1.9999999999999996,-10.351758793969848,0.02609235111136538
49,1.9999999999999996,-10.15075376884422,0.029055166806676306
50,1.9999999999999996,-9.949748743718592,0.03239202603514193
51,1.9999999999999996,-9.748743718592964,0.03615318361831356
52,1.9999999999999996,-9.547738693467336,0.04039383158498881
53,1.9999999999999996,-9.346733668341708,0.045178976464761766
54,1.9999999999999996,-9.14572864321608,0.0505787526516072
55,1.9999999999999996,-8.944723618090451,0.05667417305009271
56,1.9999999999999996,-8.743718592964823,0.06355408938829211
57,1.9999999999999996,-8.542713567839195,0.07132392117160756
58,1.9999999999999996,-8.341708542713567,0.08010449589943751
59,1.9999999999999996,-8.140703517587939,0.09005075719497016
60,1.9999999999999996,-7.939698492462311,0.10134977536526289
61,1.9999999999999996,-7.738693467336683,0.11425431518162156
62,1.9999999999999996,-7.537688442211055,0.12908730530861814
63,1.9999999999999996,-7.3366834170854265,0.1462730932050539
64,1.9999999999999996,-7.135678391959798,0.1663460259258459
65,1.9999999999999996,-6.93467336683417,0.1899684946773711
66,1.9999999999999996,-6.733668341708542,0.21794628996309948
67,1.9999999999999996,-6.532663316582914,0.2512226574915915
68,1.9999999999999996,-6.331658291457286,0.2908422618421189
69,1.9999999999999996,-6.130653266331658,0.33787536873323526
70,1.9999999999999996,-5.92964824120603,0.39318613479433756
71,1.9999999999999996,-5.7286432160804015,0.45706605319103216
72,1.9999999999999996,-5.527638190954773,0.5286130670590182
73,1.9999999999999996,-5.326633165829145,0.6051892997922923
74,1.9999999999999996,-5.125628140703517,0.6822568925346968
75,1.9999999999999996,-4.924623115577889,0.7540383900590676
76,1.9999999999999996,-4.723618090452261,0.8149552582170042
77,1.9999999999999996,-4.522613065326633,0.8611453509234543
78,1.9999999999999996,-4.321608040201005,0.8913317687367331
79,1.9999999999999996,-4.1206030150753765,0.9067060294717024
80,1.9999999999999996,-3.9195979899497466,0.9100598918929816
81,1.9999999999999996,-3.7185929648241185,0.9047592526699962
82,1.9999999999999996,-3.5175879396984904,0.8939594326428305
83,1.9999999999999996,-3.3165829145728623,0.8802011657079695
84,1.9999999999999996,-3.115577889447234,0.8653089971223776
85,1.9999999999999996,-2.914572864321606,0.8504905391944382
86,1.9999999999999996,-2.713567839195978,0.8364668365710654
87,1.9999999999999996,-2.5125628140703498,0.823624005940634
88,1.9999999999999996,-2.3115577889447216,0.8121305469785708
89,1.9999999999999996,-2.1105527638190935,0.8020170072118948
90,1.9999999999999996,-1.9095477386934654,0.7932393134078641
91,1.9999999999999996,-1.7085427135678373,0.7857135119534611
92,1.9999999999999996,-1.5075376884422091,0.7793411218220508
93,1.9999999999999996,-1.306532663316581,0.7740176615534956
94,1.9999999999999996,-1.105527638190953,0.7696492800185345
95,1.9999999999999996,-0.9045226130653248,0.7661523860285733
96,1.9999999999999996,-0.7035175879396967,0.7634548503239204
97,1.9999999999999996,-0.5025125628140685,0.7615031496601236
98,1.9999999999999996,-0.3015075376884404,0.7602557197072479
99,1.9999999999999996,-0.10050251256281229,0.7596874978585458
100,1.9999999999999996,0.10050251256281584,0.7597892564068451
101,1.9999999999999996,0.30150753768844396,0.7605668380198901
102,1.9999999999999996,0.5025125628140721,0.762042003410969
103,1.9999999999999996,0.7035175879397002,0.7642522809283204
104,1.9999999999999996,0.9045226130653283,0.7672523458809285
105,1.9999999999999996,1.1055276381909565,0.7711097415252455
106,1.9999999999999996,1.3065326633165846,0.7759114525860117
107,1.9999999999999996,1.5075376884422127,0.7817571596049302
108,1.9999999999999996,1.7085427135678408,0.7887643936187136
109,1.9999999999999996,1.909547738693469,0.79705557133046
110,1.9999999999999996,2.110552763819097,0.8067569964642844
111,1.9999999999999996,2.311557788944725,0.8179831570054146
112,1.9999999999999996,2.5125628140703533,0.8308146761934896
113,1.9999999999999996,2.7135678391959814,0.8452615433665228
114,1.9999999999999996,2.9145728643216096,0.8611998089267651
115,1.9999999999999996,3.1155778894472377,0.8782855239176155
116,1.9999999999999996,3.316582914572866,0.8958215331846875
117,1.9999999999999996,3.517587939698494,0.9126070030698586
118,1.9999999999999996,3.718592964824122,0.9267455334257322
119,1.9999999999999996,3.91959798994975,0.9355349442547917
120,1.9999999999999996,4.120603015075378,0.9355297973426583
121,1.9999999999999996,4.321608040201006,0.9229454338513902
122,1.9999999999999996,4.5226130653266345,0.8945108572842517
123,1.9999999999999996,4.723618090452263,0.8486366137250366
124,1.9999999999999996,4.924623115577891,0.7864397137175793
125,1.9999999999999996,5.125628140703519,0.711990438583038
126,1.9999999999999996,5.326633165829147,0.6313542291762386
127,1.9999999999999996,5.527638190954775,0.5508869914185014
128,1.9999999999999996,5.728643216080403,0.47558108202505905
129,1.9999999999999996,5.929648241206031,0.40831029876087516
130,1.9999999999999996,6.1306532663316595,0.3500091058053544
131,1.9999999999999996,6.331658291457288,0.3003427836810357
132,1.9999999999999996,6.532663316582916,0.25837571458633835
133,1.9999999999999996,6.733668341708544,0.22300078836890674
134,1.9999999999999996,6.934673366834172,0.19315840571921544
135,1.9999999999999996,7.1356783919598,0.16791222051580734
136,1.9999999999999996,7.336683417085428,0.14647247737480393
137,1.9999999999999996,7.537688442211056,0.12818696183864664
138,1.9999999999999996,7.7386934673366845,0.1125195310700626
139,1.9999999999999996,7.939698492462313,0.09903176318159185
140,1.9999999999999996,8.14070351758794,0.08736816175984158
141,1.9999999999999996,8.341708542713569,0.0772400166945437
142,1.9999999999999996,8.542713567839197,0.06841389496441311
143,1.9999999999999996,8.743718592964825,0.060697268331092194
144,1.9999999999999996,8.944723618090453,0.05393348549792733
145,1.9999999999999996,9.145728643216081,0.047990732530545165
146,1.9999999999999996,9.34673366834171,0.0427593204239461
147,1.9999999999999996,9.547738693467338,0.03814639779706871
148,1.9999999999999996,9.748743718592966,0.0340729161771985
149,1.9999999999999996,9.949748743718594,0.03046926241716689
150,1.9999999999999996,10.150753768844222,0.02727889486311913
151,1.9999999999999996,10.35175879396985,0.024447554824211057
152,1.9999999999999996,10.552763819095478,0.021933578399843986
153,1.9999999999999996,10.753768844221106,0.019698913570903063
154,1.9999999999999996,10.954773869346734,0.01770891745790432
155,1.9999999999999996,11.155778894472363,0.01593525221907669
156,1.9999999999999996,11.35678391959799,0.014352843400041991
157,1.9999999999999996,11.557788944723619,0.012933636015598675
158,1.9999999999999996,11.758793969849247,0.011692022913055326
159,1.9999999999999996,11.959798994974875,0.010503454395216672
160,1.9999999999999996,12.160804020100507,0.009495654276458043
161,1.9999999999999996,12.361809045226131,0.00890946139173977
162,1.9999999999999996,12.562814070351763,0.007144956114368288
163,1.9999999999999996,12.763819095477388,0.007206131744339473
164,1.9999999999999996,12.96482412060302,0.008745662517408374
165,1.9999999999999996,13.165829145728644,0.0029367846369079387
166,1.9999999999999996,13.366834170854275,0.005967792601873416
167,1.9999999999999996,13.5678391959799,0.018417646441851246
168,1.9999999999999996,13.768844221105532,0.008955673256795556
169,1.9999999999999996,13.969849246231156,0.007426971130330945
170,1.9999999999999996,14.170854271356788,0.04386256041982925
171,1.9999999999999996,14.371859296482413,0.06279402886238017
172,1.9999999999999996,14.572864321608044,0.04867239104812478
173,1.9999999999999996,14.773869346733669,0.0668987514215117
174,1.9999999999999996,14.9748743718593,0.12490178031818613
175,1.9999999999999996,15.175879396984925,0.1601237736399332
176,1.9999999999999996,15.376884422110557,0.1584685600488653
177,1.9999999999999996,15.577889447236181,0.16435063990515986
178,1.9999999999999996,15.778894472361813,0.19796201908875896
179,1.9999999999999996,15.979899497487438,0.23885135725340786
180,1.9999999999999996,16.18090452261307,0.2688904503287362
181,1.9999999999999996,16.381909547738694,0.28440826472669645
182,1.9999999999999996,16.582914572864325,0.28370871070848164
183,1.9999999999999996,16.78391959798995,0.27428505912227213
184,1.9999999999999996,16.98492462311558,0.2789125218393213
185,1.9999999999999996,17.185929648241206,0.31009452260838144
186,1.9999999999999996,17.386934673366838,0.3467071474067457
187,1.9999999999999996,17.587939698492463,0.3554156059651711
188,1.9999999999999996,17.788944723618094,0.3311365633539258
189,1.9999999999999996,17.98994974874372,0.300984798635802
190,1.9999999999999996,18.19095477386935,0.29064230480049097
191,1.9999999999999996,18.391959798994975,0.3007212639290355
192,1.9999999999999996,18.592964824120607,0.3161718483592945
193,1.9999999999999996,18.79396984924623,0.3252285792036406
194,1.9999999999999996,18.994974874371863,0.32381528874611365
195,1.9999999999999996,19.195979899497488,0.31116811379233694
196,1.9999999999999996,19.39698492462312,0.2897725138594274
197,1.9999999999999996,19.597989949748744,0.2669826340666221
198,1.9999999999999996,19.798994974874375,0.25092803635536054
199,1.9999999999999996,20.0,0.2444914320198158
