,t,height,fid
0,2.3999999999999995,-20.0,0.17215344703571822
1,2.3999999999999995,-19.798994974874372,0.16689992273662818
2,2.3999999999999995,-19.597989949748744,0.16423268142920197
3,2.3999999999999995,-19.396984924623116,0.17426355903452762
4,2.3999999999999995,-19.195979899497488,0.1744083504632694
5,2.3999999999999995,-18.99497487437186,0.1763887431222158
6,2.3999999999999995,-18.79396984924623,0.19448311456672246
7,2.3999999999999995,-18.592964824120603,0.21985563533164632
8,2.3999999999999995,-18.391959798994975,0.23780771596499947
9,2.3999999999999995,-18.190954773869347,0.24313866826093106
10,2.3999999999999995,-17.98994974874372,0.24121568142657748
11,2.3999999999999995,-17.78894472361809,0.24416813970050075
12,2.3999999999999995,-17.587939698492463,0.2610621993235299
13,2.3999999999999995,-17.386934673366834,0.2886731911780496
14,2.3999999999999995,-17.185929648241206,0.31238102924524824
15,2.3999999999999995,-16.984924623115578,0.318459923410587
16,2.3999999999999995,-16.78391959798995,0.30812853372639876
17,2.3999999999999995,-16.582914572864322,0.2996309174319481
18,2.3999999999999995,-16.381909547738694,0.3124362700478582
19,2.3999999999999995,-16.180904522613066,0.34459423321410454
20,2.3999999999999995,-15.979899497487438,0.36903678258300077
21,2.3999999999999995,-15.77889447236181,0.3597714559001878
22,2.3999999999999995,-15.577889447236181,0.32464986815044633
23,2.3999999999999995,-15.376884422110553,0.3066460773459074
24,2.3999999999999995,-15.175879396984925,0.33148367039756355
25,2.3999999999999995,-14.974874371859297,0.36056512266574403
26,2.3999999999999995,-14.773869346733669,0.3379603092931383
27,2.3999999999999995,-14.57286432160804,0.27221143759125804
28,2.3999999999999995,-14.371859296482413,0.2382954044707031
29,2.3999999999999995,-14.170854271356784,0.2745833908482228
30,2.3999999999999995,-13.969849246231156,0.2774272402072837
31,2.3999999999999995,-13.768844221105528,0.17453910436698494
32,2.3999999999999995,-13.5678391959799,0.12730973631903245
33,2.3999999999999995,-13.366834170854272,0.1772552030232763
34,2.3999999999999995,-13.165829145728644,0.12388932951901806
35,2.3999999999999995,-12.964824120603016,0.04113721109456273
36,2.3999999999999995,-12.763819095477388,0.06691818066065311
37,2.3999999999999995,-12.56281407035176,0.04939047363058928
38,2.3999999999999995,-12.361809045226131,0.004553249761557344
39,2.3999999999999995,-12.160804020100503,0.017795076638787516
40,2.3999999999999995,-11.959798994974873,0.009870315757146952
41,2.3999999999999995,-11.758793969849245,0.0010786657040719235
42,2.3999999999999995,-11.557788944723617,0.006809631003212362
43,2.3999999999999995,-11.356783919597989,0.003798118311055289
44,2.3999999999999995,-11.15577889447236,0.005183090485039731
45,2.3999999999999995,-10.954773869346733,0.005920941396402513
46,2.3999999999999995,-10.753768844221105,0.006746872862513421
47,2.3999999999999995,-10.552763819095476,0.007956669716237768
48,2.3999999999999995,-10.351758793969848,0.00926458796667242
49,2.3999999999999995,-10.15075376884422,0.010828889664328642
50,2.3999999999999995,-9.949748743718592,0.012629242623577404
51,2.3999999999999995,-9.748743718592964,0.014712843533341584
52,2.3999999999999995,-9.547738693467336,0.01712014408069381
53,2.3999999999999995,-9.346733668341708,0.01990517965977787
54,2.3999999999999995,-9.14572864321608,0.023131794916311243
55,2.3999999999999995,-8.944723618090451,0.026881520452597667
56,2.3999999999999995,-8.743718592964823,0.031248111308037924
57,2.3999999999999995,-8.542713567839195,0.036352730977147835
58,2.3999999999999995,-8.341708542713567,0.04233898549852543
59,2.3999999999999995,-8.140703517587939,0.04938464748311093
60,2.3999999999999995,-7.939698492462311,0.05771008940766403
61,2.3999999999999995,-7.738693467336683,0.0675895778172113
62,2.3999999999999995,-7.537688442211055,0.07936810030384989
63,2.3999999999999995,-7.3366834170854265,0.09347881590819881
64,2.3999999999999995,-7.135678391959798,0.11046783868728773
65,2.3999999999999995,-6.93467336683417,0.131031897090821
66,2.3999999999999995,-6.733668341708542,0.15606217186066923
67,2.3999999999999995,-6.532663316582914,0.18669248745116557
68,2.3999999999999995,-6.331658291457286,0.22436739787537058
69,2.3999999999999995,-6.130653266331658,0.27089589199870073
70,2.3999999999999995,-5.92964824120603,0.32840125746250337
71,2.3999999999999995,-5.7286432160804015,0.3989987792685741
72,2.3999999999999995,-5.527638190954773,0.48382116119110496
73,2.3999999999999995,-5.326633165829145,0.5811356056459998
74,2.3999999999999995,-5.125628140703517,0.6844086000592895
75,2.3999999999999995,-4.924623115577889,0.782395490104409
76,2.3999999999999995,-4.723618090452261,0.8627467439757924
77,2.3999999999999995,-4.522613065326633,0.9171429574473058
78,2.3999999999999995,-4.321608040201005,0.9442384207135796
79,2.3999999999999995,-4.1206030150753765,0.948621682127368
80,2.3999999999999995,-3.9195979899497466,0.9375468684197119
81,2.3999999999999995,-3.7185929648241185,0.9179852493059527
82,2.3999999999999995,-3.5175879396984904,0.8951682038335831
83,2.3999999999999995,-3.3165829145728623,0.8723920373346867
84,2.3999999999999995,-3.115577889447234,0.8514193656899269
85,2.3999999999999995,-2.914572864321606,0.8330153397114055
86,2.3999999999999995,-2.713567839195978,0.8173628053713843
87,2.3999999999999995,-2.5125628140703498,0.8043337609708133
88,2.3999999999999995,-2.3115577889447216,0.7936648406796596
89,2.3999999999999995,-2.1105527638190935,0.7850480908043797
90,2.3999999999999995,-1.9095477386934654,0.7781786092447099
91,2.3999999999999995,-1.7085427135678373,0.7727716483470233
92,2.3999999999999995,-1.5075376884422091,0.768580644712298
93,2.3999999999999995,-1.306532663316581,0.7653920039432459
94,2.3999999999999995,-1.105527638190953,0.7630297925086124
95,2.3999999999999995,-0.9045226130653248,0.7613471876743135
96,2.3999999999999995,-0.7035175879396967,0.7602275130575028
97,2.3999999999999995,-0.5025125628140685,0.7595804981344265
98,2.3999999999999995,-0.3015075376884404,0.7593404211555642
99,2.3999999999999995,-0.10050251256281229,0.7594642821824173
100,2.3999999999999995,0.10050251256281584,0.7599292611002278
101,2.3999999999999995,0.30150753768844396,0.7607340345080105
102,2.3999999999999995,0.5025125628140721,0.7618980109330274
103,2.3999999999999995,0.7035175879397002,0.7634608849667224
104,2.3999999999999995,0.9045226130653283,0.7654869442682628
105,2.3999999999999995,1.1055276381909565,0.7680650476515813
106,2.3999999999999995,1.3065326633165846,0.7713084844892074
107,2.3999999999999995,1.5075376884422127,0.7753634248744998
108,2.3999999999999995,1.7085427135678408,0.7804076387160246
109,2.3999999999999995,1.909547738693469,0.7866595214328901
110,2.3999999999999995,2.110552763819097,0.794371420152243
111,2.3999999999999995,2.311557788944725,0.8038337755691621
112,2.3999999999999995,2.5125628140703533,0.8153662627012405
113,2.3999999999999995,2.7135678391959814,0.8292964343249575
114,2.3999999999999995,2.9145728643216096,0.8459138544999638
115,2.3999999999999995,3.1155778894472377,0.8653748495596194
116,2.3999999999999995,3.316582914572866,0.8875354752320893
117,2.3999999999999995,3.517587939698494,0.9116541281378634
118,2.3999999999999995,3.718592964824122,0.9359572172938151
119,2.3999999999999995,3.91959798994975,0.9570408475827665
120,2.3999999999999995,4.120603015075378,0.9694195514423255
121,2.3999999999999995,4.321608040201006,0.9656507915561258
122,2.3999999999999995,4.5226130653266345,0.9378897760966269
123,2.3999999999999995,4.723618090452263,0.8811034227916257
124,2.3999999999999995,4.924623115577891,0.7967380357188889
125,2.3999999999999995,5.125628140703519,0.6939309197337608
126,2.3999999999999995,5.326633165829147,0.5862065530609895
127,2.3999999999999995,5.527638190954775,0.48568228443441663
128,2.3999999999999995,5.728643216080403,0.3990912831223605
129,2.3999999999999995,5.929648241206031,0.32785446589482703
130,2.3999999999999995,6.1306532663316595,0.2703921777909583
131,2.3999999999999995,6.331658291457288,0.22422747159967948
132,2.3999999999999995,6.532663316582916,0.1870124484570451
133,2.3999999999999995,6.733668341708544,0.15682022001477763
134,2.3999999999999995,6.934673366834172,0.1321533606923447
135,2.3999999999999995,7.1356783919598,0.11186320383723046
136,2.3999999999999995,7.336683417085428,0.09506468038815115
137,2.3999999999999995,7.537688442211056,0.08107407435888973
138,2.3999999999999995,7.7386934673366845,0.06936185300621449
139,2.3999999999999995,7.939698492462313,0.05950585948334885
140,2.3999999999999995,8.14070351758794,0.05117614807595228
141,2.3999999999999995,8.341708542713569,0.04410926607489649
142,2.3999999999999995,8.542713567839197,0.03809048462786968
143,2.3999999999999995,8.743718592964825,0.03294844124437669
144,2.3999999999999995,8.944723618090453,0.028540364375994883
145,2.3999999999999995,9.145728643216081,0.0247511880341087
146,2.3999999999999995,9.34673366834171,0.021485988110243746
147,2.3999999999999995,9.547738693467338,0.018665088389133458
148,2.3999999999999995,9.748743718592966,0.016222066254148775
149,2.3999999999999995,9.949748743718594,0.01410385601375588
150,2.3999999999999995,10.150753768844222,0.012266596736789303
151,2.3999999999999995,10.35175879396985,0.010661246654578196
152,2.3999999999999995,10.552763819095478,0.009301480546463462
153,2.3999999999999995,10.753768844221106,0.008034193897948176
154,2.3999999999999995,10.954773869346734,0.007093259320801315
155,2.3999999999999995,11.155778894472363,0.006336725549896273
156,2.3999999999999995,11.35678391959799,0.004557279922933312
157,2.3999999999999995,11.557788944723619,0.007970581869359976
158,2.3999999999999995,11.758793969849247,0.001060952884480167
159,2.3999999999999995,11.959798994974875,0.011579825452335475
160,2.3999999999999995,12.160804020100507,0.017439456024253
161,2.3999999999999995,12.361809045226131,0.006867380856193699
162,2.3999999999999995,12.562814070351763,0.05314113266099672
163,2.3999999999999995,12.763819095477388,0.06602303223598263
164,2.3999999999999995,12.96482412060302,0.052273887867693235
165,2.3999999999999995,13.165829145728644,0.1294978573030461
166,2.3999999999999995,13.366834170854275,0.17730656316713717
167,2.3999999999999995,13.5678391959799,0.14542973638522153
168,2.3999999999999995,13.768844221105532,0.18680473445632748
169,2.3999999999999995,13.969849246231156,0.27726526397464313
170,2.3999999999999995,14.170854271356788,0.2875048273833629
171,2.3999999999999995,14.371859296482413,0.25755207030918753
172,2.3999999999999995,14.572864321608044,0.2813336074900681
173,2.3999999999999995,14.773869346733669,0.341796700904211
174,2.3999999999999995,14.9748743718593,0.36826889288413356
175,2.3999999999999995,15.175879396984925,0.3448455587104597
176,2.3999999999999995,15.376884422110557,0.3195454499862859
177,2.3999999999999995,15.577889447236181,0.3304408527582965
178,2.3999999999999995,15.778894472361813,0.3607504581862253
179,2.3999999999999995,15.979899497487438,0.37241359935970747
180,2.3999999999999995,16.18090452261307,0.3533074905446607
181,2.3999999999999995,16.381909547738694,0.3229683804095359
182,2.3999999999999995,16.582914572864325,0.3061563495128028
183,2.3999999999999995,16.78391959798995,0.30850950547071637
184,2.3999999999999995,16.98492462311558,0.3161996596550538
185,2.3999999999999995,17.185929648241206,0.31301734564026124
186,2.3999999999999995,17.386934673366838,0.29475822538570096
187,2.3999999999999995,17.587939698492463,0.27003115501819863
188,2.3999999999999995,17.788944723618094,0.2505832510080941
189,2.3999999999999995,17.98994974874372,0.24135290275033622
190,2.3999999999999995,18.19095477386935,0.2380886576981285
191,2.3999999999999995,18.391959798994975,0.23282336640570947
192,2.3999999999999995,18.592964824120607,0.22039408228549462
193,2.3999999999999995,18.79396984924623,0.20145699122305666
194,2.3999999999999995,18.994974874371863,0.1858878700083807
195,2.3999999999999995,19.195979899497488,0.18112944852453758
196,2.3999999999999995,19.39698492462312,0.1726125441785752
197,2.3999999999999995,19.597989949748744,0.15355531172049777
198,2.3999999999999995,19.798994974874375,0.15564513422942397
199,2.3999999999999995,20.0,0.1729601735694034
