,t,height,fid
0,2.4499999999999997,-20.0,0.1821030489088809
1,2.4499999999999997,-19.798994974874372,0.19353739657205682
2,2.4499999999999997,-19.597989949748744,0.14472118343272974
3,2.4499999999999997,-19.396984924623116,0.1261117693295618
4,2.4499999999999997,-19.195979899497488,0.14386749346440203
5,2.4499999999999997,-18.99497487437186,0.17023780305468406
6,2.4499999999999997,-18.79396984924623,0.19598177384668444
7,2.4499999999999997,-18.592964824120603,0.21953780049680285
8,2.4499999999999997,-18.391959798994975,0.22737699807721343
9,2.4499999999999997,-18.190954773869347,0.21874838657729934
10,2.4499999999999997,-17.98994974874372,0.21200938593074328
11,2.4499999999999997,-17.78894472361809,0.22317935401939656
12,2.4499999999999997,-17.587939698492463,0.25370417351390107
13,2.4499999999999997,-17.386934673366834,0.28875684826839176
14,2.4499999999999997,-17.185929648241206,0.3080631226873674
15,2.4499999999999997,-16.984924623115578,0.3032431521407212
16,2.4499999999999997,-16.78391959798995,0.287188684692098
17,2.4499999999999997,-16.582914572864322,0.28498348636945653
18,2.4499999999999997,-16.381909547738694,0.31083353544033354
19,2.4499999999999997,-16.180904522613066,0.3506816638679227
20,2.4499999999999997,-15.979899497487438,0.3709531405311722
21,2.4499999999999997,-15.77889447236181,0.3529356147512878
22,2.4499999999999997,-15.577889447236181,0.3188758089988112
23,2.4499999999999997,-15.376884422110553,0.313792736836057
24,2.4499999999999997,-15.175879396984925,0.35015971612542385
25,2.4499999999999997,-14.974874371859297,0.3783403839867378
26,2.4499999999999997,-14.773869346733669,0.34663407432894283
27,2.4499999999999997,-14.57286432160804,0.2838708424618616
28,2.4499999999999997,-14.371859296482413,0.2689662718283823
29,2.4499999999999997,-14.170854271356784,0.3089752340878045
30,2.4499999999999997,-13.969849246231156,0.2972166749844258
31,2.4499999999999997,-13.768844221105528,0.1997391840491596
32,2.4499999999999997,-13.5678391959799,0.1669922172224875
33,2.4499999999999997,-13.366834170854272,0.20531510961964164
34,2.4499999999999997,-13.165829145728644,0.14569950210263397
35,2.4499999999999997,-12.964824120603016,0.07135737646943524
36,2.4499999999999997,-12.763819095477388,0.08373314628166342
37,2.4499999999999997,-12.56281407035176,0.06176037397450307
38,2.4499999999999997,-12.361809045226131,0.017587553348011497
39,2.4499999999999997,-12.160804020100503,0.018275575204502462
40,2.4499999999999997,-11.959798994974873,0.013887127262102889
41,2.4499999999999997,-11.758793969849245,0.00013922657695556476
42,2.4499999999999997,-11.557788944723617,0.005517405005165861
43,2.4499999999999997,-11.356783919597989,0.003369469994280401
44,2.4499999999999997,-11.15577889447236,0.00385675519004841
45,2.4499999999999997,-10.954773869346733,0.005566952169047268
46,2.4499999999999997,-10.753768844221105,0.006269270078739197
47,2.4499999999999997,-10.552763819095476,0.007838676047545092
48,2.4499999999999997,-10.351758793969848,0.009266470695184449
49,2.4499999999999997,-10.15075376884422,0.010983632486374689
50,2.4499999999999997,-9.949748743718592,0.01288686446984367
51,2.4499999999999997,-9.748743718592964,0.015051973131507504
52,2.4499999999999997,-9.547738693467336,0.01751721852028294
53,2.4499999999999997,-9.346733668341708,0.020341207931533874
54,2.4499999999999997,-9.14572864321608,0.02359026956209932
55,2.4499999999999997,-8.944723618090451,0.02734757409561475
56,2.4499999999999997,-8.743718592964823,0.03170715928146143
57,2.4499999999999997,-8.542713567839195,0.036789864714473146
58,2.4499999999999997,-8.341708542713567,0.042736429594827235
59,2.4499999999999997,-8.140703517587939,0.04972137740567568
60,2.4499999999999997,-7.939698492462311,0.05795725416185328
61,2.4499999999999997,-7.738693467336683,0.06770677954860535
62,2.4499999999999997,-7.537688442211055,0.07929988573090886
63,2.4499999999999997,-7.3366834170854265,0.09314777787664501
64,2.4499999999999997,-7.135678391959798,0.10976937424479512
65,2.4499999999999997,-6.93467336683417,0.1298252840041844
66,2.4499999999999997,-6.733668341708542,0.15416728298279794
67,2.4499999999999997,-6.532663316582914,0.18388962479967302
68,2.4499999999999997,-6.331658291457286,0.22041414904252246
69,2.4499999999999997,-6.130653266331658,0.26555501548314714
70,2.4499999999999997,-5.92964824120603,0.3215194818880757
71,2.4499999999999997,-5.7286432160804015,0.39063342685126523
72,2.4499999999999997,-5.527638190954773,0.47438261522177316
73,2.4499999999999997,-5.326633165829145,0.5714118962606507
74,2.4499999999999997,-5.125628140703517,0.6752766256384608
75,2.4499999999999997,-4.924623115577889,0.7742915366650062
76,2.4499999999999997,-4.723618090452261,0.8553739114065513
77,2.4499999999999997,-4.522613065326633,0.9097441619276367
78,2.4499999999999997,-4.321608040201005,0.9361513692228013
79,2.4499999999999997,-4.1206030150753765,0.9396361455906261
80,2.4499999999999997,-3.9195979899497466,0.9279006723925421
81,2.4499999999999997,-3.7185929648241185,0.9081457688927242
82,2.4499999999999997,-3.5175879396984904,0.8856163081589248
83,2.4499999999999997,-3.3165829145728623,0.8634955920022742
84,2.4499999999999997,-3.115577889447234,0.8434174401109876
85,2.4499999999999997,-2.914572864321606,0.8260245660768639
86,2.4499999999999997,-2.713567839195978,0.8114067160938053
87,2.4499999999999997,-2.5125628140703498,0.799376309227424
88,2.4499999999999997,-2.3115577889447216,0.7896330149957634
89,2.4499999999999997,-2.1105527638190935,0.7818474038722035
90,2.4499999999999997,-1.9095477386934654,0.7757052020137075
91,2.4499999999999997,-1.7085427135678373,0.7709193168045606
92,2.4499999999999997,-1.5075376884422091,0.7672460361555627
93,2.4499999999999997,-1.306532663316581,0.7644772300590337
94,2.4499999999999997,-1.105527638190953,0.7624446218485881
95,2.4499999999999997,-0.9045226130653248,0.7610097683111401
96,2.4499999999999997,-0.7035175879396967,0.7600652241731898
97,2.4499999999999997,-0.5025125628140685,0.7595293614494304
98,2.4499999999999997,-0.3015075376884404,0.759344911117575
99,2.4499999999999997,-0.10050251256281229,0.7594762248741226
100,2.4499999999999997,0.10050251256281584,0.759907931536553
101,2.4499999999999997,0.30150753768844396,0.7606440400469979
102,2.4499999999999997,0.5025125628140721,0.7617087856400692
103,2.4499999999999997,0.7035175879397002,0.7631461607626095
104,2.4499999999999997,0.9045226130653283,0.765022316496227
105,2.4499999999999997,1.1055276381909565,0.767428396514477
106,2.4499999999999997,1.3065326633165846,0.770479407374638
107,2.4499999999999997,1.5075376884422127,0.7743240825347274
108,2.4499999999999997,1.7085427135678408,0.7791445454769675
109,2.4499999999999997,1.909547738693469,0.7851597476105207
110,2.4499999999999997,2.110552763819097,0.7926344066414751
111,2.4499999999999997,2.311557788944725,0.8018708326825463
112,2.4499999999999997,2.5125628140703533,0.8132088882566794
113,2.4499999999999997,2.7135678391959814,0.8270071627737866
114,2.4499999999999997,2.9145728643216096,0.8436012379704796
115,2.4499999999999997,3.1155778894472377,0.8632118624560399
116,2.4499999999999997,3.316582914572866,0.8857799780050585
117,2.4499999999999997,3.517587939698494,0.9106614843434847
118,2.4499999999999997,3.718592964824122,0.9361601641973406
119,2.4499999999999997,3.91959798994975,0.9588677012783278
120,2.4499999999999997,4.120603015075378,0.9730923118985644
121,2.4499999999999997,4.321608040201006,0.9708805184302516
122,2.4499999999999997,4.5226130653266345,0.9436142607307186
123,2.4499999999999997,4.723618090452263,0.8855758984837262
124,2.4499999999999997,4.924623115577891,0.7981770873857674
125,2.4499999999999997,5.125628140703519,0.6914313558195223
126,2.4499999999999997,5.326633165829147,0.580169340459967
127,2.4499999999999997,5.527638190954775,0.47738523698195534
128,2.4499999999999997,5.728643216080403,0.3898949855636648
129,2.4499999999999997,5.929648241206031,0.31871670590267626
130,2.4499999999999997,6.1306532663316595,0.2618245675697939
131,2.4499999999999997,6.331658291457288,0.21644666520537448
132,2.4499999999999997,6.532663316582916,0.18006946962077616
133,2.4499999999999997,6.733668341708544,0.15069003468188974
134,2.4499999999999997,6.934673366834172,0.1267720203511267
135,2.4499999999999997,7.1356783919598,0.10715454868342807
136,2.4499999999999997,7.336683417085428,0.09095228785444066
137,2.4499999999999997,7.537688442211056,0.07748473309318475
138,2.4499999999999997,7.7386934673366845,0.06622857273843846
139,2.4499999999999997,7.939698492462313,0.05677340440006674
140,2.4499999999999997,8.14070351758794,0.048793591496879646
141,2.4499999999999997,8.341708542713569,0.04203069692459576
142,2.4499999999999997,8.542713567839197,0.03627746527534467
143,2.4499999999999997,8.743718592964825,0.03136579964856695
144,2.4499999999999997,8.944723618090453,0.02715962396508734
145,2.4499999999999997,9.145728643216081,0.02354282522704631
146,2.4499999999999997,9.34673366834171,0.020425320637628107
147,2.4499999999999997,9.547738693467338,0.0177275817949662
148,2.4499999999999997,9.748743718592966,0.015386468975076685
149,2.4499999999999997,9.949748743718594,0.013345813515460263
150,2.4499999999999997,10.150753768844222,0.011568552076599112
151,2.4499999999999997,10.35175879396985,0.0099800703890128
152,2.4499999999999997,10.552763819095478,0.008682338745641758
153,2.4499999999999997,10.753768844221106,0.007252715853151421
154,2.4499999999999997,10.954773869346734,0.0066205253961625415
155,2.4499999999999997,11.155778894472363,0.005240753710730109
156,2.4499999999999997,11.35678391959799,0.004212428372767902
157,2.4499999999999997,11.557788944723619,0.008051091102654196
158,2.4499999999999997,11.758793969849247,1.7527849576921255e-05
159,2.4499999999999997,11.959798994974875,0.018254813944679947
160,2.4499999999999997,12.160804020100507,0.019881260124972894
161,2.4499999999999997,12.361809045226131,0.019846372244833793
162,2.4499999999999997,12.562814070351763,0.07252269021162175
163,2.4499999999999997,12.763819095477388,0.08321319344184948
164,2.4499999999999997,12.96482412060302,0.08171826255054655
165,2.4499999999999997,13.165829145728644,0.160394848388698
166,2.4499999999999997,13.366834170854275,0.2057567615325701
167,2.4499999999999997,13.5678391959799,0.17932459337017195
168,2.4499999999999997,13.768844221105532,0.2179862095226241
169,2.4499999999999997,13.969849246231156,0.30308501847005764
170,2.4499999999999997,14.170854271356788,0.31516116384203474
171,2.4499999999999997,14.371859296482413,0.2830356988413297
172,2.4499999999999997,14.572864321608044,0.2983220579430457
173,2.4499999999999997,14.773869346733669,0.354573324461329
174,2.4499999999999997,14.9748743718593,0.38160594398734154
175,2.4499999999999997,15.175879396984925,0.3568239558267093
176,2.4499999999999997,15.376884422110557,0.3256258193151066
177,2.4499999999999997,15.577889447236181,0.32936640488162633
178,2.4499999999999997,15.778894472361813,0.3570540686139285
179,2.4499999999999997,15.979899497487438,0.3708301861586443
180,2.4499999999999997,16.18090452261307,0.3526265481277727
181,2.4499999999999997,16.381909547738694,0.31812543939217314
182,2.4499999999999997,16.582914572864325,0.2944809162180276
183,2.4499999999999997,16.78391959798995,0.29296301878117115
184,2.4499999999999997,16.98492462311558,0.3026098821642839
185,2.4499999999999997,17.185929648241206,0.3041780106993654
186,2.4499999999999997,17.386934673366838,0.28768994700477546
187,2.4499999999999997,17.587939698492463,0.2588976514321467
188,2.4499999999999997,17.788944723618094,0.23229858295816402
189,2.4499999999999997,17.98994974874372,0.21875904759671705
190,2.4499999999999997,18.19095477386935,0.21827549458412668
191,2.4499999999999997,18.391959798994975,0.22060700735986136
192,2.4499999999999997,18.592964824120607,0.21220613513095254
193,2.4499999999999997,18.79396984924623,0.19471399171317136
194,2.4499999999999997,18.994974874371863,0.17897781335892482
195,2.4499999999999997,19.195979899497488,0.1560770179407465
196,2.4499999999999997,19.39698492462312,0.1296817151113156
197,2.4499999999999997,19.597989949748744,0.13897762880358172
198,2.4499999999999997,19.798994974874375,0.1846047363286099
199,2.4499999999999997,20.0,0.1780825257786287
