,t,height,fid
0,2.2499999999999996,-20.0,0.16810529118802606
1,2.2499999999999996,-19.798994974874372,0.17088692168392938
2,2.2499999999999996,-19.597989949748744,0.1852337231271014
3,2.2499999999999996,-19.396984924623116,0.21089789049490984
4,2.2499999999999996,-19.195979899497488,0.23918899715662378
5,2.2499999999999996,-18.99497487437186,0.2598348203910658
6,2.2499999999999996,-18.79396984924623,0.2671088650332604
7,2.2499999999999996,-18.592964824120603,0.2625695484069397
8,2.2499999999999996,-18.391959798994975,0.25453916254087317
9,2.2499999999999996,-18.190954773869347,0.25409762585050677
10,2.2499999999999996,-17.98994974874372,0.2686869100927229
11,2.2499999999999996,-17.78894472361809,0.29610913070221173
12,2.2499999999999996,-17.587939698492463,0.3246344503875872
13,2.2499999999999996,-17.386934673366834,0.33995819861109844
14,2.2499999999999996,-17.185929648241206,0.33408471446291826
15,2.2499999999999996,-16.984924623115578,0.31413325706813144
16,2.2499999999999996,-16.78391959798995,0.3018093015872121
17,2.2499999999999996,-16.582914572864322,0.31320305253758507
18,2.2499999999999996,-16.381909547738694,0.34098351715801384
19,2.2499999999999996,-16.180904522613066,0.3616550096974341
20,2.2499999999999996,-15.979899497487438,0.3509557352638843
21,2.2499999999999996,-15.77889447236181,0.30647960468546365
22,2.2499999999999996,-15.577889447236181,0.2725886870918546
23,2.2499999999999996,-15.376884422110553,0.2915118375486688
24,2.2499999999999996,-15.175879396984925,0.31732923423846543
25,2.2499999999999996,-14.974874371859297,0.2805920416445429
26,2.2499999999999996,-14.773869346733669,0.21913499378455167
27,2.2499999999999996,-14.57286432160804,0.19992870358492645
28,2.2499999999999996,-14.371859296482413,0.19446434772504387
29,2.2499999999999996,-14.170854271356784,0.1681649190663367
30,2.2499999999999996,-13.969849246231156,0.13543813267298022
31,2.2499999999999996,-13.768844221105528,0.09318241083266623
32,2.2499999999999996,-13.5678391959799,0.06496150130666155
33,2.2499999999999996,-13.366834170854272,0.06749644952672607
34,2.2499999999999996,-13.165829145728644,0.039763346721200715
35,2.2499999999999996,-12.964824120603016,0.008091372986894567
36,2.2499999999999996,-12.763819095477388,0.02085732678998355
37,2.2499999999999996,-12.56281407035176,0.012459278643307673
38,2.2499999999999996,-12.361809045226131,0.0008835872940332733
39,2.2499999999999996,-12.160804020100503,0.009782195714953257
40,2.2499999999999996,-11.959798994974873,0.006436682836300276
41,2.2499999999999996,-11.758793969849245,0.007025351844029148
42,2.2499999999999996,-11.557788944723617,0.009066589796361333
43,2.2499999999999996,-11.356783919597989,0.009373396922839363
44,2.2499999999999996,-11.15577889447236,0.010822788015220585
45,2.2499999999999996,-10.954773869346733,0.012029768863504034
46,2.2499999999999996,-10.753768844221105,0.013477435623229398
47,2.2499999999999996,-10.552763819095476,0.015093296989315547
48,2.2499999999999996,-10.351758793969848,0.016917889960943493
49,2.2499999999999996,-10.15075376884422,0.018988950297068635
50,2.2499999999999996,-9.949748743718592,0.02134307840407343
51,2.2499999999999996,-9.748743718592964,0.024027489727434514
52,2.2499999999999996,-9.547738693467336,0.027094691799627514
53,2.2499999999999996,-9.346733668341708,0.030604036521307592
54,2.2499999999999996,-9.14572864321608,0.03463068134742128
55,2.2499999999999996,-8.944723618090451,0.039256541915794245
56,2.2499999999999996,-8.743718592964823,0.04458252888875616
57,2.2499999999999996,-8.542713567839195,0.05072559048505043
58,2.2499999999999996,-8.341708542713567,0.05782725811240207
59,2.2499999999999996,-8.140703517587939,0.06605310829486064
60,2.2499999999999996,-7.939698492462311,0.07560777895981102
61,2.2499999999999996,-7.738693467336683,0.08673643246788479
62,2.2499999999999996,-7.537688442211055,0.09974167118753662
63,2.2499999999999996,-7.3366834170854265,0.11500171587953448
64,2.2499999999999996,-7.135678391959798,0.13299412749367023
65,2.2499999999999996,-6.93467336683417,0.1543341245681091
66,2.2499999999999996,-6.733668341708542,0.17980989321759372
67,2.2499999999999996,-6.532663316582914,0.2104422350912708
68,2.2499999999999996,-6.331658291457286,0.24752133629190137
69,2.2499999999999996,-6.130653266331658,0.29261421584601244
70,2.2499999999999996,-5.92964824120603,0.3474513502551612
71,2.2499999999999996,-5.7286432160804015,0.4135270937456367
72,2.2499999999999996,-5.527638190954773,0.49123700740943804
73,2.2499999999999996,-5.326633165829145,0.578538689618176
74,2.2499999999999996,-5.125628140703517,0.6699194746939164
75,2.2499999999999996,-4.924623115577889,0.7568003614303564
76,2.2499999999999996,-4.723618090452261,0.8300369038680258
77,2.2499999999999996,-4.522613065326633,0.883176062373643
78,2.2499999999999996,-4.321608040201005,0.9144175421851444
79,2.2499999999999996,-4.1206030150753765,0.9262782612899555
80,2.2499999999999996,-3.9195979899497466,0.9236606357011041
81,2.2499999999999996,-3.7185929648241185,0.9118449309247619
82,2.2499999999999996,-3.5175879396984904,0.8952366038087626
83,2.2499999999999996,-3.3165829145728623,0.8769558852056266
84,2.2499999999999996,-3.115577889447234,0.8589354060047244
85,2.2499999999999996,-2.914572864321606,0.8422377261920143
86,2.2499999999999996,-2.713567839195978,0.8273458401949714
87,2.2499999999999996,-2.5125628140703498,0.8143955942540629
88,2.2499999999999996,-2.3115577889447216,0.8033293000262537
89,2.2499999999999996,-2.1105527638190935,0.7939966116883193
90,2.2499999999999996,-1.9095477386934654,0.7862100802154091
91,2.2499999999999996,-1.7085427135678373,0.7797783859742377
92,2.2499999999999996,-1.5075376884422091,0.7745166091329374
93,2.2499999999999996,-1.306532663316581,0.7702634499236722
94,2.2499999999999996,-1.105527638190953,0.7668785979476731
95,2.2499999999999996,-0.9045226130653248,0.7642441303721258
96,2.2499999999999996,-0.7035175879396967,0.7622671502315896
97,2.2499999999999996,-0.5025125628140685,0.7608742248230973
98,2.2499999999999996,-0.3015075376884404,0.7600133396640012
99,2.2499999999999996,-0.10050251256281229,0.7596524408723786
100,2.2499999999999996,0.10050251256281584,0.7597786184395994
101,2.2499999999999996,0.30150753768844396,0.7603975573323885
102,2.2499999999999996,0.5025125628140721,0.7615345652716038
103,2.2499999999999996,0.7035175879397002,0.7632343174323958
104,2.2499999999999996,0.9045226130653283,0.7655609585709059
105,2.2499999999999996,1.1055276381909565,0.7686030409071422
106,2.2499999999999996,1.3065326633165846,0.7724681761957445
107,2.2499999999999996,1.5075376884422127,0.7772926593563961
108,2.2499999999999996,1.7085427135678408,0.7832362159928252
109,2.2499999999999996,1.909547738693469,0.7904894228479145
110,2.2499999999999996,2.110552763819097,0.7992631993249726
111,2.2499999999999996,2.311557788944725,0.8097876642852454
112,2.2499999999999996,2.5125628140703533,0.8222963404509293
113,2.2499999999999996,2.7135678391959814,0.8369959294011181
114,2.2499999999999996,2.9145728643216096,0.8540070591093296
115,2.2499999999999996,3.1155778894472377,0.8732677650185333
116,2.2499999999999996,3.316582914572866,0.8943599758636078
117,2.2499999999999996,3.517587939698494,0.9162683956035321
118,2.2499999999999996,3.718592964824122,0.9370167552652213
119,2.2499999999999996,3.91959798994975,0.9533017593839549
120,2.2499999999999996,4.120603015075378,0.9603050488108067
121,2.2499999999999996,4.321608040201006,0.9520606195850156
122,2.2499999999999996,4.5226130653266345,0.9227865147721371
123,2.2499999999999996,4.723618090452263,0.8692066841856889
124,2.2499999999999996,4.924623115577891,0.7928671094262679
125,2.2499999999999996,5.125628140703519,0.7007556075280115
126,2.2499999999999996,5.326633165829147,0.6031205248789119
127,2.2499999999999996,5.527638190954775,0.5096711822531209
128,2.2499999999999996,5.728643216080403,0.4266429998930941
129,2.2499999999999996,5.929648241206031,0.3562852960624279
130,2.2499999999999996,6.1306532663316595,0.29812157366009473
131,2.2499999999999996,6.331658291457288,0.2504860626576402
132,2.2499999999999996,6.532663316582916,0.21149714937412037
133,2.2499999999999996,6.733668341708544,0.17946916580823064
134,2.2499999999999996,6.934673366834172,0.15301255559930702
135,2.2499999999999996,7.1356783919598,0.13102227260524216
136,2.2499999999999996,7.336683417085428,0.1126367220288392
137,2.2499999999999996,7.537688442211056,0.09717467708636737
138,2.2499999999999996,7.7386934673366845,0.08410324304072236
139,2.2499999999999996,7.939698492462313,0.0730011791368925
140,2.2499999999999996,8.14070351758794,0.06352862243126686
141,2.2499999999999996,8.341708542713569,0.05541863254883957
142,2.2499999999999996,8.542713567839197,0.0484500151457313
143,2.2499999999999996,8.743718592964825,0.04244399743303025
144,2.2499999999999996,8.944723618090453,0.03725332830528524
145,2.2499999999999996,9.145728643216081,0.03275677402336297
146,2.2499999999999996,9.34673366834171,0.028850972928471462
147,2.2499999999999996,9.547738693467338,0.025451775261797
148,2.2499999999999996,9.748743718592966,0.022486698811009297
149,2.2499999999999996,9.949748743718594,0.019896454734873354
150,2.2499999999999996,10.150753768844222,0.017627508709844447
151,2.2499999999999996,10.35175879396985,0.01563650123488153
152,2.2499999999999996,10.552763819095478,0.013886708126726923
153,2.2499999999999996,10.753768844221106,0.012346350663240064
154,2.2499999999999996,10.954773869346734,0.010962169424169462
155,2.2499999999999996,11.155778894472363,0.009849092387359735
156,2.2499999999999996,11.35678391959799,0.008456425508716302
157,2.2499999999999996,11.557788944723619,0.008193770221185665
158,2.2499999999999996,11.758793969849247,0.006550019844037718
159,2.2499999999999996,11.959798994974875,0.005330512338509833
160,2.2499999999999996,12.160804020100507,0.009960130850257291
161,2.2499999999999996,12.361809045226131,0.0011988051441035952
162,2.2499999999999996,12.562814070351763,0.010832092974991731
163,2.2499999999999996,12.763819095477388,0.025315328438780905
164,2.2499999999999996,12.96482412060302,0.010774315286583635
165,2.2499999999999996,13.165829145728644,0.03838791047953474
166,2.2499999999999996,13.366834170854275,0.07984005282863904
167,2.2499999999999996,13.5678391959799,0.07555674087513257
168,2.2499999999999996,13.768844221105532,0.09119163588903897
169,2.2499999999999996,13.969849246231156,0.14971583725464865
170,2.2499999999999996,14.170854271356788,0.19170371708049053
171,2.2499999999999996,14.371859296482413,0.19719564058483563
172,2.2499999999999996,14.572864321608044,0.2018638739876294
173,2.2499999999999996,14.773869346733669,0.24212827935194137
174,2.2499999999999996,14.9748743718593,0.3000986458346555
175,2.2499999999999996,15.175879396984925,0.3189028285552691
176,2.2499999999999996,15.376884422110557,0.29482937256424896
177,2.2499999999999996,15.577889447236181,0.2871145713018885
178,2.2499999999999996,15.778894472361813,0.3216995305275737
179,2.2499999999999996,15.979899497487438,0.3604251740943667
180,2.2499999999999996,16.18090452261307,0.3663618271809512
181,2.2499999999999996,16.381909547738694,0.34360778589001395
182,2.2499999999999996,16.582914572864325,0.3184228598827109
183,2.2499999999999996,16.78391959798995,0.31168313716874163
184,2.2499999999999996,16.98492462311558,0.3245177329753989
185,2.2499999999999996,17.185929648241206,0.3401571997295408
186,2.2499999999999996,17.386934673366838,0.34115398329506963
187,2.2499999999999996,17.587939698492463,0.323779360501113
188,2.2499999999999996,17.788944723618094,0.29702752897929985
189,2.2499999999999996,17.98994974874372,0.27362202839728145
190,2.2499999999999996,18.19095477386935,0.26186828874172985
191,2.2499999999999996,18.391959798994975,0.2615700554351854
192,2.2499999999999996,18.592964824120607,0.2656579341024867
193,2.2499999999999996,18.79396984924623,0.2654983442055028
194,2.2499999999999996,18.994974874371863,0.2557139537670704
195,2.2499999999999996,19.195979899497488,0.23636259070406276
196,2.2499999999999996,19.39698492462312,0.212291632401271
197,2.2499999999999996,19.597989949748744,0.1911503924800133
198,2.2499999999999996,19.798994974874375,0.17900751130468948
199,2.2499999999999996,20.0,0.17399913232384379
