,t,height,fid
0,2.55,-20.0,0.06452732269944816
1,2.55,-19.798994974874372,0.12738824976818444
2,2.55,-19.597989949748744,0.14663787982058518
3,2.55,-19.396984924623116,0.12924942858014982
4,2.55,-19.195979899497488,0.1167258106371655
5,2.55,-18.99497487437186,0.15398536570419413
6,2.55,-18.79396984924623,0.20244193722066356
7,2.55,-18.592964824120603,0.1898790332148504
8,2.55,-18.391959798994975,0.16117962642218284
9,2.55,-18.190954773869347,0.1613480160540176
10,2.55,-17.98994974874372,0.18639231315329455
11,2.55,-17.78894472361809,0.22155695890259444
12,2.55,-17.587939698492463,0.25061680053400065
13,2.55,-17.386934673366834,0.2610088110194517
14,2.55,-17.185929648241206,0.25660503877582796
15,2.55,-16.984924623115578,0.25301188890936305
16,2.55,-16.78391959798995,0.26252885878432874
17,2.55,-16.582914572864322,0.28539682238425296
18,2.55,-16.381909547738694,0.31160744818794933
19,2.55,-16.180904522613066,0.329618465528913
20,2.55,-15.979899497487438,0.3343631141569308
21,2.55,-15.77889447236181,0.33014602389732484
22,2.55,-15.577889447236181,0.328049328052997
23,2.55,-15.376884422110553,0.33789071519655095
24,2.55,-15.175879396984925,0.3572976031145328
25,2.55,-14.974874371859297,0.3688253083021653
26,2.55,-14.773869346733669,0.3563009390032834
27,2.55,-14.57286432160804,0.33010388484845704
28,2.55,-14.371859296482413,0.3203689863223301
29,2.55,-14.170854271356784,0.3317173888737016
30,2.55,-13.969849246231156,0.3249955250767672
31,2.55,-13.768844221105528,0.2768084064892062
32,2.55,-13.5678391959799,0.2371549301912243
33,2.55,-13.366834170854272,0.2339297102108866
34,2.55,-13.165829145728644,0.2115467191621801
35,2.55,-12.964824120603016,0.1538178977134819
36,2.55,-12.763819095477388,0.11008292063958823
37,2.55,-12.56281407035176,0.10961707616803505
38,2.55,-12.361809045226131,0.07047965392562582
39,2.55,-12.160804020100503,0.02378383097258642
40,2.55,-11.959798994974873,0.04326669132896462
41,2.55,-11.758793969849245,0.009352601255179161
42,2.55,-11.557788944723617,0.00925362228703352
43,2.55,-11.356783919597989,0.012391843574133244
44,2.55,-11.15577889447236,0.0048945150059695975
45,2.55,-10.954773869346733,0.010598302073384847
46,2.55,-10.753768844221105,0.008628334649743927
47,2.55,-10.552763819095476,0.010723849374186828
48,2.55,-10.351758793969848,0.011290098017169306
49,2.55,-10.15075376884422,0.012567186331369029
50,2.55,-9.949748743718592,0.013847166619516797
51,2.55,-9.748743718592964,0.015399672210727914
52,2.55,-9.547738693467336,0.017215685162269973
53,2.55,-9.346733668341708,0.019360244584968284
54,2.55,-9.14572864321608,0.02188997597798487
55,2.55,-8.944723618090451,0.024876182085981722
56,2.55,-8.743718592964823,0.028400618900461368
57,2.55,-8.542713567839195,0.032564006138788626
58,2.55,-8.341708542713567,0.0374887175665481
59,2.55,-8.140703517587939,0.04332686824406167
60,2.55,-7.939698492462311,0.0502654043698288
61,2.55,-7.738693467336683,0.05854053746825563
62,2.55,-7.537688442211055,0.0684482446537419
63,2.55,-7.3366834170854265,0.080370369749741
64,2.55,-7.135678391959798,0.0948017989536333
65,2.55,-6.93467336683417,0.11238319553821785
66,2.55,-6.733668341708542,0.13396450028691734
67,2.55,-6.532663316582914,0.16068161827728009
68,2.55,-6.331658291457286,0.19404899643485657
69,2.55,-6.130653266331658,0.23609200000338204
70,2.55,-5.92964824120603,0.28941789833105463
71,2.55,-5.7286432160804015,0.35707028158672605
72,2.55,-5.527638190954773,0.44162539928485267
73,2.55,-5.326633165829145,0.542889143716613
74,2.55,-5.125628140703517,0.6546854527618697
75,2.55,-4.924623115577889,0.7638286189624526
76,2.55,-4.723618090452261,0.8544108119810677
77,2.55,-4.522613065326633,0.9153106061415439
78,2.55,-4.321608040201005,0.9446858545290677
79,2.55,-4.1206030150753765,0.9484787094594922
80,2.55,-3.9195979899497466,0.9357136860957112
81,2.55,-3.7185929648241185,0.9145867851817832
82,2.55,-3.5175879396984904,0.8908419681661585
83,2.55,-3.3165829145728623,0.8678184776624919
84,2.55,-3.115577889447234,0.8471262726645338
85,2.55,-2.914572864321606,0.8293331444869321
86,2.55,-2.713567839195978,0.8144565574689856
87,2.55,-2.5125628140703498,0.8022511664761202
88,2.55,-2.3115577889447216,0.7923739273188798
89,2.55,-2.1105527638190935,0.7844685169913992
90,2.55,-1.9095477386934654,0.7782023363843604
91,2.55,-1.7085427135678373,0.7732776417762413
92,2.55,-1.5075376884422091,0.7694430005718698
93,2.55,-1.306532663316581,0.7664876876841978
94,2.55,-1.105527638190953,0.7642371252696308
95,2.55,-0.9045226130653248,0.7625544730081277
96,2.55,-0.7035175879396967,0.761329282834144
97,2.55,-0.5025125628140685,0.7604792873996301
98,2.55,-0.3015075376884404,0.7599444317412622
99,2.55,-0.10050251256281229,0.7596863127706206
100,2.55,0.10050251256281584,0.7596867800090291
101,2.55,0.30150753768844396,0.7599465749975678
102,2.55,0.5025125628140721,0.7604858646346134
103,2.55,0.7035175879397002,0.7613454996583312
104,2.55,0.9045226130653283,0.7625894748071366
105,2.55,1.1055276381909565,0.7643061922222577
106,2.55,1.3065326633165846,0.7666145214564062
107,2.55,1.5075376884422127,0.7696635232737051
108,2.55,1.7085427135678408,0.7736444132206969
109,2.55,1.909547738693469,0.7787911065768117
110,2.55,2.110552763819097,0.7853858628939487
111,2.55,2.311557788944725,0.7937687560338943
112,2.55,2.5125628140703533,0.8043285417202279
113,2.55,2.7135678391959814,0.8174973053754317
114,2.55,2.9145728643216096,0.8337168242881055
115,2.55,3.1155778894472377,0.8533618805344161
116,2.55,3.316582914572866,0.8765729661466782
117,2.55,3.517587939698494,0.9029527784940881
118,2.55,3.718592964824122,0.9310422206850768
119,2.55,3.91959798994975,0.9575136785039808
120,2.55,4.120603015075378,0.9763364445304492
121,2.55,4.321608040201006,0.9784937579436821
122,2.55,4.5226130653266345,0.9535719440552022
123,2.55,4.723618090452263,0.8940762048123652
124,2.55,4.924623115577891,0.8010485702190621
125,2.55,5.125628140703519,0.686331026596032
126,2.55,5.326633165829147,0.5677141932056518
127,2.55,5.527638190954775,0.4601855456408819
128,2.55,5.728643216080403,0.37071672920338156
129,2.55,5.929648241206031,0.2994572134713091
130,2.55,6.1306532663316595,0.24349494280417258
131,2.55,6.331658291457288,0.19948981186279802
132,2.55,6.532663316582916,0.16463550612823002
133,2.55,6.733668341708544,0.13677794641837607
134,2.55,6.934673366834172,0.11431618989598234
135,2.55,7.1356783919598,0.0960523091135187
136,2.55,7.336683417085428,0.0810899829118323
137,2.55,7.537688442211056,0.06875173803019151
138,2.55,7.7386934673366845,0.05851594035871818
139,2.55,7.939698492462313,0.04997913715857184
140,2.55,8.14070351758794,0.04282741595704197
141,2.55,8.341708542713569,0.03681262472737975
142,2.55,8.542713567839197,0.03173611302546533
143,2.55,8.743718592964825,0.027439608514531425
144,2.55,8.944723618090453,0.023792824933299074
145,2.55,9.145728643216081,0.020691733585876924
146,2.55,9.34673366834171,0.01804982674382538
147,2.55,9.547738693467338,0.015794796066933937
148,2.55,9.748743718592966,0.013870434790211848
149,2.55,9.949748743718594,0.012212732717374528
150,2.55,10.150753768844222,0.010834372470675487
151,2.55,10.35175879396985,0.00947450970058132
152,2.55,10.552763819095478,0.008839820432313478
153,2.55,10.753768844221106,0.006786812339782882
154,2.55,10.954773869346734,0.008548094278283444
155,2.55,11.155778894472363,0.0038101226482582704
156,2.55,11.35678391959799,0.009685338933029084
157,2.55,11.557788944723619,0.010921933230538156
158,2.55,11.758793969849247,0.007170757652376905
159,2.55,11.959798994974875,0.04608770823786315
160,2.55,12.160804020100507,0.031457159032873876
161,2.55,12.361809045226131,0.06815079034070165
162,2.55,12.562814070351763,0.12569208647796357
163,2.55,12.763819095477388,0.11966189504326794
164,2.55,12.96482412060302,0.15603854861015162
165,2.55,13.165829145728644,0.23095229319044155
166,2.55,13.366834170854275,0.24831184262603
167,2.55,13.5678391959799,0.24170669134199219
168,2.55,13.768844221105532,0.2879319633250055
169,2.55,13.969849246231156,0.3423479590940019
170,2.55,14.170854271356788,0.3429929331548191
171,2.55,14.371859296482413,0.3240895537319661
172,2.55,14.572864321608044,0.33704387319478707
173,2.55,14.773869346733669,0.3695791967934571
174,2.55,14.9748743718593,0.38014666603767394
175,2.55,15.175879396984925,0.36088556027002255
176,2.55,15.376884422110557,0.33829548571564605
177,2.55,15.577889447236181,0.3330917470907766
178,2.55,15.778894472361813,0.34045923223270863
179,2.55,15.979899497487438,0.34313384322392826
180,2.55,16.18090452261307,0.3312604089320643
181,2.55,16.381909547738694,0.3083307370886446
182,2.55,16.582914572864325,0.2846551975741244
183,2.55,16.78391959798995,0.26880643187299486
184,2.55,16.98492462311558,0.2629337746906483
185,2.55,17.185929648241206,0.2622679845187409
186,2.55,17.386934673366838,0.25803062855185643
187,2.55,17.587939698492463,0.24277331238625152
188,2.55,17.788944723618094,0.21761603348235448
189,2.55,17.98994974874372,0.19222845694689297
190,2.55,18.19095477386935,0.17261633954204542
191,2.55,18.391959798994975,0.16730038402597525
192,2.55,18.592964824120607,0.18677407656797143
193,2.55,18.79396984924623,0.19290484244766185
194,2.55,18.994974874371863,0.14380456944228248
195,2.55,19.195979899497488,0.11231708211409766
196,2.55,19.39698492462312,0.14179914061082968
197,2.55,19.597989949748744,0.16676374765585544
198,2.55,19.798994974874375,0.129742041743759
199,2.55,20.0,0.05389185371195077
