,t,height,fid
0,3.7999999999999994,-20.0,0.11918246373760309
1,3.7999999999999994,-19.798994974874372,0.0682144772001479
2,3.7999999999999994,-19.597989949748744,0.11086240292915155
3,3.7999999999999994,-19.396984924623116,0.16925235056959295
4,3.7999999999999994,-19.195979899497488,0.15940006970281134
5,3.7999999999999994,-18.99497487437186,0.16571938279657997
6,3.7999999999999994,-18.79396984924623,0.13789183322315002
7,3.7999999999999994,-18.592964824120603,0.06917015486404335
8,3.7999999999999994,-18.391959798994975,0.03125028711732961
9,3.7999999999999994,-18.190954773869347,0.050753371107704594
10,3.7999999999999994,-17.98994974874372,0.10555451104870703
11,3.7999999999999994,-17.78894472361809,0.13477101837900296
12,3.7999999999999994,-17.587939698492463,0.1667690660134647
13,3.7999999999999994,-17.386934673366834,0.08397704637328895
14,3.7999999999999994,-17.185929648241206,0.01454781998341555
15,3.7999999999999994,-16.984924623115578,0.07350477293710612
16,3.7999999999999994,-16.78391959798995,0.1614422326165226
17,3.7999999999999994,-16.582914572864322,0.2747026720395103
18,3.7999999999999994,-16.381909547738694,0.18112312243125117
19,3.7999999999999994,-16.180904522613066,0.01949855349964655
20,3.7999999999999994,-15.979899497487438,0.04874390256473521
21,3.7999999999999994,-15.77889447236181,0.19880574582505248
22,3.7999999999999994,-15.577889447236181,0.2519493407085663
23,3.7999999999999994,-15.376884422110553,0.07020961909515543
24,3.7999999999999994,-15.175879396984925,0.031281053871489196
25,3.7999999999999994,-14.974874371859297,0.1635041159355946
26,3.7999999999999994,-14.773869346733669,0.15722041645400076
27,3.7999999999999994,-14.57286432160804,0.08247978638405272
28,3.7999999999999994,-14.371859296482413,0.1631180124275338
29,3.7999999999999994,-14.170854271356784,0.16031165471874437
30,3.7999999999999994,-13.969849246231156,0.15845483496730628
31,3.7999999999999994,-13.768844221105528,0.21126291613701
32,3.7999999999999994,-13.5678391959799,0.210497479980196
33,3.7999999999999994,-13.366834170854272,0.22291736732100692
34,3.7999999999999994,-13.165829145728644,0.2565246934019807
35,3.7999999999999994,-12.964824120603016,0.30169912522945636
36,3.7999999999999994,-12.763819095477388,0.29411225441548633
37,3.7999999999999994,-12.56281407035176,0.3047553773303116
38,3.7999999999999994,-12.361809045226131,0.3932785302579661
39,3.7999999999999994,-12.160804020100503,0.35441344359203225
40,3.7999999999999994,-11.959798994974873,0.37189896966704117
41,3.7999999999999994,-11.758793969849245,0.44829201432940396
42,3.7999999999999994,-11.557788944723617,0.38326667931446595
43,3.7999999999999994,-11.356783919597989,0.4265850031334361
44,3.7999999999999994,-11.15577889447236,0.4260809087162268
45,3.7999999999999994,-10.954773869346733,0.3730458041727275
46,3.7999999999999994,-10.753768844221105,0.3890861450110391
47,3.7999999999999994,-10.552763819095476,0.31370252360756834
48,3.7999999999999994,-10.351758793969848,0.28502435142568217
49,3.7999999999999994,-10.15075376884422,0.21182094867678108
50,3.7999999999999994,-9.949748743718592,0.1622240581368779
51,3.7999999999999994,-9.748743718592964,0.08434556316702388
52,3.7999999999999994,-9.547738693467336,0.06633723645095292
53,3.7999999999999994,-9.346733668341708,0.01137955392791776
54,3.7999999999999994,-9.14572864321608,0.00784644513520593
55,3.7999999999999994,-8.944723618090451,0.007532412598759468
56,3.7999999999999994,-8.743718592964823,0.003602675635705356
57,3.7999999999999994,-8.542713567839195,0.00438425371527023
58,3.7999999999999994,-8.341708542713567,0.0060849280859422246
59,3.7999999999999994,-8.140703517587939,0.00789242747737346
60,3.7999999999999994,-7.939698492462311,0.010218631179182978
61,3.7999999999999994,-7.738693467336683,0.013314021602418395
62,3.7999999999999994,-7.537688442211055,0.017401649219837726
63,3.7999999999999994,-7.3366834170854265,0.02270822754349517
64,3.7999999999999994,-7.135678391959798,0.02946243367439482
65,3.7999999999999994,-6.93467336683417,0.03795910221253167
66,3.7999999999999994,-6.733668341708542,0.048688688152667206
67,3.7999999999999994,-6.532663316582914,0.06250122804965874
68,3.7999999999999994,-6.331658291457286,0.08082277031692052
69,3.7999999999999994,-6.130653266331658,0.1059677101567941
70,3.7999999999999994,-5.92964824120603,0.14172075089580355
71,3.7999999999999994,-5.7286432160804015,0.19452625203651647
72,3.7999999999999994,-5.527638190954773,0.27583955306727953
73,3.7999999999999994,-5.326633165829145,0.40438912517873926
74,3.7999999999999994,-5.125628140703517,0.5902817191449702
75,3.7999999999999994,-4.924623115577889,0.7877654911824575
76,3.7999999999999994,-4.723618090452261,0.9132780678362336
77,3.7999999999999994,-4.522613065326633,0.9402770529652474
78,3.7999999999999994,-4.321608040201005,0.9075653216408968
79,3.7999999999999994,-4.1206030150753765,0.8592160876077994
80,3.7999999999999994,-3.9195979899497466,0.8172633628637953
81,3.7999999999999994,-3.7185929648241185,0.7873891625336018
82,3.7999999999999994,-3.5175879396984904,0.7686091446162059
83,3.7999999999999994,-3.3165829145728623,0.7582667042369249
84,3.7999999999999994,-3.115577889447234,0.7537694683168853
85,3.7999999999999994,-2.914572864321606,0.75299788205156
86,3.7999999999999994,-2.713567839195978,0.754336107597035
87,3.7999999999999994,-2.5125628140703498,0.7566130189575847
88,3.7999999999999994,-2.3115577889447216,0.7590338671810318
89,3.7999999999999994,-2.1105527638190935,0.7611124044056921
90,3.7999999999999994,-1.9095477386934654,0.7625985800462912
91,3.7999999999999994,-1.7085427135678373,0.7634248588674692
92,3.7999999999999994,-1.5075376884422091,0.7636410562243993
93,3.7999999999999994,-1.306532663316581,0.7633680566231669
94,3.7999999999999994,-1.105527638190953,0.7627606993060747
95,3.7999999999999994,-0.9045226130653248,0.7619785166598052
96,3.7999999999999994,-0.7035175879396967,0.7611689790278946
97,3.7999999999999994,-0.5025125628140685,0.7604564837748365
98,3.7999999999999994,-0.3015075376884404,0.7599365370073069
99,3.7999999999999994,-0.10050251256281229,0.7596756482850471
100,3.7999999999999994,0.10050251256281584,0.7597098421163853
101,3.7999999999999994,0.30150753768844396,0.7600451278317649
102,3.7999999999999994,0.5025125628140721,0.760658813160474
103,3.7999999999999994,0.7035175879397002,0.7614990237222402
104,3.7999999999999994,0.9045226130653283,0.7624855508493097
105,3.7999999999999994,1.1055276381909565,0.7635118538061793
106,3.7999999999999994,1.3065326633165846,0.7644506778175163
107,3.7999999999999994,1.5075376884422127,0.7651627125039104
108,3.7999999999999994,1.7085427135678408,0.7655128507645914
109,3.7999999999999994,1.909547738693469,0.7653948052681836
110,3.7999999999999994,2.110552763819097,0.7647687065957018
111,3.7999999999999994,2.311557788944725,0.7637075353863243
112,3.7999999999999994,2.5125628140703533,0.7624563066310927
113,3.7999999999999994,2.7135678391959814,0.7614975159655138
114,3.7999999999999994,2.9145728643216096,0.7616263244780572
115,3.7999999999999994,3.1155778894472377,0.7640325353850231
116,3.7999999999999994,3.316582914572866,0.7703960819782261
117,3.7999999999999994,3.517587939698494,0.7829675063071279
118,3.7999999999999994,3.718592964824122,0.804609929586295
119,3.7999999999999994,3.91959798994975,0.838437518509814
120,3.7999999999999994,4.120603015075378,0.886139717198607
121,3.7999999999999994,4.321608040201006,0.9426989669515432
122,3.7999999999999994,4.5226130653266345,0.9853163409726219
123,3.7999999999999994,4.723618090452263,0.9650335877189952
124,3.7999999999999994,4.924623115577891,0.8347989590487762
125,3.7999999999999994,5.125628140703519,0.6204850674822874
126,3.7999999999999994,5.326633165829147,0.4176976157631042
127,3.7999999999999994,5.527638190954775,0.2798916148638902
128,3.7999999999999994,5.728643216080403,0.19440901396168422
129,3.7999999999999994,5.929648241206031,0.13952367558464762
130,3.7999999999999994,6.1306532663316595,0.10265892688102114
131,3.7999999999999994,6.331658291457288,0.07699715716668214
132,3.7999999999999994,6.532663316582916,0.058620564894223876
133,3.7999999999999994,6.733668341708544,0.045143975441043246
134,3.7999999999999994,6.934673366834172,0.035061170371190865
135,3.7999999999999994,7.1356783919598,0.02739019763599902
136,3.7999999999999994,7.336683417085428,0.02148120764511491
137,3.7999999999999994,7.537688442211056,0.01689742109209503
138,3.7999999999999994,7.7386934673366845,0.013332473522613766
139,3.7999999999999994,7.939698492462313,0.010556942718623534
140,3.7999999999999994,8.14070351758794,0.00839045758128246
141,3.7999999999999994,8.341708542713569,0.006628199352886351
142,3.7999999999999994,8.542713567839197,0.004935875180553092
143,3.7999999999999994,8.743718592964825,0.004426630232060847
144,3.7999999999999994,8.944723618090453,0.00871854302384968
145,3.7999999999999994,9.145728643216081,0.007780440087119654
146,3.7999999999999994,9.34673366834171,0.01254060662818714
147,3.7999999999999994,9.547738693467338,0.0739223834266165
148,3.7999999999999994,9.748743718592966,0.0875052285835516
149,3.7999999999999994,9.949748743718594,0.17313972511102427
150,3.7999999999999994,10.150753768844222,0.22204520182314508
151,3.7999999999999994,10.35175879396985,0.2951001028920478
152,3.7999999999999994,10.552763819095478,0.32596802462789065
153,3.7999999999999994,10.753768844221106,0.39937012557943574
154,3.7999999999999994,10.954773869346734,0.3796354642640662
155,3.7999999999999994,11.155778894472363,0.44191138335837016
156,3.7999999999999994,11.35678391959799,0.4207222901323751
157,3.7999999999999994,11.557788944723619,0.40534208324733834
158,3.7999999999999994,11.758793969849247,0.43934552992286224
159,3.7999999999999994,11.959798994974875,0.37982807082278347
160,3.7999999999999994,12.160804020100507,0.36631301233606156
161,3.7999999999999994,12.361809045226131,0.37960748099399433
162,3.7999999999999994,12.562814070351763,0.3185290304892121
163,3.7999999999999994,12.763819095477388,0.29685806512318497
164,3.7999999999999994,12.96482412060302,0.2954042110039067
165,3.7999999999999994,13.165829145728644,0.2616381337780748
166,3.7999999999999994,13.366834170854275,0.22821797788922815
167,3.7999999999999994,13.5678391959799,0.2087106939355096
168,3.7999999999999994,13.768844221105532,0.20973045945685315
169,3.7999999999999994,13.969849246231156,0.16019749247417112
170,3.7999999999999994,14.170854271356788,0.16461038923501164
171,3.7999999999999994,14.371859296482413,0.16604577310965693
172,3.7999999999999994,14.572864321608044,0.07575723403621402
173,3.7999999999999994,14.773869346733669,0.15952073506788897
174,3.7999999999999994,14.9748743718593,0.17816675174957497
175,3.7999999999999994,15.175879396984925,0.030793793982246513
176,3.7999999999999994,15.376884422110557,0.06812277660963233
177,3.7999999999999994,15.577889447236181,0.2545194984383571
178,3.7999999999999994,15.778894472361813,0.21793528517963015
179,3.7999999999999994,15.979899497487438,0.052138391792477236
180,3.7999999999999994,16.18090452261307,0.024605776573524616
181,3.7999999999999994,16.381909547738694,0.18138422050805045
182,3.7999999999999994,16.582914572864325,0.2753474945717708
183,3.7999999999999994,16.78391959798995,0.18170596758154414
184,3.7999999999999994,16.98492462311558,0.07212729484142323
185,3.7999999999999994,17.185929648241206,0.018488921627502788
186,3.7999999999999994,17.386934673366838,0.08409250700526796
187,3.7999999999999994,17.587939698492463,0.1635206832313097
188,3.7999999999999994,17.788944723618094,0.15001714875072672
189,3.7999999999999994,17.98994974874372,0.10865778167453476
190,3.7999999999999994,18.19095477386935,0.05227404346775356
191,3.7999999999999994,18.391959798994975,0.0339632070897796
192,3.7999999999999994,18.592964824120607,0.07176767554932333
193,3.7999999999999994,18.79396984924623,0.14146701948445697
194,3.7999999999999994,18.994974874371863,0.16317948241789304
195,3.7999999999999994,19.195979899497488,0.16726432458560994
196,3.7999999999999994,19.39698492462312,0.17984376077077657
197,3.7999999999999994,19.597989949748744,0.11021467664099831
198,3.7999999999999994,19.798994974874375,0.06440030444114798
199,3.7999999999999994,20.0,0.12573053330626727
