,t,height,fid
0,3.0499999999999994,-20.0,0.19173955955648275
1,3.0499999999999994,-19.798994974874372,0.26837302458577567
2,3.0499999999999994,-19.597989949748744,0.2385623568892404
3,3.0499999999999994,-19.396984924623116,0.1251345567583562
4,3.0499999999999994,-19.195979899497488,0.029111607203388023
5,3.0499999999999994,-18.99497487437186,0.017673514107848457
6,3.0499999999999994,-18.79396984924623,0.10676429995066027
7,3.0499999999999994,-18.592964824120603,0.23005030430820364
8,3.0499999999999994,-18.391959798994975,0.2551010508960627
9,3.0499999999999994,-18.190954773869347,0.13332917435875158
10,3.0499999999999994,-17.98994974874372,0.01818657321160515
11,3.0499999999999994,-17.78894472361809,0.05194781167671538
12,3.0499999999999994,-17.587939698492463,0.1633175864038145
13,3.0499999999999994,-17.386934673366834,0.17952976686640904
14,3.0499999999999994,-17.185929648241206,0.09678842638913833
15,3.0499999999999994,-16.984924623115578,0.09779840828816382
16,3.0499999999999994,-16.78391959798995,0.18267298443964713
17,3.0499999999999994,-16.582914572864322,0.17017489500035532
18,3.0499999999999994,-16.381909547738694,0.1291073227660125
19,3.0499999999999994,-16.180904522613066,0.16970671325977577
20,3.0499999999999994,-15.979899497487438,0.23173823007896985
21,3.0499999999999994,-15.77889447236181,0.23972028647402102
22,3.0499999999999994,-15.577889447236181,0.21018496119209745
23,3.0499999999999994,-15.376884422110553,0.20925259430998092
24,3.0499999999999994,-15.175879396984925,0.26648771734350707
25,3.0499999999999994,-14.974874371859297,0.314065243205674
26,3.0499999999999994,-14.773869346733669,0.30431129807806373
27,3.0499999999999994,-14.57286432160804,0.28564163727575664
28,3.0499999999999994,-14.371859296482413,0.3125900466218392
29,3.0499999999999994,-14.170854271356784,0.35890927923814303
30,3.0499999999999994,-13.969849246231156,0.37255711926666873
31,3.0499999999999994,-13.768844221105528,0.35874297847465664
32,3.0499999999999994,-13.5678391959799,0.3586496653041696
33,3.0499999999999994,-13.366834170854272,0.3826246438591721
34,3.0499999999999994,-13.165829145728644,0.3977763939063338
35,3.0499999999999994,-12.964824120603016,0.3760215703465272
36,3.0499999999999994,-12.763819095477388,0.349276648086746
37,3.0499999999999994,-12.56281407035176,0.3591579796156691
38,3.0499999999999994,-12.361809045226131,0.3474786512760236
39,3.0499999999999994,-12.160804020100503,0.281428004113785
40,3.0499999999999994,-11.959798994974873,0.26424858471465235
41,3.0499999999999994,-11.758793969849245,0.24589341803984396
42,3.0499999999999994,-11.557788944723617,0.15856777681099918
43,3.0499999999999994,-11.356783919597989,0.14747348456480774
44,3.0499999999999994,-11.15577889447236,0.09738217148851498
45,3.0499999999999994,-10.954773869346733,0.04953417786131932
46,3.0499999999999994,-10.753768844221105,0.04487335474923115
47,3.0499999999999994,-10.552763819095476,0.006555884572734435
48,3.0499999999999994,-10.351758793969848,0.014823836045941612
49,3.0499999999999994,-10.15075376884422,0.0009914577563258384
50,3.0499999999999994,-9.949748743718592,0.006698982867319988
51,3.0499999999999994,-9.748743718592964,0.006007340339235351
52,3.0499999999999994,-9.547738693467336,0.007924586114981263
53,3.0499999999999994,-9.346733668341708,0.010140992037962322
54,3.0499999999999994,-9.14572864321608,0.012079707397812646
55,3.0499999999999994,-8.944723618090451,0.014261133529294354
56,3.0499999999999994,-8.743718592964823,0.01655319437846382
57,3.0499999999999994,-8.542713567839195,0.019083477643807637
58,3.0499999999999994,-8.341708542713567,0.0219898727831356
59,3.0499999999999994,-8.140703517587939,0.02543964523854354
60,3.0499999999999994,-7.939698492462311,0.029622704781027877
61,3.0499999999999994,-7.738693467336683,0.03476456846728367
62,3.0499999999999994,-7.537688442211055,0.0411369760261678
63,3.0499999999999994,-7.3366834170854265,0.04908163010930414
64,3.0499999999999994,-7.135678391959798,0.059045585836952116
65,3.0499999999999994,-6.93467336683417,0.07162134899874036
66,3.0499999999999994,-6.733668341708542,0.08762181546217651
67,3.0499999999999994,-6.532663316582914,0.10817750740126246
68,3.0499999999999994,-6.331658291457286,0.13489920253699034
69,3.0499999999999994,-6.130653266331658,0.17012960204745817
70,3.0499999999999994,-5.92964824120603,0.21730790875899955
71,3.0499999999999994,-5.7286432160804015,0.2814870283220012
72,3.0499999999999994,-5.527638190954773,0.369379323912127
73,3.0499999999999994,-5.326633165829145,0.4866625821168305
74,3.0499999999999994,-5.125628140703517,0.6289964484175593
75,3.0499999999999994,-4.924623115577889,0.7728772246157981
76,3.0499999999999994,-4.723618090452261,0.8843922941028909
77,3.0499999999999994,-4.522613065326633,0.9432475852688302
78,3.0499999999999994,-4.321608040201005,0.9537907693801544
79,3.0499999999999994,-4.1206030150753765,0.9343869487532643
80,3.0499999999999994,-3.9195979899497466,0.9028700039634029
81,3.0499999999999994,-3.7185929648241185,0.8703861968650648
82,3.0499999999999994,-3.5175879396984904,0.8419862259608765
83,3.0499999999999994,-3.3165829145728623,0.8191220423550337
84,3.0499999999999994,-3.115577889447234,0.8015830485128727
85,3.0499999999999994,-2.914572864321606,0.7885569022128504
86,3.0499999999999994,-2.713567839195978,0.7791265784035112
87,3.0499999999999994,-2.5125628140703498,0.7724562066915944
88,3.0499999999999994,-2.3115577889447216,0.7678475927691729
89,3.0499999999999994,-2.1105527638190935,0.7647435096920686
90,3.0499999999999994,-1.9095477386934654,0.7627098597643938
91,3.0499999999999994,-1.7085427135678373,0.7614204706406926
92,3.0499999999999994,-1.5075376884422091,0.7606310747488708
93,3.0499999999999994,-1.306532663316581,0.7601676673736357
94,3.0499999999999994,-1.105527638190953,0.7599079470470546
95,3.0499999999999994,-0.9045226130653248,0.7597699419403238
96,3.0499999999999994,-0.7035175879396967,0.7597006288793633
97,3.0499999999999994,-0.5025125628140685,0.759669032791908
98,3.0499999999999994,-0.3015075376884404,0.7596565474005366
99,3.0499999999999994,-0.10050251256281229,0.759653449390466
100,3.0499999999999994,0.10050251256281584,0.7596574140462315
101,3.0499999999999994,0.30150753768844396,0.7596695743617323
102,3.0499999999999994,0.5025125628140721,0.7596956656797436
103,3.0499999999999994,0.7035175879397002,0.759749346013829
104,3.0499999999999994,0.9045226130653283,0.7598548761314047
105,3.0499999999999994,1.1055276381909565,0.7600521952007132
106,3.0499999999999994,1.3065326633165846,0.7604063696422362
107,3.0499999999999994,1.5075376884422127,0.7610164020886769
108,3.0499999999999994,1.7085427135678408,0.7620266340965536
109,3.0499999999999994,1.909547738693469,0.7636407628837559
110,3.0499999999999994,2.110552763819097,0.7661402382019611
111,3.0499999999999994,2.311557788944725,0.7698957249936135
112,3.0499999999999994,2.5125628140703533,0.775399841512806
113,3.0499999999999994,2.7135678391959814,0.7832771163768003
114,3.0499999999999994,2.9145728643216096,0.7943150629151091
115,3.0499999999999994,3.1155778894472377,0.8094553501782833
116,3.0499999999999994,3.316582914572866,0.8297567207462487
117,3.0499999999999994,3.517587939698494,0.8562188064333016
118,3.0499999999999994,3.718592964824122,0.8892836271639716
119,3.0499999999999994,3.91959798994975,0.927719855777791
120,3.0499999999999994,4.120603015075378,0.9664643303021495
121,3.0499999999999994,4.321608040201006,0.9936579980622446
122,3.0499999999999994,4.5226130653266345,0.9893987025450349
123,3.0499999999999994,4.723618090452263,0.9321064400508224
124,3.0499999999999994,4.924623115577891,0.8152059285680994
125,3.0499999999999994,5.125628140703519,0.6606707935394351
126,3.0499999999999994,5.326633165829147,0.5072161792920643
127,3.0499999999999994,5.527638190954775,0.381808247908876
128,3.0499999999999994,5.728643216080403,0.28897465817496265
129,3.0499999999999994,5.929648241206031,0.22186997340546535
130,3.0499999999999994,6.1306532663316595,0.1728586459243496
131,3.0499999999999994,6.331658291457288,0.13640472524275324
132,3.0499999999999994,6.532663316582916,0.10881455618310633
133,3.0499999999999994,6.733668341708544,0.08761099160174342
134,3.0499999999999994,6.934673366834172,0.07110404013798918
135,3.0499999999999994,7.1356783919598,0.05811484964265533
136,3.0499999999999994,7.336683417085428,0.0477993913284093
137,3.0499999999999994,7.537688442211056,0.03954569957907729
138,3.0499999999999994,7.7386934673366845,0.03289909249242092
139,3.0499999999999994,7.939698492462313,0.02751440187837759
140,3.0499999999999994,8.14070351758794,0.023126516123431105
141,3.0499999999999994,8.341708542713569,0.01952766211788909
142,3.0499999999999994,8.542713567839197,0.01654920841021099
143,3.0499999999999994,8.743718592964825,0.014056207403743073
144,3.0499999999999994,8.944723618090453,0.011934179214247201
145,3.0499999999999994,9.145728643216081,0.010079208572252389
146,3.0499999999999994,9.34673366834171,0.008597131823868334
147,3.0499999999999994,9.547738693467338,0.0068220954849555464
148,3.0499999999999994,9.748743718592966,0.005889742845331393
149,3.0499999999999994,9.949748743718594,0.006260511818688074
150,3.0499999999999994,10.150753768844222,0.0019341347105173326
151,3.0499999999999994,10.35175879396985,0.01612624278116131
152,3.0499999999999994,10.552763819095478,0.008011992044270173
153,3.0499999999999994,10.753768844221106,0.04923632252761392
154,3.0499999999999994,10.954773869346734,0.0550024391720132
155,3.0499999999999994,11.155778894472363,0.10310320275160058
156,3.0499999999999994,11.35678391959799,0.16067987614480125
157,3.0499999999999994,11.557788944723619,0.16351899030478603
158,3.0499999999999994,11.758793969849247,0.2617622470848575
159,3.0499999999999994,11.959798994974875,0.2752987173314108
160,3.0499999999999994,12.160804020100507,0.28807647193842745
161,3.0499999999999994,12.361809045226131,0.3642021823067624
162,3.0499999999999994,12.562814070351763,0.3685028449203109
163,3.0499999999999994,12.763819095477388,0.3525902806699674
164,3.0499999999999994,12.96482412060302,0.3894841537417633
165,3.0499999999999994,13.165829145728644,0.4089694430620913
166,3.0499999999999994,13.366834170854275,0.38176949509468494
167,3.0499999999999994,13.5678391959799,0.3629506131965516
168,3.0499999999999994,13.768844221105532,0.3728686630773807
169,3.0499999999999994,13.969849246231156,0.3771967582971317
170,3.0499999999999994,14.170854271356788,0.35210252470776604
171,3.0499999999999994,14.371859296482413,0.3156092598160058
172,3.0499999999999994,14.572864321608044,0.3004835964178301
173,3.0499999999999994,14.773869346733669,0.30779944016917976
174,3.0499999999999994,14.9748743718593,0.3019163563936325
175,3.0499999999999994,15.175879396984925,0.2633631916161785
176,3.0499999999999994,15.376884422110557,0.22400707905376635
177,3.0499999999999994,15.577889447236181,0.2188613067547074
178,3.0499999999999994,15.778894472361813,0.22759027853659283
179,3.0499999999999994,15.979899497487438,0.22061472081743494
180,3.0499999999999994,16.18090452261307,0.17794534667404735
181,3.0499999999999994,16.381909547738694,0.13842095237476057
182,3.0499999999999994,16.582914572864325,0.17051370508283947
183,3.0499999999999994,16.78391959798995,0.17863057426801054
184,3.0499999999999994,16.98492462311558,0.09442875862707407
185,3.0499999999999994,17.185929648241206,0.09563501097675368
186,3.0499999999999994,17.386934673366838,0.18847417576619335
187,3.0499999999999994,17.587939698492463,0.1749745710923622
188,3.0499999999999994,17.788944723618094,0.05431871736218581
189,3.0499999999999994,17.98994974874372,0.015746160202768693
190,3.0499999999999994,18.19095477386935,0.13342694210813877
191,3.0499999999999994,18.391959798994975,0.26266715207554087
192,3.0499999999999994,18.592964824120607,0.24542836547497465
193,3.0499999999999994,18.79396984924623,0.11769559430397741
194,3.0499999999999994,18.994974874371863,0.01993219024344688
195,3.0499999999999994,19.195979899497488,0.03252610683251106
196,3.0499999999999994,19.39698492462312,0.13382388031551287
197,3.0499999999999994,19.597989949748744,0.24320541336991863
198,3.0499999999999994,19.798994974874375,0.27069112445434745
199,3.0499999999999994,20.0,0.20025660816903196
