,t,height,fid
0,3.2499999999999996,-20.0,0.08144297665419341
1,3.2499999999999996,-19.798994974874372,0.11559019385757996
2,3.2499999999999996,-19.597989949748744,0.1730155143480184
3,3.2499999999999996,-19.396984924623116,0.20441156181736247
4,3.2499999999999996,-19.195979899497488,0.13176133879701188
5,3.2499999999999996,-18.99497487437186,0.03319430014667105
6,3.2499999999999996,-18.79396984924623,0.027063847582438006
7,3.2499999999999996,-18.592964824120603,0.10451789559669515
8,3.2499999999999996,-18.391959798994975,0.2109915834092485
9,3.2499999999999996,-18.190954773869347,0.27842538841683395
10,3.2499999999999996,-17.98994974874372,0.2098111148018801
11,3.2499999999999996,-17.78894472361809,0.05248567358548591
12,3.2499999999999996,-17.587939698492463,0.006046718067068943
13,3.2499999999999996,-17.386934673366834,0.11504453575491032
14,3.2499999999999996,-17.185929648241206,0.2135090989469875
15,3.2499999999999996,-16.984924623115578,0.16169892022123444
16,3.2499999999999996,-16.78391959798995,0.05192120503651327
17,3.2499999999999996,-16.582914572864322,0.08310978992758468
18,3.2499999999999996,-16.381909547738694,0.17804928720034677
19,3.2499999999999996,-16.180904522613066,0.1548585101108696
20,3.2499999999999996,-15.979899497487438,0.11151847069027293
21,3.2499999999999996,-15.77889447236181,0.15685352043940676
22,3.2499999999999996,-15.577889447236181,0.19244148011225368
23,3.2499999999999996,-15.376884422110553,0.1969453594661127
24,3.2499999999999996,-15.175879396984925,0.1943022200421581
25,3.2499999999999996,-14.974874371859297,0.2033508359019262
26,3.2499999999999996,-14.773869346733669,0.2623132911500605
27,3.2499999999999996,-14.57286432160804,0.28667284362676204
28,3.2499999999999996,-14.371859296482413,0.2521385842714609
29,3.2499999999999996,-14.170854271356784,0.2707603765636537
30,3.2499999999999996,-13.969849246231156,0.3477191341612469
31,3.2499999999999996,-13.768844221105528,0.3576320592465229
32,3.2499999999999996,-13.5678391959799,0.3159174522240892
33,3.2499999999999996,-13.366834170854272,0.34887535124904384
34,3.2499999999999996,-13.165829145728644,0.41359562495142577
35,3.2499999999999996,-12.964824120603016,0.39125906536347616
36,3.2499999999999996,-12.763819095477388,0.35629001149726874
37,3.2499999999999996,-12.56281407035176,0.4032056726392771
38,3.2499999999999996,-12.361809045226131,0.4132596802048676
39,3.2499999999999996,-12.160804020100503,0.344770415838158
40,3.2499999999999996,-11.959798994974873,0.35130454881276774
41,3.2499999999999996,-11.758793969849245,0.3548967137569992
42,3.2499999999999996,-11.557788944723617,0.26032249872035745
43,3.2499999999999996,-11.356783919597989,0.25829370978491145
44,3.2499999999999996,-11.15577889447236,0.20950753308676964
45,3.2499999999999996,-10.954773869346733,0.1297819366494101
46,3.2499999999999996,-10.753768844221105,0.12746750471561918
47,3.2499999999999996,-10.552763819095476,0.04387240421250907
48,3.2499999999999996,-10.351758793969848,0.05048758028183024
49,3.2499999999999996,-10.15075376884422,0.005252633404927706
50,3.2499999999999996,-9.949748743718592,0.013503350031816928
51,3.2499999999999996,-9.748743718592964,0.001577175991825704
52,3.2499999999999996,-9.547738693467336,0.0035893774119138233
53,3.2499999999999996,-9.346733668341708,0.004187084530867162
54,3.2499999999999996,-9.14572864321608,0.004532983063317347
55,3.2499999999999996,-8.944723618090451,0.006151214680640708
56,3.2499999999999996,-8.743718592964823,0.008124343891502165
57,3.2499999999999996,-8.542713567839195,0.010718333994940364
58,3.2499999999999996,-8.341708542713567,0.013924034539675136
59,3.2499999999999996,-8.140703517587939,0.017729545693601453
60,3.2499999999999996,-7.939698492462311,0.02218125431961914
61,3.2499999999999996,-7.738693467336683,0.027402891872520502
62,3.2499999999999996,-7.537688442211055,0.03360661983490026
63,3.2499999999999996,-7.3366834170854265,0.04110759868444766
64,3.2499999999999996,-7.135678391959798,0.050337883583403936
65,3.2499999999999996,-6.93467336683417,0.061887754274897656
66,3.2499999999999996,-6.733668341708542,0.07656399276588614
67,3.2499999999999996,-6.532663316582914,0.09549503922622263
68,3.2499999999999996,-6.331658291457286,0.12030387762709013
69,3.2499999999999996,-6.130653266331658,0.1533899012045183
70,3.2499999999999996,-5.92964824120603,0.19839520167347752
71,3.2499999999999996,-5.7286432160804015,0.26093695845942794
72,3.2499999999999996,-5.527638190954773,0.3492898019146012
73,3.2499999999999996,-5.326633165829145,0.4722538986420015
74,3.2499999999999996,-5.125628140703517,0.6274347299585534
75,3.2499999999999996,-4.924623115577889,0.7855853863840171
76,3.2499999999999996,-4.723618090452261,0.902026556946454
77,3.2499999999999996,-4.522613065326633,0.9532409378914546
78,3.2499999999999996,-4.321608040201005,0.9501137616280363
79,3.2499999999999996,-4.1206030150753765,0.9184791809562596
80,3.2499999999999996,-3.9195979899497466,0.8793133303585133
81,3.2499999999999996,-3.7185929648241185,0.8435222246088627
82,3.2499999999999996,-3.5175879396984904,0.8148515506607842
83,3.2499999999999996,-3.3165829145728623,0.7935351101108826
84,3.2499999999999996,-3.115577889447234,0.7785145156437249
85,3.2499999999999996,-2.914572864321606,0.7684414824139048
86,3.2499999999999996,-2.713567839195978,0.7620654627653767
87,3.2499999999999996,-2.5125628140703498,0.7583411350177991
88,3.2499999999999996,-2.3115577889447216,0.7564365218299476
89,3.2499999999999996,-2.1105527638190935,0.7557190035305554
90,3.2499999999999996,-1.9095477386934654,0.7557190803729449
91,3.2499999999999996,-1.7085427135678373,0.7561093713856107
92,3.2499999999999996,-1.5075376884422091,0.7566679930282004
93,3.2499999999999996,-1.306532663316581,0.757258647434218
94,3.2499999999999996,-1.105527638190953,0.7578051109079849
95,3.2499999999999996,-0.9045226130653248,0.7582774906581033
96,3.2499999999999996,-0.7035175879396967,0.7586724559707279
97,3.2499999999999996,-0.5025125628140685,0.7590014908546909
98,3.2499999999999996,-0.3015075376884404,0.7592828886914461
99,3.2499999999999996,-0.10050251256281229,0.7595347358402154
100,3.2499999999999996,0.10050251256281584,0.7597720174799528
101,3.2499999999999996,0.30150753768844396,0.7600020397390788
102,3.2499999999999996,0.5025125628140721,0.7602266367695848
103,3.2499999999999996,0.7035175879397002,0.7604430801995473
104,3.2499999999999996,0.9045226130653283,0.7606484627785475
105,3.2499999999999996,1.1055276381909565,0.7608459738937488
106,3.2499999999999996,1.3065326633165846,0.7610527802827222
107,3.2499999999999996,1.5075376884422127,0.761312928389238
108,3.2499999999999996,1.7085427135678408,0.7617113662191819
109,3.2499999999999996,1.909547738693469,0.762392795527064
110,3.2499999999999996,2.110552763819097,0.7635827349222521
111,3.2499999999999996,2.311557788944725,0.7656090832210765
112,3.2499999999999996,2.5125628140703533,0.7689409528216289
113,3.2499999999999996,2.7135678391959814,0.774208610693303
114,3.2499999999999996,2.9145728643216096,0.7822503172460071
115,3.2499999999999996,3.1155778894472377,0.7941465486982475
116,3.2499999999999996,3.316582914572866,0.8112153283032526
117,3.2499999999999996,3.517587939698494,0.834934436730208
118,3.2499999999999996,3.718592964824122,0.8665827030912994
119,3.2499999999999996,3.91959798994975,0.9062109359858197
120,3.2499999999999996,4.120603015075378,0.9502878863461799
121,3.2499999999999996,4.321608040201006,0.9875563020041758
122,3.2499999999999996,4.5226130653266345,0.9952892585497103
123,3.2499999999999996,4.723618090452263,0.944231615818879
124,3.2499999999999996,4.924623115577891,0.8207094485342333
125,3.2499999999999996,5.125628140703519,0.6501571564282563
126,3.2499999999999996,5.326633165829147,0.4832308804620188
127,3.2499999999999996,5.527638190954775,0.35288782658084605
128,3.2499999999999996,5.728643216080403,0.26088794308092467
129,3.2499999999999996,5.929648241206031,0.1966590609898527
130,3.2499999999999996,6.1306532663316595,0.1508773959042473
131,3.2499999999999996,6.331658291457288,0.11745707200248318
132,3.2499999999999996,6.532663316582916,0.09254814022131526
133,3.2499999999999996,6.733668341708544,0.0736531165185505
134,3.2499999999999996,6.934673366834172,0.0591060286672314
135,3.2499999999999996,7.1356783919598,0.04776241532440864
136,3.2499999999999996,7.336683417085428,0.03881467995589973
137,3.2499999999999996,7.537688442211056,0.0316799814721775
138,3.2499999999999996,7.7386934673366845,0.025930141704174143
139,3.2499999999999996,7.939698492462313,0.02124606680755898
140,3.2499999999999996,8.14070351758794,0.017394458160542896
141,3.2499999999999996,8.341708542713569,0.01420608847326155
142,3.2499999999999996,8.542713567839197,0.011564810793005764
143,3.2499999999999996,8.743718592964825,0.009403748871610716
144,3.2499999999999996,8.944723618090453,0.007650650223450098
145,3.2499999999999996,9.145728643216081,0.006030423260756515
146,3.2499999999999996,9.34673366834171,0.005733681378017667
147,3.2499999999999996,9.547738693467338,0.004588457731903519
148,3.2499999999999996,9.748743718592966,0.0021970088249415954
149,3.2499999999999996,9.949748743718594,0.015785614480334005
150,3.2499999999999996,10.150753768844222,0.005405499214638241
151,3.2499999999999996,10.35175879396985,0.05588471424944257
152,3.2499999999999996,10.552763819095478,0.046825149594563575
153,3.2499999999999996,10.753768844221106,0.13761470501084325
154,3.2499999999999996,10.954773869346734,0.13543908440051125
155,3.2499999999999996,11.155778894472363,0.22405634358273027
156,3.2499999999999996,11.35678391959799,0.26523869400207245
157,3.2499999999999996,11.557788944723619,0.2736362333288042
158,3.2499999999999996,11.758793969849247,0.36724125850711903
159,3.2499999999999996,11.959798994974875,0.35572512679789936
160,3.2499999999999996,12.160804020100507,0.35993992962183075
161,3.2499999999999996,12.361809045226131,0.4212810000665552
162,3.2499999999999996,12.562814070351763,0.40327727478799646
163,3.2499999999999996,12.763819095477388,0.36988605687299386
164,3.2499999999999996,12.96482412060302,0.39985207005243023
165,3.2499999999999996,13.165829145728644,0.40720876684034335
166,3.2499999999999996,13.366834170854275,0.35564331403129035
167,3.2499999999999996,13.5678391959799,0.3310385842020419
168,3.2499999999999996,13.768844221105532,0.3518331533953603
169,3.2499999999999996,13.969849246231156,0.33897416193554386
170,3.2499999999999996,14.170854271356788,0.2849760746547581
171,3.2499999999999996,14.371859296482413,0.2623460983698986
172,3.2499999999999996,14.572864321608044,0.2731127927325234
173,3.2499999999999996,14.773869346733669,0.2561557981510813
174,3.2499999999999996,14.9748743718593,0.21792522503780445
175,3.2499999999999996,15.175879396984925,0.20089378328540453
176,3.2499999999999996,15.376884422110557,0.18619690484545826
177,3.2499999999999996,15.577889447236181,0.18961655792482385
178,3.2499999999999996,15.778894472361813,0.1650338233404058
179,3.2499999999999996,15.979899497487438,0.1108806398837635
180,3.2499999999999996,16.18090452261307,0.1572143363924509
181,3.2499999999999996,16.381909547738694,0.18505650516279012
182,3.2499999999999996,16.582914572864325,0.08110703560612384
183,3.2499999999999996,16.78391959798995,0.0460703747730497
184,3.2499999999999996,16.98492462311558,0.16807238621777798
185,3.2499999999999996,17.185929648241206,0.23044548207085885
186,3.2499999999999996,17.386934673366838,0.1228949203475947
187,3.2499999999999996,17.587939698492463,0.006220502856841659
188,3.2499999999999996,17.788944723618094,0.05330467144829485
189,3.2499999999999996,17.98994974874372,0.21139438424846452
190,3.2499999999999996,18.19095477386935,0.2905214255562093
191,3.2499999999999996,18.391959798994975,0.22818948597848238
192,3.2499999999999996,18.592964824120607,0.10954153392108201
193,3.2499999999999996,18.79396984924623,0.02754577394807413
194,3.2499999999999996,18.994974874371863,0.03921246945406974
195,3.2499999999999996,19.195979899497488,0.1316864427199585
196,3.2499999999999996,19.39698492462312,0.20198263358853816
197,3.2499999999999996,19.597989949748744,0.18519901169290062
198,3.2499999999999996,19.798994974874375,0.12964176423189291
199,3.2499999999999996,20.0,0.08018067047524738
