,t,height,fid
0,3.1999999999999993,-20.0,0.11212641462203465
1,3.1999999999999993,-19.798994974874372,0.15744124564516673
2,3.1999999999999993,-19.597989949748744,0.18424992318743197
3,3.1999999999999993,-19.396984924623116,0.18916275763386886
4,3.1999999999999993,-19.195979899497488,0.11934558537828341
5,3.1999999999999993,-18.99497487437186,0.024873706187385054
6,3.1999999999999993,-18.79396984924623,0.03425905691438552
7,3.1999999999999993,-18.592964824120603,0.14628110100759445
8,3.1999999999999993,-18.391959798994975,0.24636937869799033
9,3.1999999999999993,-18.190954773869347,0.2554955393885378
10,3.1999999999999993,-17.98994974874372,0.15440529652129878
11,3.1999999999999993,-17.78894472361809,0.021832535825342284
12,3.1999999999999993,-17.587939698492463,0.029042293276137356
13,3.1999999999999993,-17.386934673366834,0.1659317005243406
14,3.1999999999999993,-17.185929648241206,0.20880503726952596
15,3.1999999999999993,-16.984924623115578,0.10686136581112529
16,3.1999999999999993,-16.78391959798995,0.04682504058183625
17,3.1999999999999993,-16.582914572864322,0.12722687291054977
18,3.1999999999999993,-16.381909547738694,0.1852834907323465
19,3.1999999999999993,-16.180904522613066,0.14465123244451708
20,3.1999999999999993,-15.979899497487438,0.14387378274530238
21,3.1999999999999993,-15.77889447236181,0.16828370742716614
22,3.1999999999999993,-15.577889447236181,0.17940416963712735
23,3.1999999999999993,-15.376884422110553,0.21946266142474688
24,3.1999999999999993,-15.175879396984925,0.2290141305611652
25,3.1999999999999993,-14.974874371859297,0.21426674558595588
26,3.1999999999999993,-14.773869346733669,0.2521367103566963
27,3.1999999999999993,-14.57286432160804,0.30045388870377376
28,3.1999999999999993,-14.371859296482413,0.28929014703007017
29,3.1999999999999993,-14.170854271356784,0.2793476779426443
30,3.1999999999999993,-13.969849246231156,0.33627247508139624
31,3.1999999999999993,-13.768844221105528,0.3760980596361168
32,3.1999999999999993,-13.5678391959799,0.3422469588679304
33,3.1999999999999993,-13.366834170854272,0.34171549285928765
34,3.1999999999999993,-13.165829145728644,0.4086161762701421
35,3.1999999999999993,-12.964824120603016,0.40943546072953135
36,3.1999999999999993,-12.763819095477388,0.3526757182278262
37,3.1999999999999993,-12.56281407035176,0.3854866106102938
38,3.1999999999999993,-12.361809045226131,0.41531937519703227
39,3.1999999999999993,-12.160804020100503,0.3311509275435564
40,3.1999999999999993,-11.959798994974873,0.32489759035839766
41,3.1999999999999993,-11.758793969849245,0.3429555029915064
42,3.1999999999999993,-11.557788944723617,0.23011509326202312
43,3.1999999999999993,-11.356783919597989,0.23234518498884568
44,3.1999999999999993,-11.15577889447236,0.18472028646515173
45,3.1999999999999993,-10.954773869346733,0.10183628204414305
46,3.1999999999999993,-10.753768844221105,0.10941295387239301
47,3.1999999999999993,-10.552763819095476,0.026729857287570272
48,3.1999999999999993,-10.351758793969848,0.04242392965902385
49,3.1999999999999993,-10.15075376884422,0.0017405814861709717
50,3.1999999999999993,-9.949748743718592,0.011972983714915935
51,3.1999999999999993,-9.748743718592964,0.0037536426361352844
52,3.1999999999999993,-9.547738693467336,0.004614742934092519
53,3.1999999999999993,-9.346733668341708,0.005533752905054763
54,3.1999999999999993,-9.14572864321608,0.0055074980542889765
55,3.1999999999999993,-8.944723618090451,0.006410463327053
56,3.1999999999999993,-8.743718592964823,0.007689958384855132
57,3.1999999999999993,-8.542713567839195,0.00959820103089472
58,3.1999999999999993,-8.341708542713567,0.012227767385411075
59,3.1999999999999993,-8.140703517587939,0.01563843748269219
60,3.1999999999999993,-7.939698492462311,0.019907764061578972
61,3.1999999999999993,-7.738693467336683,0.025154888431333178
62,3.1999999999999993,-7.537688442211055,0.03157446989104469
63,3.1999999999999993,-7.3366834170854265,0.039456658640385965
64,3.1999999999999993,-7.135678391959798,0.049214416765067395
65,3.1999999999999993,-6.93467336683417,0.061424813780604416
66,3.1999999999999993,-6.733668341708542,0.07689535521080311
67,3.1999999999999993,-6.532663316582914,0.09676593020727405
68,3.1999999999999993,-6.331658291457286,0.12267905932333627
69,3.1999999999999993,-6.130653266331658,0.1570573682223241
70,3.1999999999999993,-5.92964824120603,0.20355086654655324
71,3.1999999999999993,-5.7286432160804015,0.2677248427171448
72,3.1999999999999993,-5.527638190954773,0.35757483346592994
73,3.1999999999999993,-5.326633165829145,0.4811912315036477
74,3.1999999999999993,-5.125628140703517,0.6355220945736221
75,3.1999999999999993,-4.924623115577889,0.7923275328568256
76,3.1999999999999993,-4.723618090452261,0.909044008461555
77,3.1999999999999993,-4.522613065326633,0.9624540124606756
78,3.1999999999999993,-4.321608040201005,0.9617666331141235
79,3.1999999999999993,-4.1206030150753765,0.9313728677465855
80,3.1999999999999993,-3.9195979899497466,0.8919755830907593
81,3.1999999999999993,-3.7185929648241185,0.8548987125857898
82,3.1999999999999993,-3.5175879396984904,0.8243782951827213
83,3.1999999999999993,-3.3165829145728623,0.8010244134368393
84,3.1999999999999993,-3.115577889447234,0.7840083333324784
85,3.1999999999999993,-2.914572864321606,0.7721222706718679
86,3.1999999999999993,-2.713567839195978,0.7641838126395475
87,3.1999999999999993,-2.5125628140703498,0.7591821700824366
88,3.1999999999999993,-2.3115577889447216,0.7562920648645648
89,3.1999999999999993,-2.1105527638190935,0.7548628829052352
90,3.1999999999999993,-1.9095477386934654,0.7544006622600523
91,3.1999999999999993,-1.7085427135678373,0.7545404918426328
92,3.1999999999999993,-1.5075376884422091,0.7550227979719081
93,3.1999999999999993,-1.306532663316581,0.7556714691411893
94,3.1999999999999993,-1.105527638190953,0.7563759167752222
95,3.1999999999999993,-0.9045226130653248,0.7570718892237025
96,3.1999999999999993,-0.7035175879396967,0.7577293495639189
97,3.1999999999999993,-0.5025125628140685,0.7583371188982806
98,3.1999999999999993,-0.3015075376884404,0.7588958002023537
99,3.1999999999999993,-0.10050251256281229,0.7594113274257255
100,3.1999999999999993,0.10050251256281584,0.7598889751715862
101,3.1999999999999993,0.30150753768844396,0.7603311675986402
102,3.1999999999999993,0.5025125628140721,0.7607380642958675
103,3.1999999999999993,0.7035175879397002,0.7611076242007819
104,3.1999999999999993,0.9045226130653283,0.7614404038808121
105,3.1999999999999993,1.1055276381909565,0.7617470546746946
106,3.1999999999999993,1.3065326633165846,0.7620527758355269
107,3.1999999999999993,1.5075376884422127,0.7624136345741344
108,3.1999999999999993,1.7085427135678408,0.76292761524769
109,3.1999999999999993,1.909547738693469,0.7637545256190355
110,3.1999999999999993,2.110552763819097,0.7651346954236139
111,3.1999999999999993,2.311557788944725,0.7674149433940576
112,3.1999999999999993,2.5125628140703533,0.7710720616718554
113,3.1999999999999993,2.7135678391959814,0.7767540137151323
114,3.1999999999999993,2.9145728643216096,0.7852998281072028
115,3.1999999999999993,3.1155778894472377,0.7977770054844897
116,3.1999999999999993,3.316582914572866,0.8154648713009782
117,3.1999999999999993,3.517587939698494,0.839747578276472
118,3.1999999999999993,3.718592964824122,0.8717237456074142
119,3.1999999999999993,3.91959798994975,0.9111348189863672
120,3.1999999999999993,4.120603015075378,0.9540452888427569
121,3.1999999999999993,4.321608040201006,0.988955121582805
122,3.1999999999999993,4.5226130653266345,0.9937396297101844
123,3.1999999999999993,4.723618090452263,0.9410858614140484
124,3.1999999999999993,4.924623115577891,0.8192729999547206
125,3.1999999999999993,5.125628140703519,0.6528933907241425
126,3.1999999999999993,5.326633165829147,0.4893808111584628
127,3.1999999999999993,5.527638190954775,0.3601496436060714
128,3.1999999999999993,5.728643216080403,0.2677992368889562
129,3.1999999999999993,5.929648241206031,0.20273747955439497
130,3.1999999999999993,6.1306532663316595,0.15605681803337157
131,3.1999999999999993,6.331658291457288,0.12179295917518967
132,3.1999999999999993,6.532663316582916,0.09612903665829972
133,3.1999999999999993,6.733668341708544,0.07657109790055071
134,3.1999999999999993,6.934673366834172,0.06144669405825429
135,3.1999999999999993,7.1356783919598,0.04960352911633423
136,3.1999999999999993,7.336683417085428,0.04022667691701994
137,3.1999999999999993,7.537688442211056,0.03273245330003085
138,3.1999999999999993,7.7386934673366845,0.026692330411566233
139,3.1999999999999993,7.939698492462313,0.021792076667465268
140,3.1999999999999993,8.14070351758794,0.017803175986743143
141,3.1999999999999993,8.341708542713569,0.014556460587609546
142,3.1999999999999993,8.542713567839197,0.011930680896152757
143,3.1999999999999993,8.743718592964825,0.009837214017637132
144,3.1999999999999993,8.944723618090453,0.008183064976371349
145,3.1999999999999993,9.145728643216081,0.006771390220686463
146,3.1999999999999993,9.34673366834171,0.0063287488469437134
147,3.1999999999999993,9.547738693467338,0.00488188561409905
148,3.1999999999999993,9.748743718592966,0.0035980060357197253
149,3.1999999999999993,9.949748743718594,0.012253036233030356
150,3.1999999999999993,10.150753768844222,0.0021968245684811584
151,3.1999999999999993,10.35175879396985,0.04405855749876348
152,3.1999999999999993,10.552763819095478,0.03089550024842051
153,3.1999999999999993,10.753768844221106,0.11445611108230665
154,3.1999999999999993,10.954773869346734,0.11011599051311186
155,3.1999999999999993,11.155778894472363,0.19466225683665636
156,3.1999999999999993,11.35678391959799,0.24028767136165546
157,3.1999999999999993,11.557788944723619,0.2451520302276454
158,3.1999999999999993,11.758793969849247,0.349549532811386
159,3.1999999999999993,11.959798994974875,0.3356644004584203
160,3.1999999999999993,12.160804020100507,0.34545518299540307
161,3.1999999999999993,12.361809045226131,0.4175918763650271
162,3.1999999999999993,12.562814070351763,0.39385913027001107
163,3.1999999999999993,12.763819095477388,0.36702821611041025
164,3.1999999999999993,12.96482412060302,0.409070454850033
165,3.1999999999999993,13.165829145728644,0.4087893661371894
166,3.1999999999999993,13.366834170854275,0.3566576801040103
167,3.1999999999999993,13.5678391959799,0.34751056972710204
168,3.1999999999999993,13.768844221105532,0.36636843353691273
169,3.1999999999999993,13.969849246231156,0.34105108444607496
170,3.1999999999999993,14.170854271356788,0.2961371353863129
171,3.1999999999999993,14.371859296482413,0.2865002344272921
172,3.1999999999999993,14.572864321608044,0.2867507139545422
173,3.1999999999999993,14.773869346733669,0.25942559263946097
174,3.1999999999999993,14.9748743718593,0.2302431101505545
175,3.1999999999999993,15.175879396984925,0.22467658048601408
176,3.1999999999999993,15.376884422110557,0.20671262149256764
177,3.1999999999999993,15.577889447236181,0.18219340206351045
178,3.1999999999999993,15.778894472361813,0.1812624737154389
179,3.1999999999999993,15.979899497487438,0.14270064447975778
180,3.1999999999999993,16.18090452261307,0.1382601441944387
181,3.1999999999999993,16.381909547738694,0.1896359331317912
182,3.1999999999999993,16.582914572864325,0.13123570621048006
183,3.1999999999999993,16.78391959798995,0.04357221308023601
184,3.1999999999999993,16.98492462311558,0.11040001849047634
185,3.1999999999999993,17.185929648241206,0.22175534838164004
186,3.1999999999999993,17.386934673366838,0.1727632193631028
187,3.1999999999999993,17.587939698492463,0.030188994210321438
188,3.1999999999999993,17.788944723618094,0.01997770551902937
189,3.1999999999999993,17.98994974874372,0.1571360088699069
190,3.1999999999999993,18.19095477386935,0.2719512558820874
191,3.1999999999999993,18.391959798994975,0.2619306786745594
192,3.1999999999999993,18.592964824120607,0.14966042082582656
193,3.1999999999999993,18.79396984924623,0.03652434216763082
194,3.1999999999999993,18.994974874371863,0.028379898630680835
195,3.1999999999999993,19.195979899497488,0.11745416987309826
196,3.1999999999999993,19.39698492462312,0.19366513968130397
197,3.1999999999999993,19.597989949748744,0.20110368335162576
198,3.1999999999999993,19.798994974874375,0.16724840477105413
199,3.1999999999999993,20.0,0.10850069524784602
