,t,height,fid
0,3.2999999999999994,-20.0,0.05590093648087307
1,3.2999999999999994,-19.798994974874372,0.08721419850754507
2,3.2999999999999994,-19.597989949748744,0.16929157428324984
3,3.2999999999999994,-19.396984924623116,0.20618697329258162
4,3.2999999999999994,-19.195979899497488,0.12998127288513123
5,3.2999999999999994,-18.99497487437186,0.04372723723020964
6,3.2999999999999994,-18.79396984924623,0.025529924748145298
7,3.2999999999999994,-18.592964824120603,0.0672146769285218
8,3.2999999999999994,-18.391959798994975,0.18013909359450875
9,3.2999999999999994,-18.190954773869347,0.28879832042960163
10,3.2999999999999994,-17.98994974874372,0.24291322438975377
11,3.2999999999999994,-17.78894472361809,0.08571140254272905
12,3.2999999999999994,-17.587939698492463,0.0018962055817786667
13,3.2999999999999994,-17.386934673366834,0.06760687695773065
14,3.2999999999999994,-17.185929648241206,0.2039097547482598
15,3.2999999999999994,-16.984924623115578,0.2177143391251824
16,3.2999999999999994,-16.78391959798995,0.08263172109451188
17,3.2999999999999994,-16.582914572864322,0.040852515387754494
18,3.2999999999999994,-16.381909547738694,0.14003751198422118
19,3.2999999999999994,-16.180904522613066,0.1746662562205197
20,3.2999999999999994,-15.979899497487438,0.11272549847011545
21,3.2999999999999994,-15.77889447236181,0.13372220773970814
22,3.2999999999999994,-15.577889447236181,0.19171993221121694
23,3.2999999999999994,-15.376884422110553,0.17286687925778552
24,3.2999999999999994,-15.175879396984925,0.1681111257370855
25,3.2999999999999994,-14.974874371859297,0.20924276996342128
26,3.2999999999999994,-14.773869346733669,0.26099040091861836
27,3.2999999999999994,-14.57286432160804,0.25362130726535725
28,3.2999999999999994,-14.371859296482413,0.22575255203444605
29,3.2999999999999994,-14.170854271356784,0.28045349971327893
30,3.2999999999999994,-13.969849246231156,0.34427521369163383
31,3.2999999999999994,-13.768844221105528,0.321793928677515
32,3.2999999999999994,-13.5678391959799,0.30523224579759806
33,3.2999999999999994,-13.366834170854272,0.3626760940994783
34,3.2999999999999994,-13.165829145728644,0.39719055985759266
35,3.2999999999999994,-12.964824120603016,0.3727568529951007
36,3.2999999999999994,-12.763819095477388,0.3725108318807073
37,3.2999999999999994,-12.56281407035176,0.4060167266140922
38,3.2999999999999994,-12.361809045226131,0.40491915180169985
39,3.2999999999999994,-12.160804020100503,0.3682737559717789
40,3.2999999999999994,-11.959798994974873,0.3652791773031852
41,3.2999999999999994,-11.758793969849245,0.36487161268141627
42,3.2999999999999994,-11.557788944723617,0.2954799284247358
43,3.2999999999999994,-11.356783919597989,0.2745881426017664
44,3.2999999999999994,-11.15577889447236,0.24147900544282505
45,3.2999999999999994,-10.954773869346733,0.1550448796953228
46,3.2999999999999994,-10.753768844221105,0.15009715577535873
47,3.2999999999999994,-10.552763819095476,0.06369157656930288
48,3.2999999999999994,-10.351758793969848,0.06275281225340855
49,3.2999999999999994,-10.15075376884422,0.011142232524431136
50,3.2999999999999994,-9.949748743718592,0.01883958232880046
51,3.2999999999999994,-9.748743718592964,0.0005268398050909247
52,3.2999999999999994,-9.547738693467336,0.0052662039529674555
53,3.2999999999999994,-9.346733668341708,0.005087086865304314
54,3.2999999999999994,-9.14572864321608,0.005787417281139317
55,3.2999999999999994,-8.944723618090451,0.008090269048518233
56,3.2999999999999994,-8.743718592964823,0.010398564182501327
57,3.2999999999999994,-8.542713567839195,0.013128549390789706
58,3.2999999999999994,-8.341708542713567,0.01620406022268412
59,3.2999999999999994,-8.140703517587939,0.019602837547683938
60,3.2999999999999994,-7.939698492462311,0.023410448730595928
61,3.2999999999999994,-7.738693467336683,0.027810001740410543
62,3.2999999999999994,-7.537688442211055,0.03307127155706551
63,3.2999999999999994,-7.3366834170854265,0.03955186880657686
64,3.2999999999999994,-7.135678391959798,0.047708241654961105
65,3.2999999999999994,-6.93467336683417,0.058132176962734206
66,3.2999999999999994,-6.733668341708542,0.07161707177850252
67,3.2999999999999994,-6.532663316582914,0.08927223894538427
68,3.2999999999999994,-6.331658291457286,0.11269081608422063
69,3.2999999999999994,-6.130653266331658,0.144254342807557
70,3.2999999999999994,-5.92964824120603,0.18761137029261304
71,3.2999999999999994,-5.7286432160804015,0.24847354568960248
72,3.2999999999999994,-5.527638190954773,0.3354820565538393
73,3.2999999999999994,-5.326633165829145,0.4584035607714923
74,3.2999999999999994,-5.125628140703517,0.615932042481093
75,3.2999999999999994,-4.924623115577889,0.7780212481225529
76,3.2999999999999994,-4.723618090452261,0.8973510742365456
77,3.2999999999999994,-4.522613065326633,0.9492884144759139
78,3.2999999999999994,-4.321608040201005,0.9458900450192214
79,3.2999999999999994,-4.1206030150753765,0.9143249504286096
80,3.2999999999999994,-3.9195979899497466,0.8759482352640868
81,3.2999999999999994,-3.7185929648241185,0.8414344311031589
82,3.2999999999999994,-3.5175879396984904,0.8141920456895193
83,3.2999999999999994,-3.3165829145728623,0.7942133436304556
84,3.2999999999999994,-3.115577889447234,0.7803083273710264
85,3.2999999999999994,-2.914572864321606,0.7710819268568933
86,3.2999999999999994,-2.713567839195978,0.7652674289225638
87,3.2999999999999994,-2.5125628140703498,0.7618459499105872
88,3.2999999999999994,-2.3115577889447216,0.7600224107483259
89,3.2999999999999994,-2.1105527638190935,0.7592068027877189
90,3.2999999999999994,-1.9095477386934654,0.7589761331923153
91,3.2999999999999994,-1.7085427135678373,0.7590422051022397
92,3.2999999999999994,-1.5075376884422091,0.7592222960420368
93,3.2999999999999994,-1.306532663316581,0.7594095897126728
94,3.2999999999999994,-1.105527638190953,0.7595524311826687
95,3.2999999999999994,-0.9045226130653248,0.7596361097232351
96,3.2999999999999994,-0.7035175879396967,0.7596688439953276
97,3.2999999999999994,-0.5025125628140685,0.759669268928403
98,3.2999999999999994,-0.3015075376884404,0.7596573910667939
99,3.2999999999999994,-0.10050251256281229,0.7596515905398852
100,3.2999999999999994,0.10050251256281584,0.7596623952757195
101,3.2999999999999994,0.30150753768844396,0.759692115641091
102,3.2999999999999994,0.5025125628140721,0.7597358656161289
103,3.2999999999999994,0.7035175879397002,0.7597819495707417
104,3.2999999999999994,0.9045226130653283,0.759818709545557
105,3.2999999999999994,1.1055276381909565,0.7598388035026684
106,3.2999999999999994,1.3065326633165846,0.7598496680248874
107,3.2999999999999994,1.5075376884422127,0.7598849826775074
108,3.2999999999999994,1.7085427135678408,0.7600202388379184
109,3.2999999999999994,1.909547738693469,0.7603907115979779
110,3.2999999999999994,2.110552763819097,0.7612128974910595
111,3.2999999999999994,2.311557788944725,0.7628115915879626
112,3.2999999999999994,2.5125628140703533,0.7656504079451543
113,3.2999999999999994,2.7135678391959814,0.770365600203143
114,3.2999999999999994,2.9145728643216096,0.7778019163163703
115,3.2999999999999994,3.1155778894472377,0.7890548222019667
116,3.2999999999999994,3.316582914572866,0.8054904904407689
117,3.2999999999999994,3.517587939698494,0.8286739251779314
118,3.2999999999999994,3.718592964824122,0.8600553159268832
119,3.2999999999999994,3.91959798994975,0.8999857325792919
120,3.2999999999999994,4.120603015075378,0.9453570855911071
121,3.2999999999999994,4.321608040201006,0.9851947903927173
122,3.2999999999999994,4.5226130653266345,0.9962236108768021
123,3.2999999999999994,4.723618090452263,0.9471617989531447
124,3.2999999999999994,4.924623115577891,0.8221437518716683
125,3.2999999999999994,5.125628140703519,0.6473731555832956
126,3.2999999999999994,5.326633165829147,0.47693287268311507
127,3.2999999999999994,5.527638190954775,0.34543346104028844
128,3.2999999999999994,5.728643216080403,0.25373195763159095
129,3.2999999999999994,5.929648241206031,0.1902608339979881
130,3.2999999999999994,6.1306532663316595,0.14530554784838157
131,3.2999999999999994,6.331658291457288,0.11266408806633627
132,3.2999999999999994,6.532663316582916,0.0884583294686171
133,3.2999999999999994,6.733668341708544,0.07019212561963603
134,3.2999999999999994,6.934673366834172,0.05621119964005626
135,3.2999999999999994,7.1356783919598,0.045382363029723906
136,3.2999999999999994,7.336683417085428,0.036908984909555284
137,3.2999999999999994,7.537688442211056,0.03021291133837848
138,3.2999999999999994,7.7386934673366845,0.024866513778372647
139,3.2999999999999994,7.939698492462313,0.020546280516752436
140,3.2999999999999994,8.14070351758794,0.017005114922762268
141,3.2999999999999994,8.341708542713569,0.014059681475207232
142,3.2999999999999994,8.542713567839197,0.011580159122407062
143,3.2999999999999994,8.743718592964825,0.009504632170737475
144,3.2999999999999994,8.944723618090453,0.007766910571714893
145,3.2999999999999994,9.145728643216081,0.005917402417206757
146,3.2999999999999994,9.34673366834171,0.005842807177496609
147,3.2999999999999994,9.547738693467338,0.00542749864915353
148,3.2999999999999994,9.748743718592966,0.0012125133717715854
149,3.2999999999999994,9.949748743718594,0.021574057362369406
150,3.2999999999999994,10.150753768844222,0.011106765528261496
151,3.2999999999999994,10.35175879396985,0.07065213114011926
152,3.2999999999999994,10.552763819095478,0.0659649260749016
153,3.2999999999999994,10.753768844221106,0.16324150513098545
154,3.2999999999999994,10.954773869346734,0.1606716136949703
155,3.2999999999999994,11.155778894472363,0.2556464050692872
156,3.2999999999999994,11.35678391959799,0.28572181220797377
157,3.2999999999999994,11.557788944723619,0.3028456109607914
158,3.2999999999999994,11.758793969849247,0.3823661734840622
159,3.2999999999999994,11.959798994974875,0.36929082507143723
160,3.2999999999999994,12.160804020100507,0.3767789644324903
161,3.2999999999999994,12.361809045226131,0.42061494937144106
162,3.2999999999999994,12.562814070351763,0.4050768686082487
163,3.2999999999999994,12.763819095477388,0.3768637147492828
164,3.2999999999999994,12.96482412060302,0.3891959075797807
165,3.2999999999999994,13.165829145728644,0.3953438498907426
166,3.2999999999999994,13.366834170854275,0.3569207464049533
167,3.2999999999999994,13.5678391959799,0.32085332124291965
168,3.2999999999999994,13.768844221105532,0.3288593920932701
169,3.2999999999999994,13.969849246231156,0.3298518319486471
170,3.2999999999999994,14.170854271356788,0.2821202102815431
171,3.2999999999999994,14.371859296482413,0.24309770936394567
172,3.2999999999999994,14.572864321608044,0.2502942979562145
173,3.2999999999999994,14.773869346733669,0.24729916978224756
174,3.2999999999999994,14.9748743718593,0.2151318550974375
175,3.2999999999999994,15.175879396984925,0.17825771187076836
176,3.2999999999999994,15.376884422110557,0.16966505297981793
177,3.2999999999999994,15.577889447236181,0.19060058402602176
178,3.2999999999999994,15.778894472361813,0.133642688738132
179,3.2999999999999994,15.979899497487438,0.10957359186384658
180,3.2999999999999994,16.18090452261307,0.18387971433672298
181,3.2999999999999994,16.381909547738694,0.14884066881833563
182,3.2999999999999994,16.582914572864325,0.03713590307403417
183,3.2999999999999994,16.78391959798995,0.07862015629653243
184,3.2999999999999994,16.98492462311558,0.22397822619869395
185,3.2999999999999994,17.185929648241206,0.21963996455911075
186,3.2999999999999994,17.386934673366838,0.07558092223280621
187,3.2999999999999994,17.587939698492463,0.0025929950536988868
188,3.2999999999999994,17.788944723618094,0.09173472124092531
189,3.2999999999999994,17.98994974874372,0.2467651553241448
190,3.2999999999999994,18.19095477386935,0.29366667267657437
191,3.2999999999999994,18.391959798994975,0.19409937980182793
192,3.2999999999999994,18.592964824120607,0.07436484702409035
193,3.2999999999999994,18.79396984924623,0.024864812971194514
194,3.2999999999999994,18.994974874371863,0.051552734153366406
195,3.2999999999999994,19.195979899497488,0.13540948406035883
196,3.2999999999999994,19.39698492462312,0.2002141421265491
197,3.2999999999999994,19.597989949748744,0.17333981460141606
198,3.2999999999999994,19.798994974874375,0.10172500698389589
199,3.2999999999999994,20.0,0.05768531841402164
