,t,height,fid
0,3.4999999999999996,-20.0,0.03704255478715612
1,3.4999999999999996,-19.798994974874372,0.06588671706865966
2,3.4999999999999996,-19.597989949748744,0.12415517881573884
3,3.4999999999999996,-19.396984924623116,0.12401389874633234
4,3.4999999999999996,-19.195979899497488,0.1312999966727823
5,3.4999999999999996,-18.99497487437186,0.12865190611989163
6,3.4999999999999996,-18.79396984924623,0.04589507468912215
7,3.4999999999999996,-18.592964824120603,0.015370439715667067
8,3.4999999999999996,-18.391959798994975,0.084428424428574
9,3.4999999999999996,-18.190954773869347,0.14770482439609628
10,3.4999999999999996,-17.98994974874372,0.21653053070977155
11,3.4999999999999996,-17.78894472361809,0.22282940096344422
12,3.4999999999999996,-17.587939698492463,0.08950691931103023
13,3.4999999999999996,-17.386934673366834,0.01042443282391455
14,3.4999999999999996,-17.185929648241206,0.09143403902217537
15,3.4999999999999996,-16.984924623115578,0.21779003745267214
16,3.4999999999999996,-16.78391959798995,0.2587562694024148
17,3.4999999999999996,-16.582914572864322,0.12424944124511082
18,3.4999999999999996,-16.381909547738694,0.006069533765666305
19,3.4999999999999996,-16.180904522613066,0.0978958266551357
20,3.4999999999999996,-15.979899497487438,0.1969829291785939
21,3.4999999999999996,-15.77889447236181,0.12544494164566566
22,3.4999999999999996,-15.577889447236181,0.06475768185873713
23,3.4999999999999996,-15.376884422110553,0.15773854644498525
24,3.4999999999999996,-15.175879396984925,0.17252995624202483
25,3.4999999999999996,-14.974874371859297,0.13424606022196434
26,3.4999999999999996,-14.773869346733669,0.17841725614169204
27,3.4999999999999996,-14.57286432160804,0.19730088073998853
28,3.4999999999999996,-14.371859296482413,0.2151887440424176
29,3.4999999999999996,-14.170854271356784,0.2249455829448618
30,3.4999999999999996,-13.969849246231156,0.23466000370514076
31,3.4999999999999996,-13.768844221105528,0.2934636223753652
32,3.4999999999999996,-13.5678391959799,0.30226573522347955
33,3.4999999999999996,-13.366834170854272,0.27522092792192643
34,3.4999999999999996,-13.165829145728644,0.3467277867073468
35,3.4999999999999996,-12.964824120603016,0.3880578928615694
36,3.4999999999999996,-12.763819095477388,0.332917095419619
37,3.4999999999999996,-12.56281407035176,0.3789642501502675
38,3.4999999999999996,-12.361809045226131,0.4385509150487366
39,3.4999999999999996,-12.160804020100503,0.3759224790580098
40,3.4999999999999996,-11.959798994974873,0.3924217956489536
41,3.4999999999999996,-11.758793969849245,0.4350227659513983
42,3.4999999999999996,-11.557788944723617,0.354897922639849
43,3.4999999999999996,-11.356783919597989,0.3626309787924254
44,3.4999999999999996,-11.15577889447236,0.3473268742868585
45,3.4999999999999996,-10.954773869346733,0.2523224758731199
46,3.4999999999999996,-10.753768844221105,0.26442102764127745
47,3.4999999999999996,-10.552763819095476,0.15324881155757178
48,3.4999999999999996,-10.351758793969848,0.14560689757479894
49,3.4999999999999996,-10.15075376884422,0.05939960915125002
50,3.4999999999999996,-9.949748743718592,0.05669878030470011
51,3.4999999999999996,-9.748743718592964,0.006529948303771366
52,3.4999999999999996,-9.547738693467336,0.013300890311887985
53,3.4999999999999996,-9.346733668341708,0.003996412416982998
54,3.4999999999999996,-9.14572864321608,0.0024617592548737367
55,3.4999999999999996,-8.944723618090451,0.004688900786410968
56,3.4999999999999996,-8.743718592964823,0.005215684091519764
57,3.4999999999999996,-8.542713567839195,0.006317148152125464
58,3.4999999999999996,-8.341708542713567,0.008022783865996683
59,3.4999999999999996,-8.140703517587939,0.010417384737511567
60,3.4999999999999996,-7.939698492462311,0.013696797290655599
61,3.4999999999999996,-7.738693467336683,0.017994323590584376
62,3.4999999999999996,-7.537688442211055,0.023415715879374355
63,3.4999999999999996,-7.3366834170854265,0.03011051489056227
64,3.4999999999999996,-7.135678391959798,0.03834456078218646
65,3.4999999999999996,-6.93467336683417,0.048569292519491686
66,3.4999999999999996,-6.733668341708542,0.06148921002840363
67,3.4999999999999996,-6.532663316582914,0.0781656046300315
68,3.4999999999999996,-6.331658291457286,0.100179878755706
69,3.4999999999999996,-6.130653266331658,0.129934128198869
70,3.4999999999999996,-5.92964824120603,0.17120496282623596
71,3.4999999999999996,-5.7286432160804015,0.23011441660921295
72,3.4999999999999996,-5.527638190954773,0.3166555786219726
73,3.4999999999999996,-5.326633165829145,0.44414477579601
74,3.4999999999999996,-5.125628140703517,0.6146538233743971
75,3.4999999999999996,-4.924623115577889,0.791538149699672
76,3.4999999999999996,-4.723618090452261,0.9139537245220863
77,3.4999999999999996,-4.522613065326633,0.955327837627202
78,3.4999999999999996,-4.321608040201005,0.937455717767541
79,3.4999999999999996,-4.1206030150753765,0.8953431609965599
80,3.4999999999999996,-3.9195979899497466,0.851951511013885
81,3.4999999999999996,-3.7185929648241185,0.8164868217123562
82,3.4999999999999996,-3.5175879396984904,0.7906118044802674
83,3.4999999999999996,-3.3165829145728623,0.7731298250126017
84,3.4999999999999996,-3.115577889447234,0.7621646901339748
85,3.4999999999999996,-2.914572864321606,0.7559423977504748
86,3.4999999999999996,-2.713567839195978,0.7529936274167199
87,3.4999999999999996,-2.5125628140703498,0.7521633894368144
88,3.4999999999999996,-2.3115577889447216,0.7525902447928446
89,3.4999999999999996,-2.1105527638190935,0.7536497559455568
90,3.4999999999999996,-1.9095477386934654,0.7549183679153842
91,3.4999999999999996,-1.7085427135678373,0.7561320223928956
92,3.4999999999999996,-1.5075376884422091,0.7571511397411393
93,3.4999999999999996,-1.306532663316581,0.7579252775289591
94,3.4999999999999996,-1.105527638190953,0.7584617668402428
95,3.4999999999999996,-0.9045226130653248,0.7588077907412522
96,3.4999999999999996,-0.7035175879396967,0.7590262613867058
97,3.4999999999999996,-0.5025125628140685,0.7591829641728959
98,3.4999999999999996,-0.3015075376884404,0.7593359155589476
99,3.4999999999999996,-0.10050251256281229,0.7595314228849848
100,3.4999999999999996,0.10050251256281584,0.7597978085982565
101,3.4999999999999996,0.30150753768844396,0.7601436970808675
102,3.4999999999999996,0.5025125628140721,0.760559617376983
103,3.4999999999999996,0.7035175879397002,0.7610168008408917
104,3.4999999999999996,0.9045226130653283,0.761472669158759
105,3.4999999999999996,1.1055276381909565,0.7618752489285078
106,3.4999999999999996,1.3065326633165846,0.7621728337291102
107,3.4999999999999996,1.5075376884422127,0.762327019180098
108,3.4999999999999996,1.7085427135678408,0.762329866872057
109,3.4999999999999996,1.909547738693469,0.7622260020945797
110,3.4999999999999996,2.110552763819097,0.7621424461746504
111,3.4999999999999996,2.311557788944725,0.7623233609095453
112,3.4999999999999996,2.5125628140703533,0.763170889461382
113,3.4999999999999996,2.7135678391959814,0.7652898847255712
114,3.4999999999999996,2.9145728643216096,0.7695386090945536
115,3.4999999999999996,3.1155778894472377,0.77709345767052
116,3.4999999999999996,3.316582914572866,0.7894931712600937
117,3.4999999999999996,3.517587939698494,0.8086654904793292
118,3.4999999999999996,3.718592964824122,0.8367413593842682
119,3.4999999999999996,3.91959798994975,0.8753210800017442
120,3.4999999999999996,4.120603015075378,0.923213776031419
121,3.4999999999999996,4.321608040201006,0.9713388192260982
122,3.4999999999999996,4.5226130653266345,0.9953741927276558
123,3.4999999999999996,4.723618090452263,0.9562165768861329
124,3.4999999999999996,4.924623115577891,0.8273823525158077
125,3.4999999999999996,5.125628140703519,0.6367444544654646
126,3.4999999999999996,5.326633165829147,0.4532062234710449
127,3.4999999999999996,5.527638190954775,0.3183255070189674
128,3.4999999999999996,5.728643216080403,0.22860814131730456
129,3.4999999999999996,5.929648241206031,0.1684337811593222
130,3.4999999999999996,6.1306532663316595,0.12672069791452759
131,3.4999999999999996,6.331658291457288,0.0969307430712151
132,3.4999999999999996,6.532663316582916,0.07512586982209876
133,3.4999999999999996,6.733668341708544,0.058836705663134876
134,3.4999999999999996,6.934673366834172,0.046452480008667196
135,3.4999999999999996,7.1356783919598,0.03689345383224592
136,3.4999999999999996,7.336683417085428,0.02941425016573875
137,3.4999999999999996,7.537688442211056,0.02349821313241069
138,3.4999999999999996,7.7386934673366845,0.018787123611675716
139,3.4999999999999996,7.939698492462313,0.015030331337381787
140,3.4999999999999996,8.14070351758794,0.012050619700985879
141,3.4999999999999996,8.341708542713569,0.009703167149289371
142,3.4999999999999996,8.542713567839197,0.007850699678504923
143,3.4999999999999996,8.743718592964825,0.0065285790171431286
144,3.4999999999999996,8.944723618090453,0.005718318398655249
145,3.4999999999999996,9.145728643216081,0.002983534415355028
146,3.4999999999999996,9.34673366834171,0.004843553588474329
147,3.4999999999999996,9.547738693467338,0.015015495945659154
148,3.4999999999999996,9.748743718592966,0.006923906223383156
149,3.4999999999999996,9.949748743718594,0.06153589513806845
150,3.4999999999999996,10.150753768844222,0.06463920148261454
151,3.4999999999999996,10.35175879396985,0.15320347897502598
152,3.4999999999999996,10.552763819095478,0.1635637986657011
153,3.4999999999999996,10.753768844221106,0.27467972087688786
154,3.4999999999999996,10.954773869346734,0.26226918281503153
155,3.4999999999999996,11.155778894472363,0.3615817149504443
156,3.4999999999999996,11.35678391959799,0.3660871157811523
157,3.4999999999999996,11.557788944723619,0.37227868333578584
158,3.4999999999999996,11.758793969849247,0.43751720428600066
159,3.4999999999999996,11.959798994974875,0.39754120417123257
160,3.4999999999999996,12.160804020100507,0.39262665761823046
161,3.4999999999999996,12.361809045226131,0.43171691054795197
162,3.4999999999999996,12.562814070351763,0.38445583814427425
163,3.4999999999999996,12.763819095477388,0.3495732266586068
164,3.4999999999999996,12.96482412060302,0.3761697392454898
165,3.4999999999999996,13.165829145728644,0.34738585172518033
166,3.4999999999999996,13.366834170854275,0.29383575799946043
167,3.4999999999999996,13.5678391959799,0.2938196913787531
168,3.4999999999999996,13.768844221105532,0.2859685416153161
169,3.4999999999999996,13.969849246231156,0.24828912467580863
170,3.4999999999999996,14.170854271356788,0.22799515989225894
171,3.4999999999999996,14.371859296482413,0.2086209993067239
172,3.4999999999999996,14.572864321608044,0.19750802947911145
173,3.4999999999999996,14.773869346733669,0.18382865066770487
174,3.4999999999999996,14.9748743718593,0.13467204040621134
175,3.4999999999999996,15.175879396984925,0.17505076574167466
176,3.4999999999999996,15.376884422110557,0.15906440012881845
177,3.4999999999999996,15.577889447236181,0.06030356039513197
178,3.4999999999999996,15.778894472361813,0.12796228264833687
179,3.4999999999999996,15.979899497487438,0.21199081859935404
180,3.4999999999999996,16.18090452261307,0.10207254674994948
181,3.4999999999999996,16.381909547738694,0.0036989873206269295
182,3.4999999999999996,16.582914572864325,0.12235953174719497
183,3.4999999999999996,16.78391959798995,0.2700239395805513
184,3.4999999999999996,16.98492462311558,0.2367696293002546
185,3.4999999999999996,17.185929648241206,0.09445803772833115
186,3.4999999999999996,17.386934673366838,0.013278015336794388
187,3.4999999999999996,17.587939698492463,0.09194290922277897
188,3.4999999999999996,17.788944723618094,0.2197546983450475
189,3.4999999999999996,17.98994974874372,0.2315352862328505
190,3.4999999999999996,18.19095477386935,0.16175335127857998
191,3.4999999999999996,18.391959798994975,0.08034191641153
192,3.4999999999999996,18.592964824120607,0.018489551724463437
193,3.4999999999999996,18.79396984924623,0.046916189247079826
194,3.4999999999999996,18.994974874371863,0.12148949867030084
195,3.4999999999999996,19.195979899497488,0.1424822792068012
196,3.4999999999999996,19.39698492462312,0.13673434556142908
197,3.4999999999999996,19.597989949748744,0.12097330880794616
198,3.4999999999999996,19.798994974874375,0.06750417013505507
199,3.4999999999999996,20.0,0.041700107014675206
