,t,height,fid
0,2.9999999999999996,-20.0,0.2166347943818394
1,2.9999999999999996,-19.798994974874372,0.27107078076675284
2,2.9999999999999996,-19.597989949748744,0.22484183974470914
3,2.9999999999999996,-19.396984924623116,0.09690494408715508
4,2.9999999999999996,-19.195979899497488,0.008480732296571645
5,2.9999999999999996,-18.99497487437186,0.03870379857017093
6,2.9999999999999996,-18.79396984924623,0.15268188475641606
7,2.9999999999999996,-18.592964824120603,0.23385126305450538
8,2.9999999999999996,-18.391959798994975,0.20287420092255276
9,2.9999999999999996,-18.190954773869347,0.0761110080501876
10,2.9999999999999996,-17.98994974874372,0.023754250003374222
11,2.9999999999999996,-17.78894472361809,0.11094609499722907
12,2.9999999999999996,-17.587939698492463,0.19544434429135324
13,2.9999999999999996,-17.386934673366834,0.14103205127147384
14,2.9999999999999996,-17.185929648241206,0.07910904771376813
15,2.9999999999999996,-16.984924623115578,0.1295240341363628
16,2.9999999999999996,-16.78391959798995,0.19972970509517177
17,2.9999999999999996,-16.582914572864322,0.17981552143674837
18,2.9999999999999996,-16.381909547738694,0.15737013504662858
19,2.9999999999999996,-16.180904522613066,0.17303569180550976
20,2.9999999999999996,-15.979899497487438,0.2212964513329184
21,2.9999999999999996,-15.77889447236181,0.26142116896083345
22,2.9999999999999996,-15.577889447236181,0.24818254002833715
23,2.9999999999999996,-15.376884422110553,0.2246134949568874
24,2.9999999999999996,-15.175879396984925,0.2566761009195794
25,2.9999999999999996,-14.974874371859297,0.31941104740486814
26,2.9999999999999996,-14.773869346733669,0.33755240717263607
27,2.9999999999999996,-14.57286432160804,0.3082876682756263
28,2.9999999999999996,-14.371859296482413,0.3056084830723935
29,2.9999999999999996,-14.170854271356784,0.3569723046429403
30,2.9999999999999996,-13.969849246231156,0.3954568464449877
31,2.9999999999999996,-13.768844221105528,0.37238965123945217
32,2.9999999999999996,-13.5678391959799,0.34533766945106814
33,2.9999999999999996,-13.366834170854272,0.3769788176404299
34,2.9999999999999996,-13.165829145728644,0.40833896697629074
35,2.9999999999999996,-12.964824120603016,0.36531526007034437
36,2.9999999999999996,-12.763819095477388,0.3244358522031084
37,2.9999999999999996,-12.56281407035176,0.35269965576324586
38,2.9999999999999996,-12.361809045226131,0.32985490606826984
39,2.9999999999999996,-12.160804020100503,0.24570537813215498
40,2.9999999999999996,-11.959798994974873,0.24747242990989052
41,2.9999999999999996,-11.758793969849245,0.21577302394364348
42,2.9999999999999996,-11.557788944723617,0.12545898730717261
43,2.9999999999999996,-11.356783919597989,0.1311835401195872
44,2.9999999999999996,-11.15577889447236,0.0664576861887719
45,2.9999999999999996,-10.954773869346733,0.04191218617993275
46,2.9999999999999996,-10.753768844221105,0.027895618782285424
47,2.9999999999999996,-10.552763819095476,0.0059317628794980145
48,2.9999999999999996,-10.351758793969848,0.008085537066200126
49,2.9999999999999996,-10.15075376884422,0.0015867394294848424
50,2.9999999999999996,-9.949748743718592,0.0038084839847260877
51,2.9999999999999996,-9.748743718592964,0.004253046263316525
52,2.9999999999999996,-9.547738693467336,0.0056742830058033175
53,2.9999999999999996,-9.346733668341708,0.007719836274372181
54,2.9999999999999996,-9.14572864321608,0.009882352551837541
55,2.9999999999999996,-8.944723618090451,0.012414931151152197
56,2.9999999999999996,-8.743718592964823,0.015238639750292235
57,2.9999999999999996,-8.542713567839195,0.01841604409900343
58,2.9999999999999996,-8.341708542713567,0.02204010341105471
59,2.9999999999999996,-8.140703517587939,0.026246623141869024
60,2.9999999999999996,-7.939698492462311,0.031207915263316354
61,2.9999999999999996,-7.738693467336683,0.037147234719363945
62,2.9999999999999996,-7.537688442211055,0.044342768298201045
63,2.9999999999999996,-7.3366834170854265,0.05315014220905845
64,2.9999999999999996,-7.135678391959798,0.06403150804611468
65,2.9999999999999996,-6.93467336683417,0.07760255888310026
66,2.9999999999999996,-6.733668341708542,0.09469564947295621
67,2.9999999999999996,-6.532663316582914,0.11646147948748112
68,2.9999999999999996,-6.331658291457286,0.1445213796807201
69,2.9999999999999996,-6.130653266331658,0.18120615164137663
70,2.9999999999999996,-5.92964824120603,0.2299047224840157
71,2.9999999999999996,-5.7286432160804015,0.2954752256453017
72,2.9999999999999996,-5.527638190954773,0.38414861337635686
73,2.9999999999999996,-5.326633165829145,0.5006673225503941
74,2.9999999999999996,-5.125628140703517,0.639895674315542
75,2.9999999999999996,-4.924623115577889,0.7791271356078998
76,2.9999999999999996,-4.723618090452261,0.8866636573164328
77,2.9999999999999996,-4.522613065326633,0.9435937650672617
78,2.9999999999999996,-4.321608040201005,0.9537946221776948
79,2.9999999999999996,-4.1206030150753765,0.9344937113625936
80,2.9999999999999996,-3.9195979899497466,0.9028532419731707
81,2.9999999999999996,-3.7185929648241185,0.8699209837003381
82,2.9999999999999996,-3.5175879396984904,0.8409040921883278
83,2.9999999999999996,-3.3165829145728623,0.8174213656283713
84,2.9999999999999996,-3.115577889447234,0.7993660666494842
85,2.9999999999999996,-2.914572864321606,0.785977642740503
86,2.9999999999999996,-2.713567839195978,0.7763448951152617
87,2.9999999999999996,-2.5125628140703498,0.7696140460635956
88,2.9999999999999996,-2.3115577889447216,0.7650629914048558
89,2.9999999999999996,-2.1105527638190935,0.7621066952478185
90,2.9999999999999996,-1.9095477386934654,0.7602858418538474
91,2.9999999999999996,-1.7085427135678373,0.759250744933057
92,2.9999999999999996,-1.5075376884422091,0.7587390944921857
93,2.9999999999999996,-1.306532663316581,0.7585621102900373
94,2.9999999999999996,-1.105527638190953,0.7585859203916298
95,2.9999999999999996,-0.9045226130653248,0.7587218105323699
96,2.9999999999999996,-0.7035175879396967,0.7589124422693062
97,2.9999999999999996,-0.5025125628140685,0.7591244754625359
98,2.9999999999999996,-0.3015075376884404,0.75933946269305
99,2.9999999999999996,-0.10050251256281229,0.7595503525982701
100,2.9999999999999996,0.10050251256281584,0.7597586576113599
101,2.9999999999999996,0.30150753768844396,0.7599707356890724
102,2.9999999999999996,0.5025125628140721,0.7601999623531586
103,2.9999999999999996,0.7035175879397002,0.7604676072540053
104,2.9999999999999996,0.9045226130653283,0.7608048107103434
105,2.9999999999999996,1.1055276381909565,0.7612614978558715
106,2.9999999999999996,1.3065326633165846,0.7619102347102578
107,2.9999999999999996,1.5075376884422127,0.7628568753148481
108,2.9999999999999996,1.7085427135678408,0.7642520662440565
109,2.9999999999999996,1.909547738693469,0.7663039071683194
110,2.9999999999999996,2.110552763819097,0.7692910368739998
111,2.9999999999999996,2.311557788944725,0.7735847416073994
112,2.9999999999999996,2.5125628140703533,0.7796662529600832
113,2.9999999999999996,2.7135678391959814,0.7881448687428368
114,2.9999999999999996,2.9145728643216096,0.7997815152470937
115,2.9999999999999996,3.1155778894472377,0.8154735380226782
116,2.9999999999999996,3.316582914572866,0.836207660887492
117,2.9999999999999996,3.517587939698494,0.862852062299544
118,2.9999999999999996,3.718592964824122,0.8956502150849672
119,2.9999999999999996,3.91959798994975,0.9330949231565033
120,2.9999999999999996,4.120603015075378,0.9698505500089177
121,2.9999999999999996,4.321608040201006,0.9941286830061214
122,2.9999999999999996,4.5226130653266345,0.9869475209895138
123,2.9999999999999996,4.723618090452263,0.9285585825920584
124,2.9999999999999996,4.924623115577891,0.8137372952910777
125,2.9999999999999996,5.125628140703519,0.6634041644719073
126,2.9999999999999996,5.326633165829147,0.5135567052223401
127,2.9999999999999996,5.527638190954775,0.38972511758164463
128,2.9999999999999996,5.728643216080403,0.2969510319444708
129,2.9999999999999996,5.929648241206031,0.22926034754888328
130,2.9999999999999996,6.1306532663316595,0.17948073986569546
131,2.9999999999999996,6.331658291457288,0.14225178009245368
132,2.9999999999999996,6.532663316582916,0.11393731434332166
133,2.9999999999999996,6.733668341708544,0.0920788829693612
134,2.9999999999999996,6.934673366834172,0.07498421274090393
135,2.9999999999999996,7.1356783919598,0.061467437878418726
136,2.9999999999999996,7.336683417085428,0.05067707366800383
137,2.9999999999999996,7.537688442211056,0.04199081640174009
138,2.9999999999999996,7.7386934673366845,0.034943444674924294
139,2.9999999999999996,7.939698492462313,0.0291838733118451
140,2.9999999999999996,8.14070351758794,0.024441894676730254
141,2.9999999999999996,8.341708542713569,0.020506069504814445
142,2.9999999999999996,8.542713567839197,0.017209396173204272
143,2.9999999999999996,8.743718592964825,0.01442317151119041
144,2.9999999999999996,8.944723618090453,0.01204558675798418
145,2.9999999999999996,9.145728643216081,0.009997245420769406
146,2.9999999999999996,9.34673366834171,0.008313901668797433
147,2.9999999999999996,9.547738693467338,0.00660191617504327
148,2.9999999999999996,9.748743718592966,0.005715243215245467
149,2.9999999999999996,9.949748743718594,0.005008409141073207
150,2.9999999999999996,10.150753768844222,0.0029138757789533266
151,2.9999999999999996,10.35175879396985,0.010306213302994508
152,2.9999999999999996,10.552763819095478,0.006291294920750438
153,2.9999999999999996,10.753768844221106,0.03271321577519322
154,2.9999999999999996,10.954773869346734,0.04410612319193104
155,2.9999999999999996,11.155778894472363,0.07410803023420376
156,2.9999999999999996,11.35678391959799,0.1392139275378743
157,2.9999999999999996,11.557788944723619,0.13280642474088214
158,2.9999999999999996,11.758793969849247,0.23060036738204093
159,2.9999999999999996,11.959798994974875,0.25452443020490073
160,2.9999999999999996,12.160804020100507,0.2578614018300973
161,2.9999999999999996,12.361809045226131,0.34456213845434863
162,2.9999999999999996,12.562814070351763,0.35797787688198185
163,2.9999999999999996,12.763819095477388,0.3342877614340319
164,2.9999999999999996,12.96482412060302,0.37976528018965583
165,2.9999999999999996,13.165829145728644,0.41256949180571545
166,2.9999999999999996,13.366834170854275,0.37915617406440344
167,2.9999999999999996,13.5678391959799,0.3574196448621365
168,2.9999999999999996,13.768844221105532,0.38206212331653755
169,2.9999999999999996,13.969849246231156,0.39271448284778815
170,2.9999999999999996,14.170854271356788,0.35633528069984993
171,2.9999999999999996,14.371859296482413,0.317545484896603
172,2.9999999999999996,14.572864321608044,0.31747006780126236
173,2.9999999999999996,14.773869346733669,0.3310033509467828
174,2.9999999999999996,14.9748743718593,0.3120465072770366
175,2.9999999999999996,15.175879396984925,0.2659096658129454
176,2.9999999999999996,15.376884422110557,0.23845964696860716
177,2.9999999999999996,15.577889447236181,0.24474251686357382
178,2.9999999999999996,15.778894472361813,0.24677026618696907
179,2.9999999999999996,15.979899497487438,0.22001476893076133
180,2.9999999999999996,16.18090452261307,0.1889474762399321
181,2.9999999999999996,16.381909547738694,0.16376139454618732
182,2.9999999999999996,16.582914572864325,0.1687695937336469
183,2.9999999999999996,16.78391959798995,0.1929838864320714
184,2.9999999999999996,16.98492462311558,0.13560418753338993
185,2.9999999999999996,17.185929648241206,0.08117391907344654
186,2.9999999999999996,17.386934673366838,0.14500993410938562
187,2.9999999999999996,17.587939698492463,0.20228742845431863
188,2.9999999999999996,17.788944723618094,0.11544487124698324
189,2.9999999999999996,17.98994974874372,0.020274974945383016
190,2.9999999999999996,18.19095477386935,0.07266450728665076
191,2.9999999999999996,18.391959798994975,0.2099330767083431
192,2.9999999999999996,18.592964824120607,0.2530960510859128
193,2.9999999999999996,18.79396984924623,0.1641674943585043
194,2.9999999999999996,18.994974874371863,0.041198698824054206
195,2.9999999999999996,19.195979899497488,0.010749304290807811
196,2.9999999999999996,19.39698492462312,0.10081077880363286
197,2.9999999999999996,19.597989949748744,0.2270804881897903
198,2.9999999999999996,19.798994974874375,0.2788077491285803
199,2.9999999999999996,20.0,0.23145178390220297
