,t,height,fid
0,3.0999999999999996,-20.0,0.1682892891251818
1,3.0999999999999996,-19.798994974874372,0.24576751308294792
2,3.0999999999999996,-19.597989949748744,0.227399646495394
3,3.0999999999999996,-19.396984924623116,0.1472176175511619
4,3.0999999999999996,-19.195979899497488,0.05933592830246015
5,3.0999999999999996,-18.99497487437186,0.012663518433847491
6,3.0999999999999996,-18.79396984924623,0.07108952465901842
7,3.0999999999999996,-18.592964824120603,0.21388637845123365
8,3.0999999999999996,-18.391959798994975,0.27975024548050975
9,3.0999999999999996,-18.190954773869347,0.18546868557862564
10,3.0999999999999996,-17.98994974874372,0.04236045557711195
11,3.0999999999999996,-17.78894472361809,0.012089805141028477
12,3.0999999999999996,-17.587939698492463,0.11522420779640136
13,3.0999999999999996,-17.386934673366834,0.20637639871909505
14,3.0999999999999996,-17.185929648241206,0.14075718144683363
15,3.0999999999999996,-16.984924623115578,0.07254317070403375
16,3.0999999999999996,-16.78391959798995,0.1323602106864511
17,3.0999999999999996,-16.582914572864322,0.16732181433543009
18,3.0999999999999996,-16.381909547738694,0.13345360302506434
19,3.0999999999999996,-16.180904522613066,0.16252383513852334
20,3.0999999999999996,-15.979899497487438,0.22468278544558737
21,3.0999999999999996,-15.77889447236181,0.20638858132789725
22,3.0999999999999996,-15.577889447236181,0.18086329909185866
23,3.0999999999999996,-15.376884422110553,0.21392162740476858
24,3.0999999999999996,-15.175879396984925,0.2723463068551494
25,3.0999999999999996,-14.974874371859297,0.28654075671917845
26,3.0999999999999996,-14.773869346733669,0.2685575178197058
27,3.0999999999999996,-14.57286432160804,0.28243657562169905
28,3.0999999999999996,-14.371859296482413,0.3224645466321037
29,3.0999999999999996,-14.170854271356784,0.340955616992429
30,3.0999999999999996,-13.969849246231156,0.34482212141361274
31,3.0999999999999996,-13.768844221105528,0.36044104363632107
32,3.0999999999999996,-13.5678391959799,0.3703648674281057
33,3.0999999999999996,-13.366834170854272,0.371053259422768
34,3.0999999999999996,-13.165829145728644,0.3895750242306745
35,3.0999999999999996,-12.964824120603016,0.39543969546579794
36,3.0999999999999996,-12.763819095477388,0.36176213837189114
37,3.0999999999999996,-12.56281407035176,0.3599252935350169
38,3.0999999999999996,-12.361809045226131,0.373560579104278
39,3.0999999999999996,-12.160804020100503,0.30889854880605333
40,3.0999999999999996,-11.959798994974873,0.27784094598506975
41,3.0999999999999996,-11.758793969849245,0.28308125974947507
42,3.0999999999999996,-11.557788944723617,0.18586878950352842
43,3.0999999999999996,-11.356783919597989,0.16977692053407636
44,3.0999999999999996,-11.15577889447236,0.13103785710729077
45,3.0999999999999996,-10.954773869346733,0.06017168008512804
46,3.0999999999999996,-10.753768844221105,0.06738372055968192
47,3.0999999999999996,-10.552763819095476,0.009093418752935383
48,3.0999999999999996,-10.351758793969848,0.024711874456123512
49,3.0999999999999996,-10.15075376884422,0.0008353517801073277
50,3.0999999999999996,-9.949748743718592,0.010043919887637639
51,3.0999999999999996,-9.748743718592964,0.007174699452809632
52,3.0999999999999996,-9.547738693467336,0.008894666869107577
53,3.0999999999999996,-9.346733668341708,0.010721126222132435
54,3.0999999999999996,-9.14572864321608,0.011805827700331282
55,3.0999999999999996,-8.944723618090451,0.013169809698588792
56,3.0999999999999996,-8.743718592964823,0.014603223772890668
57,3.0999999999999996,-8.542713567839195,0.016312955192012077
58,3.0999999999999996,-8.341708542713567,0.01847783241963731
59,3.0999999999999996,-8.140703517587939,0.021270822006158648
60,3.0999999999999996,-7.939698492462311,0.024876117421563888
61,3.0999999999999996,-7.738693467336683,0.029498618684006935
62,3.0999999999999996,-7.537688442211055,0.03538736531737724
63,3.0999999999999996,-7.3366834170854265,0.04286052308731722
64,3.0999999999999996,-7.135678391959798,0.05234487356299564
65,3.0999999999999996,-6.93467336683417,0.0644185190536719
66,3.0999999999999996,-6.733668341708542,0.07988306686504733
67,3.0999999999999996,-6.532663316582914,0.09987175648428111
68,3.0999999999999996,-6.331658291457286,0.12600555972427532
69,3.0999999999999996,-6.130653266331658,0.1606652870481138
70,3.0999999999999996,-5.92964824120603,0.20739374863657872
71,3.0999999999999996,-5.7286432160804015,0.271470168959659
72,3.0999999999999996,-5.527638190954773,0.36014824937898393
73,3.0999999999999996,-5.326633165829145,0.48008447148063155
74,3.0999999999999996,-5.125628140703517,0.6276022578465105
75,3.0999999999999996,-4.924623115577889,0.7778512349831789
76,3.0999999999999996,-4.723618090452261,0.8939012205695243
77,3.0999999999999996,-4.522613065326633,0.9538106060245349
78,3.0999999999999996,-4.321608040201005,0.962822364991565
79,3.0999999999999996,-4.1206030150753765,0.9410499609485775
80,3.0999999999999996,-3.9195979899497466,0.9074089252551295
81,3.0999999999999996,-3.7185929648241185,0.8733422325904698
82,3.0999999999999996,-3.5175879396984904,0.8438237701826069
83,3.0999999999999996,-3.3165829145728623,0.8201598775263119
84,3.0999999999999996,-3.115577889447234,0.8020237553779044
85,3.0999999999999996,-2.914572864321606,0.7885416608755654
86,3.0999999999999996,-2.713567839195978,0.7787658457533868
87,3.0999999999999996,-2.5125628140703498,0.7718394388527064
88,3.0999999999999996,-2.3115577889447216,0.7670553478737608
89,3.0999999999999996,-2.1105527638190935,0.7638437381576504
90,3.0999999999999996,-1.9095477386934654,0.7617651013993005
91,3.0999999999999996,-1.7085427135678373,0.7604793706811488
92,3.0999999999999996,-1.5075376884422091,0.7597344064700354
93,3.0999999999999996,-1.306532663316581,0.7593470035593507
94,3.0999999999999996,-1.105527638190953,0.7591879036985827
95,3.0999999999999996,-0.9045226130653248,0.7591678212615043
96,3.0999999999999996,-0.7035175879396967,0.759229385231307
97,3.0999999999999996,-0.5025125628140685,0.7593347922522745
98,3.0999999999999996,-0.3015075376884404,0.759460102626312
99,3.0999999999999996,-0.10050251256281229,0.7595907987947516
100,3.0999999999999996,0.10050251256281584,0.7597163132833848
101,3.0999999999999996,0.30150753768844396,0.7598306318637686
102,3.0999999999999996,0.5025125628140721,0.7599308482838181
103,3.0999999999999996,0.7035175879397002,0.7600196483291936
104,3.0999999999999996,0.9045226130653283,0.7601106632973064
105,3.0999999999999996,1.1055276381909565,0.7602325873711652
106,3.0999999999999996,1.3065326633165846,0.7604369721120687
107,3.0999999999999996,1.5075376884422127,0.7608109076887009
108,3.0999999999999996,1.7085427135678408,0.761488607790319
109,3.0999999999999996,1.909547738693469,0.7626656221498308
110,3.0999999999999996,2.110552763819097,0.7646177824535657
111,3.0999999999999996,2.311557788944725,0.7677232997897778
112,3.0999999999999996,2.5125628140703533,0.7724773372769137
113,3.0999999999999996,2.7135678391959814,0.7795278033602746
114,3.0999999999999996,2.9145728643216096,0.7896892296250517
115,3.0999999999999996,3.1155778894472377,0.8039619306811457
116,3.0999999999999996,3.316582914572866,0.8234879844436407
117,3.0999999999999996,3.517587939698494,0.8494037804180736
118,3.0999999999999996,3.718592964824122,0.8823737567433458
119,3.0999999999999996,3.91959798994975,0.9214801052219195
120,3.0999999999999996,4.120603015075378,0.9619902460583066
121,3.0999999999999996,4.321608040201006,0.9920710686713776
122,3.0999999999999996,4.5226130653266345,0.9909734037658671
123,3.0999999999999996,4.723618090452263,0.9351960383168361
124,3.0999999999999996,4.924623115577891,0.8165821542310737
125,3.0999999999999996,5.125628140703519,0.6580409095121318
126,3.0999999999999996,5.326633165829147,0.5011125362391908
127,3.0999999999999996,5.527638190954775,0.37423851156090365
128,3.0999999999999996,5.728643216080403,0.2814025687924001
129,3.0999999999999996,5.929648241206031,0.2148711234195859
130,3.0999999999999996,6.1306532663316595,0.16657001156192752
131,3.0999999999999996,6.331658291457288,0.13080677995048762
132,3.0999999999999996,6.532663316582916,0.10384077891579305
133,3.0999999999999996,6.733668341708544,0.08318442204054231
134,3.0999999999999996,6.934673366834172,0.06715257156092053
135,3.0999999999999996,7.1356783919598,0.054575410982507566
136,3.0999999999999996,7.336683417085428,0.04461915361921618
137,3.0999999999999996,7.537688442211056,0.03668362970444
138,3.0999999999999996,7.7386934673366845,0.030325049540550805
139,3.0999999999999996,7.939698492462313,0.025212131546425355
140,3.0999999999999996,8.14070351758794,0.021090890126713294
141,3.0999999999999996,8.341708542713569,0.017763726240989285
142,3.0999999999999996,8.542713567839197,0.01507069164818678
143,3.0999999999999996,8.743718592964825,0.01287920893572825
144,3.0999999999999996,8.944723618090453,0.011067651546835382
145,3.0999999999999996,9.145728643216081,0.009501966235346207
146,3.0999999999999996,9.34673366834171,0.008405745588532857
147,3.0999999999999996,9.547738693467338,0.006705732265852272
148,3.0999999999999996,9.748743718592966,0.005830723317020217
149,3.0999999999999996,9.949748743718594,0.0081184383531576
150,3.0999999999999996,10.150753768844222,0.0012674623801722455
151,3.0999999999999996,10.35175879396985,0.024293496489206097
152,3.0999999999999996,10.552763819095478,0.012004288545750518
153,3.0999999999999996,10.753768844221106,0.06972678892092489
154,3.0999999999999996,10.954773869346734,0.06900100343981684
155,3.0999999999999996,11.155778894472363,0.13460472464384252
156,3.0999999999999996,11.35678391959799,0.1849191586822851
157,3.0999999999999996,11.557788944723619,0.1923011132476261
158,3.0999999999999996,11.758793969849247,0.29454225824198327
159,3.0999999999999996,11.959798994974875,0.2938609981510053
160,3.0999999999999996,12.160804020100507,0.31336935371239844
161,3.0999999999999996,12.361809045226131,0.3854109993401832
162,3.0999999999999996,12.562814070351763,0.3750391950952679
163,3.0999999999999996,12.763819095477388,0.36389611438037656
164,3.0999999999999996,12.96482412060302,0.40122728000444574
165,3.0999999999999996,13.165829145728644,0.4049274847811626
166,3.0999999999999996,13.366834170854275,0.37543529604967074
167,3.0999999999999996,13.5678391959799,0.3665973689979804
168,3.0999999999999996,13.768844221105532,0.36962311552424054
169,3.0999999999999996,13.969849246231156,0.35857089296447325
170,3.0999999999999996,14.170854271356788,0.3379806564996997
171,3.0999999999999996,14.371859296482413,0.3145665822268906
172,3.0999999999999996,14.572864321608044,0.2922654535003014
173,3.0999999999999996,14.773869346733669,0.28303555201307623
174,3.0999999999999996,14.9748743718593,0.2809288692428187
175,3.0999999999999996,15.175879396984925,0.2588962517838914
176,3.0999999999999996,15.376884422110557,0.21974185320744558
177,3.0999999999999996,15.577889447236181,0.19622080306074333
178,3.0999999999999996,15.778894472361813,0.20468235163680665
179,3.0999999999999996,15.979899497487438,0.2125465283849486
180,3.0999999999999996,16.18090452261307,0.1593330347769671
181,3.0999999999999996,16.381909547738694,0.1403339981484739
182,3.0999999999999996,16.582914572864325,0.17675593737121556
183,3.0999999999999996,16.78391959798995,0.13181164705868903
184,3.0999999999999996,16.98492462311558,0.06641754303879009
185,3.0999999999999996,17.185929648241206,0.1407891546775795
186,3.0999999999999996,17.386934673366838,0.21504342328453405
187,3.0999999999999996,17.587939698492463,0.12528546429604115
188,3.0999999999999996,17.788944723618094,0.01259286124577275
189,3.0999999999999996,17.98994974874372,0.043878452192547365
190,3.0999999999999996,18.19095477386935,0.19276191413076008
191,3.0999999999999996,18.391959798994975,0.2883450770132501
192,3.0999999999999996,18.592964824120607,0.2228301291602614
193,3.0999999999999996,18.79396984924623,0.07969438856348827
194,3.0999999999999996,18.994974874371863,0.01443350763613634
195,3.0999999999999996,19.195979899497488,0.06193945644624738
196,3.0999999999999996,19.39698492462312,0.15896381197729045
197,3.0999999999999996,19.597989949748744,0.2379830913759032
198,3.0999999999999996,19.798994974874375,0.24629443150256586
199,3.0999999999999996,20.0,0.16980752018531803
