,t,height,fid
0,3.5499999999999994,-20.0,0.05812855892998893
1,3.5499999999999994,-19.798994974874372,0.0650763602356137
2,3.5499999999999994,-19.597989949748744,0.10646767817557377
3,3.5499999999999994,-19.396984924623116,0.12031312539826958
4,3.5499999999999994,-19.195979899497488,0.14659188974740714
5,3.5499999999999994,-18.99497487437186,0.14045920282797333
6,3.5499999999999994,-18.79396984924623,0.04916254111424712
7,3.5499999999999994,-18.592964824120603,0.018562944477191992
8,3.5499999999999994,-18.391959798994975,0.05786275613028332
9,3.5499999999999994,-18.190954773869347,0.10895993534989407
10,3.5499999999999994,-17.98994974874372,0.2141752394298761
11,3.5499999999999994,-17.78894472361809,0.23076384496275706
12,3.5499999999999994,-17.587939698492463,0.0980074307275535
13,3.5499999999999994,-17.386934673366834,0.01932724221594209
14,3.5499999999999994,-17.185929648241206,0.05902652174475348
15,3.5499999999999994,-16.984924623115578,0.19174221554335666
16,3.5499999999999994,-16.78391959798995,0.29125815425750895
17,3.5499999999999994,-16.582914572864322,0.16937406755689025
18,3.5499999999999994,-16.381909547738694,0.011556694550539691
19,3.5499999999999994,-16.180904522613066,0.04997802663581392
20,3.5499999999999994,-15.979899497487438,0.18676718181171445
21,3.5499999999999994,-15.77889447236181,0.17543372464143492
22,3.5499999999999994,-15.577889447236181,0.06044675630735074
23,3.5499999999999994,-15.376884422110553,0.11412048942151638
24,3.5499999999999994,-15.175879396984925,0.17532244105263572
25,3.5499999999999994,-14.974874371859297,0.13081867279287057
26,3.5499999999999994,-14.773869346733669,0.16032076668348455
27,3.5499999999999994,-14.57286432160804,0.1984063350439284
28,3.5499999999999994,-14.371859296482413,0.1898193231417974
29,3.5499999999999994,-14.170854271356784,0.20352502541205397
30,3.5499999999999994,-13.969849246231156,0.23754870887993118
31,3.5499999999999994,-13.768844221105528,0.2864338077328688
32,3.5499999999999994,-13.5678391959799,0.2668065467146572
33,3.5499999999999994,-13.366834170854272,0.26809639880596847
34,3.5499999999999994,-13.165829145728644,0.3568136315914411
35,3.5499999999999994,-12.964824120603016,0.35602978885557607
36,3.5499999999999994,-12.763819095477388,0.3202852676430191
37,3.5499999999999994,-12.56281407035176,0.3952761106425256
38,3.5499999999999994,-12.361809045226131,0.4149961342026123
39,3.5499999999999994,-12.160804020100503,0.37386878423834313
40,3.5499999999999994,-11.959798994974873,0.4107521133017317
41,3.5499999999999994,-11.758793969849245,0.42265805614842983
42,3.5499999999999994,-11.557788944723617,0.37629947030853556
43,3.5499999999999994,-11.356783919597989,0.3772081361575526
44,3.5499999999999994,-11.15577889447236,0.3604980424180805
45,3.5499999999999994,-10.954773869346733,0.2852400219969623
46,3.5499999999999994,-10.753768844221105,0.2800189224323278
47,3.5499999999999994,-10.552763819095476,0.18848343639566262
48,3.5499999999999994,-10.351758793969848,0.161608852274206
49,3.5499999999999994,-10.15075376884422,0.08462758175794902
50,3.5499999999999994,-9.949748743718592,0.06693075101925539
51,3.5499999999999994,-9.748743718592964,0.013181056067042795
52,3.5499999999999994,-9.547738693467336,0.018603210748832352
53,3.5499999999999994,-9.346733668341708,0.003080226523966237
54,3.5499999999999994,-9.14572864321608,0.0024913381200209455
55,3.5499999999999994,-8.944723618090451,0.005258120765485501
56,3.5499999999999994,-8.743718592964823,0.005796454648225064
57,3.5499999999999994,-8.542713567839195,0.007339592326821486
58,3.5499999999999994,-8.341708542713567,0.00958498713125122
59,3.5499999999999994,-8.140703517587939,0.01246068804078225
60,3.5499999999999994,-7.939698492462311,0.01605717210563614
61,3.5499999999999994,-7.738693467336683,0.020400003419752014
62,3.5499999999999994,-7.537688442211055,0.025527262762569666
63,3.5499999999999994,-7.3366834170854265,0.03158363168559902
64,3.5499999999999994,-7.135678391959798,0.03887778933267129
65,3.5499999999999994,-6.93467336683417,0.047926403658483
66,3.5499999999999994,-6.733668341708542,0.05949667979094555
67,3.5499999999999994,-6.532663316582914,0.0746865581648234
68,3.5499999999999994,-6.331658291457286,0.09509083388491545
69,3.5499999999999994,-6.130653266331658,0.12310159862826978
70,3.5499999999999994,-5.92964824120603,0.16248125721342258
71,3.5499999999999994,-5.7286432160804015,0.21938261755703656
72,3.5499999999999994,-5.527638190954773,0.30403767916238716
73,3.5499999999999994,-5.326633165829145,0.4306740704379705
74,3.5499999999999994,-5.125628140703517,0.602769965257596
75,3.5499999999999994,-4.924623115577889,0.782871679707747
76,3.5499999999999994,-4.723618090452261,0.9071030059639696
77,3.5499999999999994,-4.522613065326633,0.9482407761151037
78,3.5499999999999994,-4.321608040201005,0.9299007480383311
79,3.5499999999999994,-4.1206030150753765,0.8883205393391145
80,3.5499999999999994,-3.9195979899497466,0.8464027584463992
81,3.5499999999999994,-3.7185929648241185,0.812871567507451
82,3.5499999999999994,-3.5175879396984904,0.7889857652840754
83,3.5499999999999994,-3.3165829145728623,0.7733180822632243
84,3.5499999999999994,-3.115577889447234,0.7638707742813633
85,3.5499999999999994,-2.914572864321606,0.7588216203766635
86,3.5499999999999994,-2.713567839195978,0.7566902426453863
87,3.5499999999999994,-2.5125628140703498,0.7563426265446895
88,3.5499999999999994,-2.3115577889447216,0.75695038483607
89,3.5499999999999994,-2.1105527638190935,0.7579414367677539
90,3.5499999999999994,-1.9095477386934654,0.7589483912050035
91,3.5499999999999994,-1.7085427135678373,0.7597663782032643
92,3.5499999999999994,-1.5075376884422091,0.7603074360528337
93,3.5499999999999994,-1.306532663316581,0.7605657514915231
94,3.5499999999999994,-1.105527638190953,0.7605855099672237
95,3.5499999999999994,-0.9045226130653248,0.7604381653733954
96,3.5499999999999994,-0.7035175879396967,0.7602034455388464
97,3.5499999999999994,-0.5025125628140685,0.7599567006052655
98,3.5499999999999994,-0.3015075376884404,0.7597604462939087
99,3.5499999999999994,-0.10050251256281229,0.7596600949655892
100,3.5499999999999994,0.10050251256281584,0.7596810163560525
101,3.5499999999999994,0.30150753768844396,0.7598272283733037
102,3.5499999999999994,0.5025125628140721,0.7600825217279699
103,3.5499999999999994,0.7035175879397002,0.7604117019385657
104,3.5499999999999994,0.9045226130653283,0.7607639684128719
105,3.5499999999999994,1.1055276381909565,0.7610787982642444
106,3.5499999999999994,1.3065326633165846,0.7612939315933583
107,3.5499999999999994,1.5075376884422127,0.761359205939181
108,3.5499999999999994,1.7085427135678408,0.7612525716765633
109,3.5499999999999994,1.909547738693469,0.7610050266475561
110,3.5499999999999994,2.110552763819097,0.7607254046762842
111,3.5499999999999994,2.311557788944725,0.7606407775320272
112,3.5499999999999994,2.5125628140703533,0.7611372341289058
113,3.5499999999999994,2.7135678391959814,0.7628046338812373
114,3.5499999999999994,2.9145728643216096,0.7664948422599434
115,3.5499999999999994,3.1155778894472377,0.773379677979817
116,3.5499999999999994,3.316582914572866,0.7850183284893483
117,3.5499999999999994,3.517587939698494,0.803392507253314
118,3.5499999999999994,3.718592964824122,0.8307612148700912
119,3.5499999999999994,3.91959798994975,0.8689943008563371
120,3.5499999999999994,4.120603015075378,0.9173824180014583
121,3.5499999999999994,4.321608040201006,0.9674158498298131
122,3.5499999999999994,4.5226130653266345,0.9947357486913839
123,3.5499999999999994,4.723618090452263,0.9583538912246198
124,3.5499999999999994,4.924623115577891,0.8287392847748432
125,3.5499999999999994,5.125628140703519,0.6339367384800023
126,3.5499999999999994,5.326633165829147,0.44701166564374023
127,3.5499999999999994,5.527638190954775,0.31139235660865494
128,3.5499999999999994,5.728643216080403,0.2222638381949242
129,3.5499999999999994,5.929648241206031,0.16296550024624812
130,3.5499999999999994,6.1306532663316595,0.12211767348732785
131,3.5499999999999994,6.331658291457288,0.09311626416056376
132,3.5499999999999994,6.532663316582916,0.07201653101572796
133,3.5499999999999994,6.733668341708544,0.05635935456846705
134,3.5499999999999994,6.934673366834172,0.044543856253066456
135,3.5499999999999994,7.1356783919598,0.035489381078447256
136,3.5499999999999994,7.336683417085428,0.02844424103906253
137,3.5499999999999994,7.537688442211056,0.022880196082799644
138,3.5499999999999994,7.7386934673366845,0.018427402975160392
139,3.5499999999999994,7.939698492462313,0.014832157894111709
140,3.5499999999999994,8.14070351758794,0.011926055647549562
141,3.5499999999999994,8.341708542713569,0.009582126087475142
142,3.5499999999999994,8.542713567839197,0.007682521882061977
143,3.5499999999999994,8.743718592964825,0.006367433298424453
144,3.5499999999999994,8.944723618090453,0.005808951742282045
145,3.5499999999999994,9.145728643216081,0.002573304742897281
146,3.5499999999999994,9.34673366834171,0.00440909024371316
147,3.5499999999999994,9.547738693467338,0.020674780200396103
148,3.5499999999999994,9.748743718592966,0.013245607578289973
149,3.5499999999999994,9.949748743718594,0.07495902689710138
150,3.5499999999999994,10.150753768844222,0.08794690729935223
151,3.5499999999999994,10.35175879396985,0.17421571521213944
152,3.5499999999999994,10.552763819095478,0.19477409284337652
153,3.5499999999999994,10.753768844221106,0.29643685448290685
154,3.5499999999999994,10.954773869346734,0.28962376445498683
155,3.5499999999999994,11.155778894472363,0.379156440397662
156,3.5499999999999994,11.35678391959799,0.38013379238123496
157,3.5499999999999994,11.557788944723619,0.3880463269565224
158,3.5499999999999994,11.758793969849247,0.43532552262625557
159,3.5499999999999994,11.959798994974875,0.40601381553276966
160,3.5499999999999994,12.160804020100507,0.391311938299414
161,3.5499999999999994,12.361809045226131,0.41840080083732634
162,3.5499999999999994,12.562814070351763,0.386794559294639
163,3.5499999999999994,12.763819095477388,0.33934026460772365
164,3.5499999999999994,12.96482412060302,0.35591063608637297
165,3.5499999999999994,13.165829145728644,0.3442799102577412
166,3.5499999999999994,13.366834170854275,0.28371132590584763
167,3.5499999999999994,13.5678391959799,0.2710321998343618
168,3.5499999999999994,13.768844221105532,0.27492672165304316
169,3.5499999999999994,13.969849246231156,0.24209847168608026
170,3.5499999999999994,14.170854271356788,0.2112261623480504
171,3.5499999999999994,14.371859296482413,0.18822544323736898
172,3.5499999999999994,14.572864321608044,0.19740149275203467
173,3.5499999999999994,14.773869346733669,0.1598154078399759
174,3.5499999999999994,14.9748743718593,0.1308348777124492
175,3.5499999999999994,15.175879396984925,0.1847269907810286
176,3.5499999999999994,15.376884422110557,0.11490582543960463
177,3.5499999999999994,15.577889447236181,0.05377242486903166
178,3.5499999999999994,15.778894472361813,0.17795319564970702
179,3.5499999999999994,15.979899497487438,0.20270032889108835
180,3.5499999999999994,16.18090452261307,0.054549108035262514
181,3.5499999999999994,16.381909547738694,0.01197179460797601
182,3.5499999999999994,16.582914572864325,0.17158939039576973
183,3.5499999999999994,16.78391959798995,0.2963879724824559
184,3.5499999999999994,16.98492462311558,0.2087530145291251
185,3.5499999999999994,17.185929648241206,0.06401520267527046
186,3.5499999999999994,17.386934673366838,0.021454641406508997
187,3.5499999999999994,17.587939698492463,0.10670469685717632
188,3.5499999999999994,17.788944723618094,0.22577632426149633
189,3.5499999999999994,17.98994974874372,0.21951869753562214
190,3.5499999999999994,18.19095477386935,0.12516132788189366
191,3.5499999999999994,18.391959798994975,0.05631530204563886
192,3.5499999999999994,18.592964824120607,0.020435727732423015
193,3.5499999999999994,18.79396984924623,0.05414334344487698
194,3.5499999999999994,18.994974874371863,0.1328786063447017
195,3.5499999999999994,19.195979899497488,0.15182764523304285
196,3.5499999999999994,19.39698492462312,0.13349692897759913
197,3.5499999999999994,19.597989949748744,0.10690898897712349
198,3.5499999999999994,19.798994974874375,0.06627962186800973
199,3.5499999999999994,20.0,0.06219828537058622
