,t,height,fid
0,3.6999999999999993,-20.0,0.06224701332674554
1,3.6999999999999993,-19.798994974874372,0.07561046296685957
2,3.6999999999999993,-19.597989949748744,0.1287466352930528
3,3.6999999999999993,-19.396984924623116,0.1356599812605079
4,3.6999999999999993,-19.195979899497488,0.1517872896718811
5,3.6999999999999993,-18.99497487437186,0.15075170010548208
6,3.6999999999999993,-18.79396984924623,0.08953260752316952
7,3.6999999999999993,-18.592964824120603,0.05094013747456721
8,3.6999999999999993,-18.391959798994975,0.021100447214766796
9,3.6999999999999993,-18.190954773869347,0.06477753311015941
10,3.6999999999999993,-17.98994974874372,0.16364629343487813
11,3.6999999999999993,-17.78894472361809,0.1594617561396835
12,3.6999999999999993,-17.587939698492463,0.13239675032372733
13,3.6999999999999993,-17.386934673366834,0.0713794571768726
14,3.6999999999999993,-17.185929648241206,0.012813565355463907
15,3.6999999999999993,-16.984924623115578,0.13288900943972703
16,3.6999999999999993,-16.78391959798995,0.24337092628728724
17,3.6999999999999993,-16.582914572864322,0.23584598888657457
18,3.6999999999999993,-16.381909547738694,0.12262392789282807
19,3.6999999999999993,-16.180904522613066,0.0009412014926241215
20,3.6999999999999993,-15.979899497487438,0.11305257298770106
21,3.6999999999999993,-15.77889447236181,0.23387208101969492
22,3.6999999999999993,-15.577889447236181,0.1466797882223574
23,3.6999999999999993,-15.376884422110553,0.027845859913529003
24,3.6999999999999993,-15.175879396984925,0.11523111397434214
25,3.6999999999999993,-14.974874371859297,0.19291788860563552
26,3.6999999999999993,-14.773869346733669,0.10298093463053434
27,3.6999999999999993,-14.57286432160804,0.12696287824373764
28,3.6999999999999993,-14.371859296482413,0.18428961882408065
29,3.6999999999999993,-14.170854271356784,0.17383578005773886
30,3.6999999999999993,-13.969849246231156,0.2030030301713222
31,3.6999999999999993,-13.768844221105528,0.21429946411348513
32,3.6999999999999993,-13.5678391959799,0.23219595717189853
33,3.6999999999999993,-13.366834170854272,0.27030415918046985
34,3.6999999999999993,-13.165829145728644,0.2808899032080475
35,3.6999999999999993,-12.964824120603016,0.29776665950280323
36,3.6999999999999993,-12.763819095477388,0.3466116407182444
37,3.6999999999999993,-12.56281407035176,0.3320537150567383
38,3.6999999999999993,-12.361809045226131,0.3741398890213277
39,3.6999999999999993,-12.160804020100503,0.41164156394648116
40,3.6999999999999993,-11.959798994974873,0.36487142822546237
41,3.6999999999999993,-11.758793969849245,0.44053176329591753
42,3.6999999999999993,-11.557788944723617,0.4144560385178902
43,3.6999999999999993,-11.356783919597989,0.38017440833515787
44,3.6999999999999993,-11.15577889447236,0.43771114838147035
45,3.6999999999999993,-10.954773869346733,0.3248960123193929
46,3.6999999999999993,-10.753768844221105,0.36442588666816994
47,3.6999999999999993,-10.552763819095476,0.2607192649064494
48,3.6999999999999993,-10.351758793969848,0.24313331379550937
49,3.6999999999999993,-10.15075376884422,0.15275791822346585
50,3.6999999999999993,-9.949748743718592,0.12791818258178586
51,3.6999999999999993,-9.748743718592964,0.04165276935881945
52,3.6999999999999993,-9.547738693467336,0.047179840959630924
53,3.6999999999999993,-9.346733668341708,0.005987018568957845
54,3.6999999999999993,-9.14572864321608,0.0033690112333565154
55,3.6999999999999993,-8.944723618090451,0.007267100867803697
56,3.6999999999999993,-8.743718592964823,0.005631981558231211
57,3.6999999999999993,-8.542713567839195,0.0062539996780779416
58,3.6999999999999993,-8.341708542713567,0.0075950219374478845
59,3.6999999999999993,-8.140703517587939,0.00902938194059425
60,3.6999999999999993,-7.939698492462311,0.010740404899746293
61,3.6999999999999993,-7.738693467336683,0.01292803959742576
62,3.6999999999999993,-7.537688442211055,0.015889048709609953
63,3.6999999999999993,-7.3366834170854265,0.02003701596914688
64,3.6999999999999993,-7.135678391959798,0.02586542480815105
65,3.6999999999999993,-6.93467336683417,0.033940030901568746
66,3.6999999999999993,-6.733668341708542,0.04494520428750457
67,3.6999999999999993,-6.532663316582914,0.05981955533692793
68,3.6999999999999993,-6.331658291457286,0.07997861492407846
69,3.6999999999999993,-6.130653266331658,0.10768970448492766
70,3.6999999999999993,-5.92964824120603,0.14668226729214684
71,3.6999999999999993,-5.7286432160804015,0.2033248313335885
72,3.6999999999999993,-5.527638190954773,0.28877146485412136
73,3.6999999999999993,-5.326633165829145,0.4202744412948618
74,3.6999999999999993,-5.125628140703517,0.6052400057147662
75,3.6999999999999993,-4.924623115577889,0.8003052200183867
76,3.6999999999999993,-4.723618090452261,0.9281524232753372
77,3.6999999999999993,-4.522613065326633,0.960796036789051
78,3.6999999999999993,-4.321608040201005,0.9315514011635979
79,3.6999999999999993,-4.1206030150753765,0.8827419640451768
80,3.6999999999999993,-3.9195979899497466,0.8376531031425561
81,3.6999999999999993,-3.7185929648241185,0.8034786420884712
82,3.6999999999999993,-3.5175879396984904,0.7801609086585402
83,3.6999999999999993,-3.3165829145728623,0.7655163518914581
84,3.6999999999999993,-3.115577889447234,0.7571852368665446
85,3.6999999999999993,-2.914572864321606,0.7531717647684583
86,3.6999999999999993,-2.713567839195978,0.7519326706227947
87,3.6999999999999993,-2.5125628140703498,0.7523173848593555
88,3.6999999999999993,-2.3115577889447216,0.7535076170423575
89,3.6999999999999993,-2.1105527638190935,0.754951241528829
90,3.6999999999999993,-1.9095477386934654,0.756306807785765
91,3.6999999999999993,-1.7085427135678373,0.7573983430309091
92,3.6999999999999993,-1.5075376884422091,0.7581641913126239
93,3.6999999999999993,-1.306532663316581,0.7586232008048026
94,3.6999999999999993,-1.105527638190953,0.7588419602796287
95,3.6999999999999993,-0.9045226130653248,0.7589105169655691
96,3.6999999999999993,-0.7035175879396967,0.7589244316201944
97,3.6999999999999993,-0.5025125628140685,0.7589713350757866
98,3.6999999999999993,-0.3015075376884404,0.7591232630161339
99,3.6999999999999993,-0.10050251256281229,0.7594321872428217
100,3.6999999999999993,0.10050251256281584,0.7599248561339503
101,3.6999999999999993,0.30150753768844396,0.7606029916125724
102,3.6999999999999993,0.5025125628140721,0.7614424615114955
103,3.6999999999999993,0.7035175879397002,0.7623914883409231
104,3.6999999999999993,0.9045226130653283,0.7633738183157109
105,3.6999999999999993,1.1055276381909565,0.7642925487072054
106,3.6999999999999993,1.3065326633165846,0.7650351744913833
107,3.6999999999999993,1.5075376884422127,0.7654886081765779
108,3.6999999999999993,1.7085427135678408,0.7655560825181691
109,3.6999999999999993,1.909547738693469,0.7651849620354327
110,3.6999999999999993,2.110552763819097,0.7644021056170089
111,3.6999999999999993,2.311557788944725,0.7633555537766237
112,3.6999999999999993,2.5125628140703533,0.7623709394466872
113,3.6999999999999993,2.7135678391959814,0.7620036649096084
114,3.6999999999999993,2.9145728643216096,0.763107926100541
115,3.6999999999999993,3.1155778894472377,0.7669026343385473
116,3.6999999999999993,3.316582914572866,0.7750509312037824
117,3.6999999999999993,3.517587939698494,0.7897295244845006
118,3.6999999999999993,3.718592964824122,0.8136013716037435
119,3.6999999999999993,3.91959798994975,0.849330042693102
120,3.6999999999999993,4.120603015075378,0.8976827420999679
121,3.6999999999999993,4.321608040201006,0.9521914294162729
122,3.6999999999999993,4.5226130653266345,0.9891426411023235
123,3.6999999999999993,4.723618090452263,0.9624473782023046
124,3.6999999999999993,4.924623115577891,0.8323412889288756
125,3.6999999999999993,5.125628140703519,0.6259842479484174
126,3.6999999999999993,5.326633165829147,0.4295029812092097
127,3.6999999999999993,5.527638190954775,0.29226614932488826
128,3.6999999999999993,5.728643216080403,0.20506959726100324
129,3.6999999999999993,5.929648241206031,0.14820821363360973
130,3.6999999999999993,6.1306532663316595,0.10954396871049074
131,3.6999999999999993,6.331658291457288,0.082341341243528
132,3.6999999999999993,6.532663316582916,0.06268935992270831
133,3.6999999999999993,6.733668341708544,0.048201130690062835
134,3.6999999999999993,6.934673366834172,0.037361485696430975
135,3.6999999999999993,7.1356783919598,0.029173866701883128
136,3.6999999999999993,7.336683417085428,0.022954189560599258
137,3.6999999999999993,7.537688442211056,0.018210977126914083
138,3.6999999999999993,7.7386934673366845,0.014573623444230754
139,3.6999999999999993,7.939698492462313,0.011758806269450375
140,3.6999999999999993,8.14070351758794,0.0095514657815927
141,3.6999999999999993,8.341708542713569,0.007768675614091545
142,3.6999999999999993,8.542713567839197,0.00621389661401702
143,3.6999999999999993,8.743718592964825,0.005510931128486432
144,3.6999999999999993,8.944723618090453,0.007051867156687527
145,3.6999999999999993,9.145728643216081,0.0031711096997772653
146,3.6999999999999993,9.34673366834171,0.006534400397965399
147,3.6999999999999993,9.547738693467338,0.0486701205175711
148,3.6999999999999993,9.748743718592966,0.047070295691005966
149,3.6999999999999993,9.949748743718594,0.13246854367150476
150,3.6999999999999993,10.150753768844222,0.16369025980967697
151,3.6999999999999993,10.35175879396985,0.25024494727500013
152,3.6999999999999993,10.552763819095478,0.2749697555938961
153,3.6999999999999993,10.753768844221106,0.3689680213570489
154,3.6999999999999993,10.954773869346734,0.3429352785493543
155,3.6999999999999993,11.155778894472363,0.43593224868516645
156,3.6999999999999993,11.35678391959799,0.3982536717377161
157,3.6999999999999993,11.557788944723619,0.41590797363845844
158,3.6999999999999993,11.758793969849247,0.44203223992437785
159,3.6999999999999993,11.959798994974875,0.38419130526614853
160,3.6999999999999993,12.160804020100507,0.3988618032995329
161,3.6999999999999993,12.361809045226131,0.3854530705663618
162,3.6999999999999993,12.562814070351763,0.3433643693271349
163,3.6999999999999993,12.763819095477388,0.33265288674610993
164,3.6999999999999993,12.96482412060302,0.3092027554247094
165,3.6999999999999993,13.165829145728644,0.28785307022168904
166,3.6999999999999993,13.366834170854275,0.2630820874329665
167,3.6999999999999993,13.5678391959799,0.23436965093312406
168,3.6999999999999993,13.768844221105532,0.2194654163041532
169,3.6999999999999993,13.969849246231156,0.20601530802269952
170,3.6999999999999993,14.170854271356788,0.16888413190407833
171,3.6999999999999993,14.371859296482413,0.18576348729580514
172,3.6999999999999993,14.572864321608044,0.13166736432875817
173,3.6999999999999993,14.773869346733669,0.10232575542308125
174,3.6999999999999993,14.9748743718593,0.19773991956673567
175,3.6999999999999993,15.175879396984925,0.11695416642475105
176,3.6999999999999993,15.376884422110557,0.023833754798531778
177,3.6999999999999993,15.577889447236181,0.15484243518213375
178,3.6999999999999993,15.778894472361813,0.24865437333515727
179,3.6999999999999993,15.979899497487438,0.11512208447053049
180,3.6999999999999993,16.18090452261307,0.002067329266353606
181,3.6999999999999993,16.381909547738694,0.12040393868042723
182,3.6999999999999993,16.582914572864325,0.25457619026350076
183,3.6999999999999993,16.78391959798995,0.25510456770114787
184,3.6999999999999993,16.98492462311558,0.12914178031442697
185,3.6999999999999993,17.185929648241206,0.018589020039463812
186,3.6999999999999993,17.386934673366838,0.06619871493191849
187,3.6999999999999993,17.587939698492463,0.1420157280314105
188,3.6999999999999993,17.788944723618094,0.17505684577037467
189,3.6999999999999993,17.98994974874372,0.15745539368433883
190,3.6999999999999993,18.19095477386935,0.0684708670540443
191,3.6999999999999993,18.391959798994975,0.024586547912696738
192,3.6999999999999993,18.592964824120607,0.04973880082052665
193,3.6999999999999993,18.79396984924623,0.09587811539257378
194,3.6999999999999993,18.994974874371863,0.154722193637579
195,3.6999999999999993,19.195979899497488,0.15743749233788737
196,3.6999999999999993,19.39698492462312,0.13670401927622716
197,3.6999999999999993,19.597989949748744,0.1318852254884215
198,3.6999999999999993,19.798994974874375,0.08409901849731657
199,3.6999999999999993,20.0,0.05958298669287394
