,t,height,fid
0,3.3499999999999996,-20.0,0.03910828137264924
1,3.3499999999999996,-19.798994974874372,0.07275393774974044
2,3.3499999999999996,-19.597989949748744,0.1658451571614839
3,3.3499999999999996,-19.396984924623116,0.19216017840218588
4,3.3499999999999996,-19.195979899497488,0.12105995370138202
5,3.3499999999999996,-18.99497487437186,0.05991583070335696
6,3.3499999999999996,-18.79396984924623,0.028995873877766882
7,3.3499999999999996,-18.592964824120603,0.03996031156413104
8,3.3499999999999996,-18.391959798994975,0.1567023208400092
9,3.3499999999999996,-18.190954773869347,0.278631664028912
10,3.3499999999999996,-17.98994974874372,0.2495695876347968
11,3.3499999999999996,-17.78894472361809,0.1199944962619166
12,3.3499999999999996,-17.587939698492463,0.01672300073288634
13,3.3499999999999996,-17.386934673366834,0.034205950981138225
14,3.3499999999999996,-17.185929648241206,0.18521237548383904
15,3.3499999999999996,-16.984924623115578,0.25465759533119653
16,3.3499999999999996,-16.78391959798995,0.12441888408942085
17,3.3499999999999996,-16.582914572864322,0.020101477048235155
18,3.3499999999999996,-16.381909547738694,0.08939853933751984
19,3.3499999999999996,-16.180904522613066,0.1879592571796127
20,3.3499999999999996,-15.979899497487438,0.14116305126749445
21,3.3499999999999996,-15.77889447236181,0.10298910623301286
22,3.3499999999999996,-15.577889447236181,0.16739226463370718
23,3.3499999999999996,-15.376884422110553,0.1656825172046598
24,3.3499999999999996,-15.175879396984925,0.15576943553143346
25,3.3499999999999996,-14.974874371859297,0.21239912613649148
26,3.3499999999999996,-14.773869346733669,0.24190437601674422
27,3.3499999999999996,-14.57286432160804,0.21756604703982876
28,3.3499999999999996,-14.371859296482413,0.22055282187261396
29,3.3499999999999996,-14.170854271356784,0.29035747029667536
30,3.3499999999999996,-13.969849246231156,0.31705316241041276
31,3.3499999999999996,-13.768844221105528,0.2889889284950191
32,3.3499999999999996,-13.5678391959799,0.31443653877249467
33,3.3499999999999996,-13.366834170854272,0.36324722294747464
34,3.3499999999999996,-13.165829145728644,0.3654404741978637
35,3.3499999999999996,-12.964824120603016,0.37056894282046493
36,3.3499999999999996,-12.763819095477388,0.38772882192222263
37,3.3499999999999996,-12.56281407035176,0.3908797106861077
38,3.3499999999999996,-12.361809045226131,0.40630647482690296
39,3.3499999999999996,-12.160804020100503,0.39187321910870554
40,3.3499999999999996,-11.959798994974873,0.3652933461416701
41,3.3499999999999996,-11.758793969849245,0.383763755825855
42,3.3499999999999996,-11.557788944723617,0.32494216544010135
43,3.3499999999999996,-11.356783919597989,0.2874902902885623
44,3.3499999999999996,-11.15577889447236,0.27943820576343736
45,3.3499999999999996,-10.954773869346733,0.17506908923783063
46,3.3499999999999996,-10.753768844221105,0.1805484226857241
47,3.3499999999999996,-10.552763819095476,0.0827526225123438
48,3.3499999999999996,-10.351758793969848,0.08164057168722413
49,3.3499999999999996,-10.15075376884422,0.018302858765358657
50,3.3499999999999996,-9.949748743718592,0.028108436445580146
51,3.3499999999999996,-9.748743718592964,0.00024145087363659358
52,3.3499999999999996,-9.547738693467336,0.00823328357292237
53,3.3499999999999996,-9.346733668341708,0.006617481451482
54,3.3499999999999996,-9.14572864321608,0.006989789834684967
55,3.3499999999999996,-8.944723618090451,0.00949020975077559
56,3.3499999999999996,-8.743718592964823,0.011410771213087399
57,3.3499999999999996,-8.542713567839195,0.013513463875613063
58,3.3499999999999996,-8.341708542713567,0.015747561852045684
59,3.3499999999999996,-8.140703517587939,0.0181489258761284
60,3.3499999999999996,-7.939698492462311,0.020898900126338826
61,3.3499999999999996,-7.738693467336683,0.024263434231775093
62,3.3499999999999996,-7.537688442211055,0.028566682467860108
63,3.3499999999999996,-7.3366834170854265,0.03418494984715488
64,3.3499999999999996,-7.135678391959798,0.04156686311824033
65,3.3499999999999996,-6.93467336683417,0.05127845727389166
66,3.3499999999999996,-6.733668341708542,0.06408513368258127
67,3.3499999999999996,-6.532663316582914,0.08106334560901457
68,3.3499999999999996,-6.331658291457286,0.10379167094382964
69,3.3499999999999996,-6.130653266331658,0.13464634975377032
70,3.3499999999999996,-5.92964824120603,0.17732301061771735
71,3.3499999999999996,-5.7286432160804015,0.23768626682174604
72,3.3499999999999996,-5.527638190954773,0.32482637577214085
73,3.3499999999999996,-5.326633165829145,0.44961637001096905
74,3.3499999999999996,-5.125628140703517,0.6118971063325545
75,3.3499999999999996,-4.924623115577889,0.7802878347774286
76,3.3499999999999996,-4.723618090452261,0.9038421815717633
77,3.3499999999999996,-4.522613065326633,0.9563702657671339
78,3.3499999999999996,-4.321608040201005,0.9514996941803321
79,3.3499999999999996,-4.1206030150753765,0.9183022800019993
80,3.3499999999999996,-3.9195979899497466,0.8788816488831371
81,3.3499999999999996,-3.7185929648241185,0.8438620360388829
82,3.3499999999999996,-3.5175879396984904,0.8163979637110093
83,3.3499999999999996,-3.3165829145728623,0.7962874880429105
84,3.3499999999999996,-3.115577889447234,0.7822363710932495
85,3.3499999999999996,-2.914572864321606,0.7728150655340108
86,3.3499999999999996,-2.713567839195978,0.7667595759187235
87,3.3499999999999996,-2.5125628140703498,0.7630632871778301
88,3.3499999999999996,-2.3115577889447216,0.7609565885884181
89,3.3499999999999996,-2.1105527638190935,0.7598662997236235
90,3.3499999999999996,-1.9095477386934654,0.7593871300980637
91,3.3499999999999996,-1.7085427135678373,0.7592417051080558
92,3.3499999999999996,-1.5075376884422091,0.7592521381991819
93,3.3499999999999996,-1.306532663316581,0.7593142303738735
94,3.3499999999999996,-1.105527638190953,0.7593767665148379
95,3.3499999999999996,-0.9045226130653248,0.7594221613207921
96,3.3499999999999996,-0.7035175879396967,0.7594544834391589
97,3.3499999999999996,-0.5025125628140685,0.7594868433848839
98,3.3499999999999996,-0.3015075376884404,0.7595345934793388
99,3.3499999999999996,-0.10050251256281229,0.7596073343676479
100,3.3499999999999996,0.10050251256281584,0.7597084355995453
101,3.3499999999999996,0.30150753768844396,0.7598316088401729
102,3.3499999999999996,0.5025125628140721,0.7599598688565908
103,3.3499999999999996,0.7035175879397002,0.7600719524275964
104,3.3499999999999996,0.9045226130653283,0.760141961145058
105,3.3499999999999996,1.1055276381909565,0.7601489982620264
106,3.3499999999999996,1.3065326633165846,0.7600843836861492
107,3.3499999999999996,1.5075376884422127,0.75996713960972
108,3.3499999999999996,1.7085427135678408,0.7598572752062526
109,3.3499999999999996,1.909547738693469,0.7598772917816968
110,3.3499999999999996,2.110552763819097,0.7602354398178789
111,3.3499999999999996,2.311557788944725,0.7612528197317447
112,3.3499999999999996,2.5125628140703533,0.763394040254136
113,3.3499999999999996,2.7135678391959814,0.7673076469755679
114,3.3499999999999996,2.9145728643216096,0.7738582145656122
115,3.3499999999999996,3.1155778894472377,0.7841739996057588
116,3.3499999999999996,3.316582914572866,0.7996797693810439
117,3.3499999999999996,3.517587939698494,0.8220364157404303
118,3.3499999999999996,3.718592964824122,0.8528761517287191
119,3.3499999999999996,3.91959798994975,0.8928642954595394
120,3.3499999999999996,4.120603015075378,0.9393495233284076
121,3.3499999999999996,4.321608040201006,0.9817195960210244
122,3.3499999999999996,4.5226130653266345,0.996251861662726
123,3.3499999999999996,4.723618090452263,0.9496130784527833
124,3.3499999999999996,4.924623115577891,0.8234870735177604
125,3.3499999999999996,5.125628140703519,0.6446723217439991
126,3.3499999999999996,5.326633165829147,0.4708055040606158
127,3.3499999999999996,5.527638190954775,0.3382189740348562
128,3.3499999999999996,5.728643216080403,0.2468207548886745
129,3.3499999999999996,5.929648241206031,0.1840508766627746
130,3.3499999999999996,6.1306532663316595,0.13983053928157071
131,3.3499999999999996,6.331658291457288,0.10785552001373803
132,3.3499999999999996,6.532663316582916,0.08422818912297071
133,3.3499999999999996,6.733668341708544,0.066463042417416
134,3.3499999999999996,6.934673366834172,0.052920708262865504
135,3.3499999999999996,7.1356783919598,0.042483940491954204
136,3.3499999999999996,7.336683417085428,0.03437518912010035
137,3.3499999999999996,7.537688442211056,0.028032930819740027
138,3.3499999999999996,7.7386934673366845,0.02304097725299001
139,3.3499999999999996,7.939698492462313,0.01908139535371924
140,3.3499999999999996,8.14070351758794,0.015900429107280015
141,3.3499999999999996,8.341708542713569,0.013301111299815208
142,3.3499999999999996,8.542713567839197,0.011129181094957518
143,3.3499999999999996,8.743718592964825,0.009317999700378358
144,3.3499999999999996,8.944723618090453,0.00778342717706922
145,3.3499999999999996,9.145728643216081,0.005776548986813075
146,3.3499999999999996,9.34673366834171,0.006158486265756452
147,3.3499999999999996,9.547738693467338,0.0070885012156069365
148,3.3499999999999996,9.748743718592966,0.0007799170798644322
149,3.3499999999999996,9.949748743718594,0.029729882477918964
150,3.3499999999999996,10.150753768844222,0.01930431701612309
151,3.3499999999999996,10.35175879396985,0.08908344934356911
152,3.3499999999999996,10.552763819095478,0.08690058456723315
153,3.3499999999999996,10.753768844221106,0.19210548348661102
154,3.3499999999999996,10.954773869346734,0.18451002404101954
155,3.3499999999999996,11.155778894472363,0.2885515648801283
156,3.3499999999999996,11.35678391959799,0.30400232786293446
157,3.3499999999999996,11.557788944723619,0.3283629279328209
158,3.3499999999999996,11.758793969849247,0.39926667113961767
159,3.3499999999999996,11.959798994974875,0.37572934664832214
160,3.3499999999999996,12.160804020100507,0.3919874095111187
161,3.3499999999999996,12.361809045226131,0.4224167861412976
162,3.3499999999999996,12.562814070351763,0.3980353004473981
163,3.3499999999999996,12.763819095477388,0.38227157720082167
164,3.3499999999999996,12.96482412060302,0.38450328324827604
165,3.3499999999999996,13.165829145728644,0.3759170641676641
166,3.3499999999999996,13.366834170854275,0.35177558847564117
167,3.3499999999999996,13.5678391959799,0.31903871282566426
168,3.3499999999999996,13.768844221105532,0.30680661368828316
169,3.3499999999999996,13.969849246231156,0.30966751203358267
170,3.3499999999999996,14.170854271356788,0.2792716521980036
171,3.3499999999999996,14.371859296482413,0.23387282418286123
172,3.3499999999999996,14.572864321608044,0.2256110571661136
173,3.3499999999999996,14.773869346733669,0.23117018445938045
174,3.3499999999999996,14.9748743718593,0.21031081943002872
175,3.3499999999999996,15.175879396984925,0.1607087461069268
176,3.3499999999999996,15.376884422110557,0.1694315363722652
177,3.3499999999999996,15.577889447236181,0.1712423388620629
178,3.3499999999999996,15.778894472361813,0.0982303916404213
179,3.3499999999999996,15.979899497487438,0.1373726446817365
180,3.3499999999999996,16.18090452261307,0.19820110667827617
181,3.3499999999999996,16.381909547738694,0.09645782232045305
182,3.3499999999999996,16.582914572864325,0.017825011759023214
183,3.3499999999999996,16.78391959798995,0.1271848445352821
184,3.3499999999999996,16.98492462311558,0.26125648753106273
185,3.3499999999999996,17.185929648241206,0.19590822132962238
186,3.3499999999999996,17.386934673366838,0.04070029876937966
187,3.3499999999999996,17.587939698492463,0.017011839423645002
188,3.3499999999999996,17.788944723618094,0.13007813963851209
189,3.3499999999999996,17.98994974874372,0.25979399086876825
190,3.3499999999999996,18.19095477386935,0.2790242002717477
191,3.3499999999999996,18.391959798994975,0.1635364365328859
192,3.3499999999999996,18.592964824120607,0.047809493558622254
193,3.3499999999999996,18.79396984924623,0.027296403215959844
194,3.3499999999999996,18.994974874371863,0.06683064663534381
195,3.3499999999999996,19.195979899497488,0.13316958008758448
196,3.3499999999999996,19.39698492462312,0.18804489357906884
197,3.3499999999999996,19.597989949748744,0.1623645893516153
198,3.3499999999999996,19.798994974874375,0.08427421996244047
199,3.3499999999999996,20.0,0.04326310617921525
