,t,height,fid
0,3.3999999999999995,-20.0,0.031132100683591114
1,3.3999999999999995,-19.798994974874372,0.0680707146010371
2,3.3999999999999995,-19.597989949748744,0.15669953506786227
3,3.3999999999999995,-19.396984924623116,0.16742042228877613
4,3.3999999999999995,-19.195979899497488,0.11503524337730531
5,3.3999999999999995,-18.99497487437186,0.08250422383969036
6,3.3999999999999995,-18.79396984924623,0.03539714189687483
7,3.3999999999999995,-18.592964824120603,0.024025188305332235
8,3.3999999999999995,-18.391959798994975,0.1357570288550935
9,3.3999999999999995,-18.190954773869347,0.24569536034681602
10,3.3999999999999995,-17.98994974874372,0.2383941884481045
11,3.3999999999999995,-17.78894472361809,0.15737479412238642
12,3.3999999999999995,-17.587939698492463,0.04370553762992255
13,3.3999999999999995,-17.386934673366834,0.015904581679560957
14,3.3999999999999995,-17.185929648241206,0.15919679279042145
15,3.3999999999999995,-16.984924623115578,0.26247511791942335
16,3.3999999999999995,-16.78391959798995,0.16920893154859276
17,3.3999999999999995,-16.582914572864322,0.03199724031832448
18,3.3999999999999995,-16.381909547738694,0.045388480502669165
19,3.3999999999999995,-16.180904522613066,0.17998760789625817
20,3.3999999999999995,-15.979899497487438,0.17455060532663821
21,3.3999999999999995,-15.77889447236181,0.08274868731543603
22,3.3999999999999995,-15.577889447236181,0.12693087669803033
23,3.3999999999999995,-15.376884422110553,0.17407648290133892
24,3.3999999999999995,-15.175879396984925,0.1561906815380317
25,3.3999999999999995,-14.974874371859297,0.19581701757126002
26,3.3999999999999995,-14.773869346733669,0.2153238600306782
27,3.3999999999999995,-14.57286432160804,0.1952524232126316
28,3.3999999999999995,-14.371859296482413,0.2283081909055332
29,3.3999999999999995,-14.170854271356784,0.2828226187398939
30,3.3999999999999995,-13.969849246231156,0.2773139277253048
31,3.3999999999999995,-13.768844221105528,0.2768278623739387
32,3.3999999999999995,-13.5678391959799,0.32854363662108593
33,3.3999999999999995,-13.366834170854272,0.340333709101148
34,3.3999999999999995,-13.165829145728644,0.33895719880479147
35,3.3999999999999995,-12.964824120603016,0.3846687797186301
36,3.3999999999999995,-12.763819095477388,0.38494044064392896
37,3.3999999999999995,-12.56281407035176,0.37148404607729935
38,3.3999999999999995,-12.361809045226131,0.42208720936689204
39,3.3999999999999995,-12.160804020100503,0.4007631498799501
40,3.3999999999999995,-11.959798994974873,0.3628484398970511
41,3.3999999999999995,-11.758793969849245,0.4106079846227544
42,3.3999999999999995,-11.557788944723617,0.34048504937208207
43,3.3999999999999995,-11.356783919597989,0.30680082456413077
44,3.3999999999999995,-11.15577889447236,0.3137930581806396
45,3.3999999999999995,-10.954773869346733,0.1941474267843721
46,3.3999999999999995,-10.753768844221105,0.2148075313487578
47,3.3999999999999995,-10.552763819095476,0.10117897423929684
48,3.3999999999999995,-10.351758793969848,0.10502369458365383
49,3.3999999999999995,-10.15075376884422,0.02697694499186165
50,3.3999999999999995,-9.949748743718592,0.03886278455903566
51,3.3999999999999995,-9.748743718592964,0.000508228009897752
52,3.3999999999999995,-9.547738693467336,0.010379081408709643
53,3.3999999999999995,-9.346733668341708,0.006913208845123312
54,3.3999999999999995,-9.14572864321608,0.006277154602108953
55,3.3999999999999995,-8.944723618090451,0.00856393458400916
56,3.3999999999999995,-8.743718592964823,0.009710927303950347
57,3.3999999999999995,-8.542713567839195,0.010949958317771362
58,3.3999999999999995,-8.341708542713567,0.012333405169128795
59,3.3999999999999995,-8.140703517587939,0.013976613759509768
60,3.3999999999999995,-7.939698492462311,0.01614803045017001
61,3.3999999999999995,-7.738693467336683,0.019153406753606675
62,3.3999999999999995,-7.537688442211055,0.02330644261125432
63,3.3999999999999995,-7.3366834170854265,0.02894295935353046
64,3.3999999999999995,-7.135678391959798,0.03645323511389509
65,3.3999999999999995,-6.93467336683417,0.0463497947416021
66,3.3999999999999995,-6.733668341708542,0.05935261317648344
67,3.3999999999999995,-6.532663316582914,0.07650936603138249
68,3.3999999999999995,-6.331658291457286,0.09938989242448834
69,3.3999999999999995,-6.130653266331658,0.1303837550458579
70,3.3999999999999995,-5.92964824120603,0.1732416687699975
71,3.3999999999999995,-5.7286432160804015,0.23397581964829142
72,3.3999999999999995,-5.527638190954773,0.32209653231281754
73,3.3999999999999995,-5.326633165829145,0.44945434002783025
74,3.3999999999999995,-5.125628140703517,0.6166970494546694
75,3.3999999999999995,-4.924623115577889,0.7904453309981971
76,3.3999999999999995,-4.723618090452261,0.9157791435014576
77,3.3999999999999995,-4.522613065326633,0.9656409303503538
78,3.3999999999999995,-4.321608040201005,0.9562452705373783
79,3.3999999999999995,-4.1206030150753765,0.9190735027555436
80,3.3999999999999995,-3.9195979899497466,0.8769784492609082
81,3.3999999999999995,-3.7185929648241185,0.8403830232247029
82,3.3999999999999995,-3.5175879396984904,0.8120646729725719
83,3.3999999999999995,-3.3165829145728623,0.7915385490861735
84,3.3999999999999995,-3.115577889447234,0.7773500863283124
85,3.3999999999999995,-2.914572864321606,0.7679720742144764
86,3.3999999999999995,-2.713567839195978,0.7620940618730654
87,3.3999999999999995,-2.5125628140703498,0.758673795774351
88,3.3999999999999995,-2.3115577889447216,0.7569100566366491
89,3.3999999999999995,-2.1105527638190935,0.756206132336465
90,3.3999999999999995,-1.9095477386934654,0.7561336536071237
91,3.3999999999999995,-1.7085427135678373,0.7563981000069041
92,3.3999999999999995,-1.5075376884422091,0.7568069776229183
93,3.3999999999999995,-1.306532663316581,0.7572504940976658
94,3.3999999999999995,-1.105527638190953,0.7576731803123716
95,3.3999999999999995,-0.9045226130653248,0.7580584240516866
96,3.3999999999999995,-0.7035175879396967,0.7584127271673912
97,3.3999999999999995,-0.5025125628140685,0.7587534954189505
98,3.3999999999999995,-0.3015075376884404,0.7590993308132409
99,3.3999999999999995,-0.10050251256281229,0.7594636879118127
100,3.3999999999999995,0.10050251256281584,0.7598510506159748
101,3.3999999999999995,0.30150753768844396,0.7602548493959355
102,3.3999999999999995,0.5025125628140721,0.7606554429843253
103,3.3999999999999995,0.7035175879397002,0.7610243793635414
104,3.3999999999999995,0.9045226130653283,0.7613251171277077
105,3.3999999999999995,1.1055276381909565,0.7615241335896451
106,3.3999999999999995,1.3065326633165846,0.7615935436779309
107,3.3999999999999995,1.5075376884422127,0.7615302825346812
108,3.3999999999999995,1.7085427135678408,0.7613729834867601
109,3.3999999999999995,1.909547738693469,0.761219414593249
110,3.3999999999999995,2.110552763819097,0.7612564627388195
111,3.3999999999999995,2.311557788944725,0.7617876915726897
112,3.3999999999999995,2.5125628140703533,0.7632704212798437
113,3.3999999999999995,2.7135678391959814,0.7663534089250524
114,3.3999999999999995,2.9145728643216096,0.7719164235306615
115,3.3999999999999995,3.1155778894472377,0.7811216584337985
116,3.3999999999999995,3.316582914572866,0.795451411617768
117,3.3999999999999995,3.517587939698494,0.8166724982850626
118,3.3999999999999995,3.718592964824122,0.846599919491186
119,3.3999999999999995,3.91959798994975,0.8862272542962505
120,3.3999999999999995,4.120603015075378,0.9333857104219365
121,3.3999999999999995,4.321608040201006,0.9779280211134862
122,3.3999999999999995,4.5226130653266345,0.9958210032466848
123,3.3999999999999995,4.723618090452263,0.9517427714324127
124,3.3999999999999995,4.924623115577891,0.8247551484570602
125,3.3999999999999995,5.125628140703519,0.6420807748320319
126,3.3999999999999995,5.326633165829147,0.46497013883720933
127,3.3999999999999995,5.527638190954775,0.3314869731400778
128,3.3999999999999995,5.728643216080403,0.24052278490918327
129,3.3999999999999995,5.929648241206031,0.1785154059314282
130,3.3999999999999995,6.1306532663316595,0.13503566887858215
131,3.3999999999999995,6.331658291457288,0.1037001843579259
132,3.3999999999999995,6.532663316582916,0.08059451189841527
133,3.3999999999999995,6.733668341708544,0.06324476460898962
134,3.3999999999999995,6.934673366834172,0.0500246854874026
135,3.3999999999999995,7.1356783919598,0.039838455370025505
136,3.3999999999999995,7.336683417085428,0.031929751690204934
137,3.3999999999999995,7.537688442211056,0.025760507300695457
138,3.3999999999999995,7.7386934673366845,0.020938638994701317
139,3.3999999999999995,7.939698492462313,0.017167183991405863
140,3.3999999999999995,8.14070351758794,0.014208233798911939
141,3.3999999999999995,8.341708542713569,0.011863667438577955
142,3.3999999999999995,8.542713567839197,0.009965913683910968
143,3.3999999999999995,8.743718592964825,0.008451751126243369
144,3.3999999999999995,8.944723618090453,0.007212253343495161
145,3.3999999999999995,9.145728643216081,0.00507309401026318
146,3.3999999999999995,9.34673366834171,0.006098144218846167
147,3.3999999999999995,9.547738693467338,0.009071370715364015
148,3.3999999999999995,9.748743718592966,0.0011562189396684722
149,3.3999999999999995,9.949748743718594,0.03950726452856871
150,3.3999999999999995,10.150753768844222,0.03034992649099608
151,3.3999999999999995,10.35175879396985,0.11025403369491073
152,3.3999999999999995,10.552763819095478,0.10940763515062753
153,3.3999999999999995,10.753768844221106,0.22234437758941594
154,3.3999999999999995,10.954773869346734,0.20822226887808135
155,3.3999999999999995,11.155778894472363,0.3188275582214627
156,3.3999999999999995,11.35678391959799,0.32371495850442733
157,3.3999999999999995,11.557788944723619,0.3468385483886089
158,3.3999999999999995,11.758793969849247,0.41757929490567086
159,3.3999999999999995,11.959798994974875,0.379724873028062
160,3.3999999999999995,12.160804020100507,0.3995476091168483
161,3.3999999999999995,12.361809045226131,0.4288004451714551
162,3.3999999999999995,12.562814070351763,0.3880119456261295
163,3.3999999999999995,12.763819095477388,0.3789379289931329
164,3.3999999999999995,12.96482412060302,0.38596751184364864
165,3.3999999999999995,13.165829145728644,0.35806724822190134
166,3.3999999999999995,13.366834170854275,0.33572351846869425
167,3.3999999999999995,13.5678391959799,0.3190274872773897
168,3.3999999999999995,13.768844221105532,0.29380641411002073
169,3.3999999999999995,13.969849246231156,0.28364393273152744
170,3.3999999999999995,14.170854271356788,0.2683693707134493
171,3.3999999999999995,14.371859296482413,0.23080147106563081
172,3.3999999999999995,14.572864321608044,0.20694226364922452
173,3.3999999999999995,14.773869346733669,0.21394702445835267
174,3.3999999999999995,14.9748743718593,0.19156622630503756
175,3.3999999999999995,15.175879396984925,0.15408447816036872
176,3.3999999999999995,15.376884422110557,0.1799503824993319
177,3.3999999999999995,15.577889447236181,0.13242913218552077
178,3.3999999999999995,15.778894472361813,0.07924484817772237
179,3.3999999999999995,15.979899497487438,0.17519439809620924
180,3.3999999999999995,16.18090452261307,0.18729936556631124
181,3.3999999999999995,16.381909547738694,0.04772311642539408
182,3.3999999999999995,16.582914572864325,0.030726970298451606
183,3.3999999999999995,16.78391959798995,0.17975138814527616
184,3.3999999999999995,16.98492462311558,0.27258271347805124
185,3.3999999999999995,17.185929648241206,0.16450703616628667
186,3.3999999999999995,17.386934673366838,0.020374073516770234
187,3.3999999999999995,17.587939698492463,0.042566485203855815
188,3.3999999999999995,17.788944723618094,0.16659369475040187
189,3.3999999999999995,17.98994974874372,0.25568702986565167
190,3.3999999999999995,18.19095477386935,0.24751566186261012
191,3.3999999999999995,18.391959798994975,0.1353811822654765
192,3.3999999999999995,18.592964824120607,0.030729109705520744
193,3.3999999999999995,18.79396984924623,0.03306914490365455
194,3.3999999999999995,18.994974874371863,0.08528674917434198
195,3.3999999999999995,19.195979899497488,0.13133770500047384
196,3.3999999999999995,19.39698492462312,0.16934107756757905
197,3.3999999999999995,19.597989949748744,0.1493186947976133
198,3.3999999999999995,19.798994974874375,0.07533555168213978
199,3.3999999999999995,20.0,0.036678942529556904
