,t,height,fid
0,3.849999999999999,-20.0,0.19082793334338824
1,3.849999999999999,-19.798994974874372,0.10881248449317878
2,3.849999999999999,-19.597989949748744,0.07856240737343662
3,3.849999999999999,-19.396984924623116,0.1520222111846239
4,3.849999999999999,-19.195979899497488,0.203712405004721
5,3.849999999999999,-18.99497487437186,0.17473569023360008
6,3.849999999999999,-18.79396984924623,0.1404533974496242
7,3.849999999999999,-18.592964824120603,0.08602344137102605
8,3.849999999999999,-18.391959798994975,0.04436770701740479
9,3.849999999999999,-18.190954773869347,0.04474183778527645
10,3.849999999999999,-17.98994974874372,0.08987814411784882
11,3.849999999999999,-17.78894472361809,0.135247872901621
12,3.849999999999999,-17.587939698492463,0.16913613030187524
13,3.849999999999999,-17.386934673366834,0.08434144993105439
14,3.849999999999999,-17.185929648241206,0.02191576258147642
15,3.849999999999999,-16.984924623115578,0.04629606103964346
16,3.849999999999999,-16.78391959798995,0.13868477802318252
17,3.849999999999999,-16.582914572864322,0.27617129209576063
18,3.849999999999999,-16.381909547738694,0.18150045275350526
19,3.849999999999999,-16.180904522613066,0.04042730220426068
20,3.849999999999999,-15.979899497487438,0.02673652681828234
21,3.849999999999999,-15.77889447236181,0.18520146544445398
22,3.849999999999999,-15.577889447236181,0.2829224420631935
23,3.849999999999999,-15.376884422110553,0.10009158978082261
24,3.849999999999999,-15.175879396984925,0.006540039302568432
25,3.849999999999999,-14.974874371859297,0.13590248171675767
26,3.849999999999999,-14.773869346733669,0.19583624246260273
27,3.849999999999999,-14.57286432160804,0.07480982241505635
28,3.849999999999999,-14.371859296482413,0.12381391533709189
29,3.849999999999999,-14.170854271356784,0.17118331679363344
30,3.849999999999999,-13.969849246231156,0.14854114441693053
31,3.849999999999999,-13.768844221105528,0.1983955046063412
32,3.849999999999999,-13.5678391959799,0.19166759946028641
33,3.849999999999999,-13.366834170854272,0.2099781934601839
34,3.849999999999999,-13.165829145728644,0.25551889663831806
35,3.849999999999999,-12.964824120603016,0.28155539953883546
36,3.849999999999999,-12.763819095477388,0.2705121153010139
37,3.849999999999999,-12.56281407035176,0.31262266420116314
38,3.849999999999999,-12.361809045226131,0.37277795700260963
39,3.849999999999999,-12.160804020100503,0.3322320012793098
40,3.849999999999999,-11.959798994974873,0.38972450850889495
41,3.849999999999999,-11.758793969849245,0.41819911959409384
42,3.849999999999999,-11.557788944723617,0.3925696584987396
43,3.849999999999999,-11.356783919597989,0.4305720626571391
44,3.849999999999999,-11.15577889447236,0.4190429956265236
45,3.849999999999999,-10.954773869346733,0.4009149942275897
46,3.849999999999999,-10.753768844221105,0.38711258240079943
47,3.849999999999999,-10.552763819095476,0.3501011709704386
48,3.849999999999999,-10.351758793969848,0.2949165552075834
49,3.849999999999999,-10.15075376884422,0.24931182894667003
50,3.849999999999999,-9.949748743718592,0.1785771713225618
51,3.849999999999999,-9.748743718592964,0.10930342017519284
52,3.849999999999999,-9.547738693467336,0.08333115799584576
53,3.849999999999999,-9.346733668341708,0.015028508041533871
54,3.849999999999999,-9.14572864321608,0.013640541781291057
55,3.849999999999999,-8.944723618090451,0.010331697400560277
56,3.849999999999999,-8.743718592964823,0.004058364707641791
57,3.849999999999999,-8.542713567839195,0.005036637165741722
58,3.849999999999999,-8.341708542713567,0.007088549855054195
59,3.849999999999999,-8.140703517587939,0.009048548096423076
60,3.849999999999999,-7.939698492462311,0.011448598820347964
61,3.849999999999999,-7.738693467336683,0.014501940134299262
62,3.849999999999999,-7.537688442211055,0.018336825964235814
63,3.849999999999999,-7.3366834170854265,0.023080686351108284
64,3.849999999999999,-7.135678391959798,0.02890245764598359
65,3.849999999999999,-6.93467336683417,0.03610286169484669
66,3.849999999999999,-6.733668341708542,0.045246812114552046
67,3.849999999999999,-6.532663316582914,0.05730511829437571
68,3.849999999999999,-6.331658291457286,0.07381754823284752
69,3.849999999999999,-6.130653266331658,0.09717717099554544
70,3.849999999999999,-5.92964824120603,0.13121402083413847
71,3.849999999999999,-5.7286432160804015,0.18241722038278732
72,3.849999999999999,-5.527638190954773,0.26245826123877586
73,3.849999999999999,-5.326633165829145,0.39109566068932244
74,3.849999999999999,-5.125628140703517,0.5806108327339318
75,3.849999999999999,-4.924623115577889,0.784237806428852
76,3.849999999999999,-4.723618090452261,0.9134914891254714
77,3.849999999999999,-4.522613065326633,0.9408787740340749
78,3.849999999999999,-4.321608040201005,0.9078019865554543
79,3.849999999999999,-4.1206030150753765,0.8597771824219239
80,3.849999999999999,-3.9195979899497466,0.8187573026485131
81,3.849999999999999,-3.7185929648241185,0.7900043056167009
82,3.849999999999999,-3.5175879396984904,0.7722465923387949
83,3.849999999999999,-3.3165829145728623,0.7626884130696074
84,3.849999999999999,-3.115577889447234,0.7586852278367453
85,3.849999999999999,-2.914572864321606,0.7581001063105239
86,3.849999999999999,-2.713567839195978,0.7593471653436357
87,3.849999999999999,-2.5125628140703498,0.7612962732483737
88,3.849999999999999,-2.3115577889447216,0.7632174096372588
89,3.849999999999999,-2.1105527638190935,0.7646861739192393
90,3.849999999999999,-1.9095477386934654,0.7655198193223877
91,3.849999999999999,-1.7085427135678373,0.7657062843362812
92,3.849999999999999,-1.5075376884422091,0.7653343697802292
93,3.849999999999999,-1.306532663316581,0.7645552203876761
94,3.849999999999999,-1.105527638190953,0.7635348935295667
95,3.849999999999999,-0.9045226130653248,0.7624363753258873
96,3.849999999999999,-0.7035175879396967,0.7614011096834618
97,3.849999999999999,-0.5025125628140685,0.7605437564683285
98,3.849999999999999,-0.3015075376884404,0.7599483092973802
99,3.849999999999999,-0.10050251256281229,0.759668128502447
100,3.849999999999999,0.10050251256281584,0.759726830903452
101,3.849999999999999,0.30150753768844396,0.7601195644352299
102,3.849999999999999,0.5025125628140721,0.7608128715123891
103,3.849999999999999,0.7035175879397002,0.7617453417225444
104,3.849999999999999,0.9045226130653283,0.762827782898634
105,3.849999999999999,1.1055276381909565,0.763943974449601
106,3.849999999999999,1.3065326633165846,0.764955780821822
107,3.849999999999999,1.5075376884422127,0.7657113460924275
108,3.849999999999999,1.7085427135678408,0.7660579565325881
109,3.849999999999999,1.909547738693469,0.7658725082160502
110,3.849999999999999,2.110552763819097,0.765092991095244
111,3.849999999999999,2.311557788944725,0.7637705325981219
112,3.849999999999999,2.5125628140703533,0.7621260433129787
113,3.849999999999999,2.7135678391959814,0.7606273867987627
114,3.849999999999999,2.9145728643216096,0.7600551336586637
115,3.849999999999999,3.1155778894472377,0.761603269913405
116,3.849999999999999,3.316582914572866,0.7669563715870068
117,3.849999999999999,3.517587939698494,0.7784130528053088
118,3.849999999999999,3.718592964824122,0.7989178150308693
119,3.849999999999999,3.91959798994975,0.8317923653367573
120,3.849999999999999,4.120603015075378,0.8791694629247385
121,3.849999999999999,4.321608040201006,0.9367825585773449
122,3.849999999999999,4.5226130653266345,0.9824215910449221
123,3.849999999999999,4.723618090452263,0.9658114032529143
124,3.849999999999999,4.924623115577891,0.8359674752358116
125,3.849999999999999,5.125628140703519,0.617711245731544
126,3.849999999999999,5.326633165829147,0.41166190279463666
127,3.849999999999999,5.527638190954775,0.27349697203942597
128,3.849999999999999,5.728643216080403,0.18873898443097525
129,3.849999999999999,5.929648241206031,0.1346889088207707
130,3.849999999999999,6.1306532663316595,0.09859505752491901
131,3.849999999999999,6.331658291457288,0.07362605979144685
132,3.849999999999999,6.532663316582916,0.05587642685808297
133,3.849999999999999,6.733668341708544,0.04297551467642947
134,3.849999999999999,6.934673366834172,0.033411549407401105
135,3.849999999999999,7.1356783919598,0.02619106069028523
136,3.849999999999999,7.336683417085428,0.02065026086557536
137,3.849999999999999,7.537688442211056,0.016346861831316947
138,3.849999999999999,7.7386934673366845,0.012980482782225947
139,3.849999999999999,7.939698492462313,0.010337922384142672
140,3.849999999999999,8.14070351758794,0.00825703346787557
141,3.849999999999999,8.341708542713569,0.006518490918808974
142,3.849999999999999,8.542713567839197,0.004682341362114439
143,3.849999999999999,8.743718592964825,0.0042570256615020894
144,3.849999999999999,8.944723618090453,0.010782718896891657
145,3.849999999999999,9.145728643216081,0.012617323396608513
146,3.849999999999999,9.34673366834171,0.01770988219567319
147,3.849999999999999,9.547738693467338,0.09084143271607267
148,3.849999999999999,9.748743718592966,0.11133585287119807
149,3.849999999999999,9.949748743718594,0.19402731220623917
150,3.849999999999999,10.150753768844222,0.2536669845406241
151,3.849999999999999,10.35175879396985,0.3126574146105829
152,3.849999999999999,10.552763819095478,0.35306219802693906
153,3.849999999999999,10.753768844221106,0.4072725952870737
154,3.849999999999999,10.954773869346734,0.39722887537919477
155,3.849999999999999,11.155778894472363,0.44210730409229976
156,3.849999999999999,11.35678391959799,0.42290276864198895
157,3.849999999999999,11.557788944723619,0.40780654091148527
158,3.849999999999999,11.758793969849247,0.42331179308488076
159,3.849999999999999,11.959798994974875,0.38225639955039686
160,3.849999999999999,12.160804020100507,0.35171539884985753
161,3.849999999999999,12.361809045226131,0.36375121614856903
162,3.849999999999999,12.562814070351763,0.3146797657146801
163,3.849999999999999,12.763819095477388,0.2799038438197469
164,3.849999999999999,12.96482412060302,0.2787596942819172
165,3.849999999999999,13.165829145728644,0.2538124056718685
166,3.849999999999999,13.366834170854275,0.2147963083881686
167,3.849999999999999,13.5678391959799,0.19457341145328746
168,3.849999999999999,13.768844221105532,0.19739424326175262
169,3.849999999999999,13.969849246231156,0.14410503533989
170,3.849999999999999,14.170854271356788,0.17788417876243287
171,3.849999999999999,14.371859296482413,0.12904407750055089
172,3.849999999999999,14.572864321608044,0.06900996621857376
173,3.849999999999999,14.773869346733669,0.19729980783494938
174,3.849999999999999,14.9748743718593,0.1480200098788093
175,3.849999999999999,15.175879396984925,0.006659829112940613
176,3.849999999999999,15.376884422110557,0.10562883602168958
177,3.849999999999999,15.577889447236181,0.2842018905043748
178,3.849999999999999,15.778894472361813,0.19759341818433762
179,3.849999999999999,15.979899497487438,0.031484238145943984
180,3.849999999999999,16.18090452261307,0.045495189944049594
181,3.849999999999999,16.381909547738694,0.19093433397371823
182,3.849999999999999,16.582914572864325,0.2691848372174219
183,3.849999999999999,16.78391959798995,0.1537490877611146
184,3.849999999999999,16.98492462311558,0.048442890361904925
185,3.849999999999999,17.185929648241206,0.024630396694215753
186,3.849999999999999,17.386934673366838,0.08960658827665856
187,3.849999999999999,17.587939698492463,0.1652028836323766
188,3.849999999999999,17.788944723618094,0.14535640275988748
189,3.849999999999999,17.98994974874372,0.09487271773951639
190,3.849999999999999,18.19095477386935,0.04751272035877381
191,3.849999999999999,18.391959798994975,0.04480999475286987
192,3.849999999999999,18.592964824120607,0.09184413254774014
193,3.849999999999999,18.79396984924623,0.1444835399882746
194,3.849999999999999,18.994974874371863,0.16916635324710896
195,3.849999999999999,19.195979899497488,0.2128292788116647
196,3.849999999999999,19.39698492462312,0.16247184095758013
197,3.849999999999999,19.597989949748744,0.07705317418876385
198,3.849999999999999,19.798994974874375,0.10412571111184568
199,3.849999999999999,20.0,0.2006751861047761
