,t,height,fid
0,3.1499999999999995,-20.0,0.14224831833255502
1,3.1499999999999995,-19.798994974874372,0.20511080611769633
2,3.1499999999999995,-19.597989949748744,0.20478056042758708
3,3.1499999999999995,-19.396984924623116,0.16815724265449336
4,3.1499999999999995,-19.195979899497488,0.0927429341167495
5,3.1499999999999995,-18.99497487437186,0.017125776301793048
6,3.1499999999999995,-18.79396984924623,0.04794368953789508
7,3.1499999999999995,-18.592964824120603,0.18498562806782762
8,3.1499999999999995,-18.391959798994975,0.27410429817435733
9,3.1499999999999995,-18.190954773869347,0.22518260739392912
10,3.1499999999999995,-17.98994974874372,0.09222600652855606
11,3.1499999999999995,-17.78894472361809,0.0038340381031786957
12,3.1499999999999995,-17.587939698492463,0.0672145908029372
13,3.1499999999999995,-17.386934673366834,0.20171322012531961
14,3.1499999999999995,-17.185929648241206,0.1838792791791986
15,3.1499999999999995,-16.984924623115578,0.07364637228989493
16,3.1499999999999995,-16.78391959798995,0.0769938174037403
17,3.1499999999999995,-16.582914572864322,0.15659507248267862
18,3.1499999999999995,-16.381909547738694,0.16221749187152293
19,3.1499999999999995,-16.180904522613066,0.15005122559759404
20,3.1499999999999995,-15.979899497487438,0.19104164765186368
21,3.1499999999999995,-15.77889447236181,0.18060290776170213
22,3.1499999999999995,-15.577889447236181,0.1710906375716396
23,3.1499999999999995,-15.376884422110553,0.22379416776435726
24,3.1499999999999995,-15.175879396984925,0.25947804400137237
25,3.1499999999999995,-14.974874371859297,0.24653937480751073
26,3.1499999999999995,-14.773869346733669,0.2495805918830038
27,3.1499999999999995,-14.57286432160804,0.2937316520721615
28,3.1499999999999995,-14.371859296482413,0.31683827384715507
29,3.1499999999999995,-14.170854271356784,0.30808283631172506
30,3.1499999999999995,-13.969849246231156,0.3307954088776874
31,3.1499999999999995,-13.768844221105528,0.3723588180274856
32,3.1499999999999995,-13.5678391959799,0.36547036061013255
33,3.1499999999999995,-13.366834170854272,0.35170641651502776
34,3.1499999999999995,-13.165829145728644,0.39482748036644727
35,3.1499999999999995,-12.964824120603016,0.411057359526449
36,3.1499999999999995,-12.763819095477388,0.3592555153898483
37,3.1499999999999995,-12.56281407035176,0.36753916564741107
38,3.1499999999999995,-12.361809045226131,0.40057262352929746
39,3.1499999999999995,-12.160804020100503,0.32322172418925665
40,3.1499999999999995,-11.959798994974873,0.2974457646225188
41,3.1499999999999995,-11.758793969849245,0.31876913022176623
42,3.1499999999999995,-11.557788944723617,0.20739890576479716
43,3.1499999999999995,-11.356783919597989,0.1999426164340757
44,3.1499999999999995,-11.15577889447236,0.16055082585804012
45,3.1499999999999995,-10.954773869346733,0.07733310752142496
46,3.1499999999999995,-10.753768844221105,0.09007365285270509
47,3.1499999999999995,-10.552763819095476,0.015160840324187349
48,3.1499999999999995,-10.351758793969848,0.03446551081875763
49,3.1499999999999995,-10.15075376884422,0.0007138342668634951
50,3.1499999999999995,-9.949748743718592,0.011694336325238707
51,3.1499999999999995,-9.748743718592964,0.006198033218370549
52,3.1499999999999995,-9.547738693467336,0.007275542870610594
53,3.1499999999999995,-9.346733668341708,0.008550406494271539
54,3.1499999999999995,-9.14572864321608,0.008772157201593377
55,3.1499999999999995,-8.944723618090451,0.009540244738969594
56,3.1499999999999995,-8.743718592964823,0.010513232209607686
57,3.1499999999999995,-8.542713567839195,0.011945090385754824
58,3.1499999999999995,-8.341708542713567,0.014002853759299435
59,3.1499999999999995,-8.140703517587939,0.01682348846960572
60,3.1499999999999995,-7.939698492462311,0.02054519496521432
61,3.1499999999999995,-7.738693467336683,0.025328943736261874
62,3.1499999999999995,-7.537688442211055,0.031389593877133665
63,3.1499999999999995,-7.3366834170854265,0.03902305666771502
64,3.1499999999999995,-7.135678391959798,0.04864113756834565
65,3.1499999999999995,-6.93467336683417,0.06081558266308789
66,3.1499999999999995,-6.733668341708542,0.0763494864142967
67,3.1499999999999995,-6.532663316582914,0.0963829321751935
68,3.1499999999999995,-6.331658291457286,0.12255626304572276
69,3.1499999999999995,-6.130653266331658,0.15728844317262633
70,3.1499999999999995,-5.92964824120603,0.2042026536158677
71,3.1499999999999995,-5.7286432160804015,0.26876699334754167
72,3.1499999999999995,-5.527638190954773,0.3586727516574487
73,3.1499999999999995,-5.326633165829145,0.48137615335060036
74,3.1499999999999995,-5.125628140703517,0.6335422317754056
75,3.1499999999999995,-4.924623115577889,0.7885243989056311
76,3.1499999999999995,-4.723618090452261,0.9062740133257566
77,3.1499999999999995,-4.522613065326633,0.9638219676479782
78,3.1499999999999995,-4.321608040201005,0.9682095594965447
79,3.1499999999999995,-4.1206030150753765,0.9417934130207365
80,3.1499999999999995,-3.9195979899497466,0.9046114642926782
81,3.1499999999999995,-3.7185929648241185,0.8682351609359897
82,3.1499999999999995,-3.5175879396984904,0.8373847699689969
83,3.1499999999999995,-3.3165829145728623,0.8130757619057084
84,3.1499999999999995,-3.115577889447234,0.7947680253438801
85,3.1499999999999995,-2.914572864321606,0.7814385018329533
86,3.1499999999999995,-2.713567839195978,0.7720357902227799
87,3.1499999999999995,-2.5125628140703498,0.7656278809353311
88,3.1499999999999995,-2.3115577889447216,0.7614497850747834
89,3.1499999999999995,-2.1105527638190935,0.7588872062884503
90,3.1499999999999995,-1.9095477386934654,0.7574608410287418
91,3.1499999999999995,-1.7085427135678373,0.7568072413854223
92,3.1499999999999995,-1.5075376884422091,0.7566573922518093
93,3.1499999999999995,-1.306532663316581,0.7568193129589138
94,3.1499999999999995,-1.105527638190953,0.7571607474339317
95,3.1499999999999995,-0.9045226130653248,0.7575939123528606
96,3.1499999999999995,-0.7035175879396967,0.7580646405256531
97,3.1499999999999995,-0.5025125628140685,0.7585408509227771
98,3.1499999999999995,-0.3015075376884404,0.7590044029227782
99,3.1499999999999995,-0.10050251256281229,0.7594456427298101
100,3.1499999999999995,0.10050251256281584,0.7598560268083453
101,3.1499999999999995,0.30150753768844396,0.7602302052820592
102,3.1499999999999995,0.5025125628140721,0.7605637652400093
103,3.1499999999999995,0.7035175879397002,0.7608539119194196
104,3.1499999999999995,0.9045226130653283,0.7611061427414967
105,3.1499999999999995,1.1055276381909565,0.7613368683271253
106,3.1499999999999995,1.3065326633165846,0.7615844035675694
107,3.1499999999999995,1.5075376884422127,0.7619199144037064
108,3.1499999999999995,1.7085427135678408,0.7624597720778552
109,3.1499999999999995,1.909547738693469,0.7633835278298652
110,3.1499999999999995,2.110552763819097,0.7649519288196508
111,3.1499999999999995,2.311557788944725,0.7675323617516058
112,3.1499999999999995,2.5125628140703533,0.7716176309398631
113,3.1499999999999995,2.7135678391959814,0.777862127730704
114,3.1499999999999995,2.9145728643216096,0.7871024938947567
115,3.1499999999999995,3.1155778894472377,0.800383362199425
116,3.1499999999999995,3.316582914572866,0.8189257303109962
117,3.1499999999999995,3.517587939698494,0.8440015116494305
118,3.1499999999999995,3.718592964824122,0.8765013501912753
119,3.1499999999999995,3.91959798994975,0.9158407089037462
120,3.1499999999999995,4.120603015075378,0.9576743852329321
121,3.1499999999999995,4.321608040201006,0.9903029126981829
122,3.1499999999999995,4.5226130653266345,0.992240224605875
123,3.1499999999999995,4.723618090452263,0.9380724952940558
124,3.1499999999999995,4.924623115577891,0.8179067409107923
125,3.1499999999999995,5.125628140703519,0.6554951108879606
126,3.1499999999999995,5.326633165829147,0.4952636364392128
127,3.1499999999999995,5.527638190954775,0.367139509185269
128,3.1499999999999995,5.728643216080403,0.27446971908193624
129,3.1499999999999995,5.929648241206031,0.20860867363858945
130,3.1499999999999995,6.1306532663316595,0.16106538476624307
131,3.1499999999999995,6.331658291457288,0.1260066410820072
132,3.1499999999999995,6.532663316582916,0.09965082429598089
133,3.1499999999999995,6.733668341708544,0.07950704262837663
134,3.1499999999999995,6.934673366834172,0.06389791437129518
135,3.1499999999999995,7.1356783919598,0.051660799886850614
136,3.1499999999999995,7.336683417085428,0.041975064482153414
137,3.1499999999999995,7.537688442211056,0.034248913079248045
138,3.1499999999999995,7.7386934673366845,0.028050699790633973
139,3.1499999999999995,7.939698492462313,0.023060408079152637
140,3.1499999999999995,8.14070351758794,0.01904067114051047
141,3.1499999999999995,8.341708542713569,0.015808498465131302
142,3.1499999999999995,8.542713567839197,0.013224999249086244
143,3.1499999999999995,8.743718592964825,0.011174075782634265
144,3.1499999999999995,8.944723618090453,0.009541004250874289
145,3.1499999999999995,9.145728643216081,0.00816456286653332
146,3.1499999999999995,9.34673366834171,0.007465120832852466
147,3.1499999999999995,9.547738693467338,0.005884871431413346
148,3.1499999999999995,9.748743718592966,0.005003938007047129
149,3.1499999999999995,9.949748743718594,0.010029995643596613
150,3.1499999999999995,10.150753768844222,0.001102851345935783
151,3.1499999999999995,10.35175879396985,0.03376628680023438
152,3.1499999999999995,10.552763819095478,0.019312378960970055
153,3.1499999999999995,10.753768844221106,0.0919813006575823
154,3.1499999999999995,10.954773869346734,0.08735801256946757
155,3.1499999999999995,11.155778894472363,0.16544125150061154
156,3.1499999999999995,11.35678391959799,0.2123008500533966
157,3.1499999999999995,11.557788944723619,0.21873374566137613
158,3.1499999999999995,11.758793969849247,0.3251953817669559
159,3.1499999999999995,11.959798994974875,0.3137917070151049
160,3.1499999999999995,12.160804020100507,0.33158450992873273
161,3.1499999999999995,12.361809045226131,0.4050331464526442
162,3.1499999999999995,12.562814070351763,0.38297535434835495
163,3.1499999999999995,12.763819095477388,0.36711472029008957
164,3.1499999999999995,12.96482412060302,0.40966694292982264
165,3.1499999999999995,13.165829145728644,0.4055303877259847
166,3.1499999999999995,13.366834170854275,0.3644702436328374
167,3.1499999999999995,13.5678391959799,0.36168098823632505
168,3.1499999999999995,13.768844221105532,0.3701985559634529
169,3.1499999999999995,13.969849246231156,0.3455639042306202
170,3.1499999999999995,14.170854271356788,0.31633440687859793
171,3.1499999999999995,14.371859296482413,0.3058544391625907
172,3.1499999999999995,14.572864321608044,0.2906589524717631
173,3.1499999999999995,14.773869346733669,0.26612114951388627
174,3.1499999999999995,14.9748743718593,0.25372481658202656
175,3.1499999999999995,15.175879396984925,0.2457154433692571
176,3.1499999999999995,15.376884422110557,0.21766502715850072
177,3.1499999999999995,15.577889447236181,0.18292161846646457
178,3.1499999999999995,15.778894472361813,0.18971743901907787
179,3.1499999999999995,15.979899497487438,0.18460085703607426
180,3.1499999999999995,16.18090452261307,0.14052402088887642
181,3.1499999999999995,16.381909547738694,0.1663179182687464
182,3.1499999999999995,16.582914572864325,0.166627795913985
183,3.1499999999999995,16.78391959798995,0.07672950674991409
184,3.1499999999999995,16.98492462311558,0.07152072207123301
185,3.1499999999999995,17.185929648241206,0.18975625610354332
186,3.1499999999999995,17.386934673366838,0.20866559483920208
187,3.1499999999999995,17.587939698492463,0.07230497230270781
188,3.1499999999999995,17.788944723618094,0.002447009347374582
189,3.1499999999999995,17.98994974874372,0.09590443234143273
190,3.1499999999999995,18.19095477386935,0.2395482299923962
191,3.1499999999999995,18.391959798994975,0.285717427382734
192,3.1499999999999995,18.592964824120607,0.18932872616942978
193,3.1499999999999995,18.79396984924623,0.053151239126905794
194,3.1499999999999995,18.994974874371863,0.01909681685512135
195,3.1499999999999995,19.195979899497488,0.09262634536499004
196,3.1499999999999995,19.39698492462312,0.17853801886447904
197,3.1499999999999995,19.597989949748744,0.22067978955862078
198,3.1499999999999995,19.798994974874375,0.20908002103448659
199,3.1499999999999995,20.0,0.1392102376413967
