,t,height,fid
0,3.4499999999999993,-20.0,0.029636517533795512
1,3.4499999999999993,-19.798994974874372,0.06768860862488081
2,3.4499999999999993,-19.597989949748744,0.14139657087288515
3,3.4499999999999993,-19.396984924623116,0.14162891247428644
4,3.4499999999999993,-19.195979899497488,0.11859030000553175
5,3.4499999999999993,-18.99497487437186,0.10762036130399384
6,3.4499999999999993,-18.79396984924623,0.04170442507582065
7,3.4499999999999993,-18.592964824120603,0.016830258528739532
8,3.4499999999999993,-18.391959798994975,0.11185625868168686
9,3.4499999999999993,-18.190954773869347,0.19739730001010156
10,3.4499999999999993,-17.98994974874372,0.22413876763392887
11,3.4499999999999993,-17.78894472361809,0.19494639147983853
12,3.4499999999999993,-17.587939698492463,0.07107529416157544
13,3.4499999999999993,-17.386934673366834,0.009023207756447854
14,3.4499999999999993,-17.185929648241206,0.1267922769960744
15,3.4499999999999993,-16.984924623115578,0.2456089439326153
16,3.4499999999999993,-16.78391959798995,0.21505889674755116
17,3.4499999999999993,-16.582914572864322,0.07230689164763217
18,3.4499999999999993,-16.381909547738694,0.01730089619499607
19,3.4499999999999993,-16.180904522613066,0.14684629009122813
20,3.4499999999999993,-15.979899497487438,0.19457951145718225
21,3.4499999999999993,-15.77889447236181,0.08962128631940136
22,3.4499999999999993,-15.577889447236181,0.08811688240760694
23,3.4499999999999993,-15.376884422110553,0.17773725506124505
24,3.4499999999999993,-15.175879396984925,0.1641340808599936
25,3.4499999999999993,-14.974874371859297,0.16252946485387226
26,3.4499999999999993,-14.773869346733669,0.1938793528859589
27,3.4499999999999993,-14.57286432160804,0.19141189799699004
28,3.4499999999999993,-14.371859296482413,0.23032262327727007
29,3.4499999999999993,-14.170854271356784,0.25628406352059546
30,3.4499999999999993,-13.969849246231156,0.2459104039506711
31,3.4499999999999993,-13.768844221105528,0.2843031032720954
32,3.4499999999999993,-13.5678391959799,0.32692134626686165
33,3.4499999999999993,-13.366834170854272,0.303823570739391
34,3.4499999999999993,-13.165829145728644,0.3339613408841776
35,3.4499999999999993,-12.964824120603016,0.396971133523418
36,3.4499999999999993,-12.763819095477388,0.3613457574938664
37,3.4499999999999993,-12.56281407035176,0.3660243292694441
38,3.4499999999999993,-12.361809045226131,0.43914099457264066
39,3.4499999999999993,-12.160804020100503,0.3910635022360319
40,3.4499999999999993,-11.959798994974873,0.3715746176854942
41,3.4499999999999993,-11.758793969849245,0.431893996800425
42,3.4499999999999993,-11.557788944723617,0.34598846531156724
43,3.4499999999999993,-11.356783919597989,0.3349423024149023
44,3.4499999999999993,-11.15577889447236,0.33575637951169907
45,3.4499999999999993,-10.954773869346733,0.21937822240727337
46,3.4499999999999993,-10.753768844221105,0.2443072372398125
47,3.4499999999999993,-10.552763819095476,0.12336674669237281
48,3.4499999999999993,-10.351758793969848,0.1275294447851391
49,3.4499999999999993,-10.15075376884422,0.039803461106090315
50,3.4499999999999993,-9.949748743718592,0.048412608975117476
51,3.4499999999999993,-9.748743718592964,0.002231892378959975
52,3.4499999999999993,-9.547738693467336,0.011382858614584627
53,3.4499999999999993,-9.346733668341708,0.005662379054586478
54,3.4499999999999993,-9.14572864321608,0.004107144702896565
55,3.4499999999999993,-8.944723618090451,0.0061903446394652424
56,3.4499999999999993,-8.743718592964823,0.006797836148997903
57,3.4499999999999993,-8.542713567839195,0.007642501469274704
58,3.4499999999999993,-8.341708542713567,0.00885158064738145
59,3.4499999999999993,-8.140703517587939,0.010572259046121179
60,3.4499999999999993,-7.939698492462311,0.013080218303905594
61,3.4499999999999993,-7.738693467336683,0.01662928997050356
62,3.4499999999999993,-7.537688442211055,0.021447372573395206
63,3.4499999999999993,-7.3366834170854265,0.0277705160856845
64,3.4499999999999993,-7.135678391959798,0.035908187435321266
65,3.4499999999999993,-6.93467336683417,0.046317275702147775
66,3.4499999999999993,-6.733668341708542,0.059688129253129545
67,3.4499999999999993,-6.532663316582914,0.07705872529606972
68,3.4499999999999993,-6.331658291457286,0.0999989706584417
69,3.4499999999999993,-6.130653266331658,0.13091026935409525
70,3.4499999999999993,-5.92964824120603,0.17357155905382907
71,3.4499999999999993,-5.7286432160804015,0.2340772973295757
72,3.4499999999999993,-5.527638190954773,0.3222265716903561
73,3.4499999999999993,-5.326633165829145,0.45061740535447625
74,3.4499999999999993,-5.125628140703517,0.6204807988908184
75,3.4499999999999993,-4.924623115577889,0.7964527003636676
76,3.4499999999999993,-4.723618090452261,0.9203061440027583
77,3.4499999999999993,-4.522613065326633,0.9651690873720562
78,3.4499999999999993,-4.321608040201005,0.9503294419787037
79,3.4499999999999993,-4.1206030150753765,0.9093889409532774
80,3.4499999999999993,-3.9195979899497466,0.8654667338031669
81,3.4499999999999993,-3.7185929648241185,0.8284466371278812
82,3.4499999999999993,-3.5175879396984904,0.8005478057218084
83,3.4499999999999993,-3.3165829145728623,0.7809135735285946
84,3.4499999999999993,-3.115577889447234,0.7678678008235018
85,3.4499999999999993,-2.914572864321606,0.759744619992916
86,3.4499999999999993,-2.713567839195978,0.7551466434421275
87,3.4499999999999993,-2.5125628140703498,0.7529592015455725
88,3.4499999999999993,-2.3115577889447216,0.7523318876744586
89,3.4499999999999993,-2.1105527638190935,0.7526343253958748
90,3.4499999999999993,-1.9095477386934654,0.7534179884444359
91,3.4499999999999993,-1.7085427135678373,0.7543825917050667
92,3.4499999999999993,-1.5075376884422091,0.7553454680340196
93,3.4499999999999993,-1.306532663316581,0.7562098480125903
94,3.4499999999999993,-1.105527638190953,0.7569422313554609
95,3.4499999999999993,-0.9045226130653248,0.7575491852940829
96,3.4499999999999993,-0.7035175879396967,0.7580619208424028
97,3.4499999999999993,-0.5025125628140685,0.7585195870471819
98,3.4499999999999993,-0.3015075376884404,0.7589606440389939
99,3.4499999999999993,-0.10050251256281229,0.7594158469670226
100,3.4499999999999993,0.10050251256281584,0.7599025764868199
101,3.4499999999999993,0.30150753768844396,0.7604231993136303
102,3.4499999999999993,0.5025125628140721,0.7609640751436012
103,3.4499999999999993,0.7035175879397002,0.7614963111267731
104,3.4499999999999993,0.9045226130653283,0.7619802707054859
105,3.4499999999999993,1.1055276381909565,0.7623712488481167
106,3.4499999999999993,1.3065326633165846,0.7626271613816176
107,3.4499999999999993,1.5075376884422127,0.7627248208771854
108,3.4499999999999993,1.7085427135678408,0.762675100278338
109,3.4499999999999993,1.909547738693469,0.7625478604971779
110,3.4499999999999993,2.110552763819097,0.7624968414962169
111,3.4499999999999993,2.311557788944725,0.7627958402947269
112,3.4499999999999993,2.5125628140703533,0.7638767012006842
113,3.4499999999999993,2.7135678391959814,0.7663708248252444
114,3.4499999999999993,2.9145728643216096,0.7711532062220285
115,3.4499999999999993,3.1155778894472377,0.779401675180492
116,3.4499999999999993,3.316582914572866,0.7926342290262451
117,3.4499999999999993,3.517587939698494,0.8127126614826772
118,3.4499999999999993,3.718592964824122,0.8416220306643634
119,3.4499999999999993,3.91959798994975,0.8806737524724043
120,3.4499999999999993,4.120603015075378,0.9281932766543305
121,3.4499999999999993,4.321608040201006,0.9745518262070185
122,3.4499999999999993,4.5226130653266345,0.9955339299862643
123,3.4499999999999993,4.723618090452263,0.9539116647461585
124,3.4499999999999993,4.924623115577891,0.8260347707065858
125,3.4499999999999993,5.125628140703519,0.6394719355627071
126,3.4499999999999993,5.326633165829147,0.4591965538978205
127,3.4499999999999993,5.527638190954775,0.32499830550437747
128,3.4499999999999993,5.728643216080403,0.23462964362104674
129,3.4499999999999993,5.929648241206031,0.17350852975489608
130,3.4499999999999993,6.1306532663316595,0.13087580151431366
131,3.4499999999999993,6.331658291457288,0.10026765295154323
132,3.4499999999999993,6.532663316582916,0.0777567880372433
133,3.4499999999999993,6.733668341708544,0.060873998988086535
134,3.4499999999999993,6.934673366834172,0.04800366422348778
135,3.4499999999999993,7.1356783919598,0.038062258338153986
136,3.4499999999999993,7.336683417085428,0.030306528260659514
137,3.4499999999999993,7.537688442211056,0.024217584495514127
138,3.4499999999999993,7.7386934673366845,0.019427131502600697
139,3.4499999999999993,7.939698492462313,0.015666993136422752
140,3.4499999999999993,8.14070351758794,0.012731460569343189
141,3.4499999999999993,8.341708542713569,0.010442886608489943
142,3.4499999999999993,8.542713567839197,0.008642734724185914
143,3.4499999999999993,8.743718592964825,0.007297380549702764
144,3.4499999999999993,8.944723618090453,0.00630432337247334
145,3.4499999999999993,9.145728643216081,0.003944977529633044
146,3.4499999999999993,9.34673366834171,0.0055444042487395396
147,3.4499999999999993,9.547738693467338,0.011447139021221478
148,3.4499999999999993,9.748743718592966,0.0029748994872596953
149,3.4499999999999993,9.949748743718594,0.0500891126462799
150,3.4499999999999993,10.150753768844222,0.045214897396870846
151,3.4499999999999993,10.35175879396985,0.1320970142863528
152,3.4499999999999993,10.552763819095478,0.13465770691359022
153,3.4499999999999993,10.753768844221106,0.2505092387351803
154,3.4499999999999993,10.954773869346734,0.234074055715865
155,3.4499999999999993,11.155778894472363,0.3429564766346403
156,3.4499999999999993,11.35678391959799,0.3456386078623463
157,3.4499999999999993,11.557788944723619,0.3597299184768713
158,3.4499999999999993,11.758793969849247,0.43197699127720357
159,3.4499999999999993,11.959798994974875,0.38684046763068003
160,3.4499999999999993,12.160804020100507,0.3979381999495851
161,3.4499999999999993,12.361809045226131,0.43447710001370127
162,3.4499999999999993,12.562814070351763,0.3828061086832276
163,3.4499999999999993,12.763819095477388,0.365740673814289
164,3.4499999999999993,12.96482412060302,0.38594425337140315
165,3.4499999999999993,13.165829145728644,0.3490479919522911
166,3.4499999999999993,13.366834170854275,0.3132071331192523
167,3.4499999999999993,13.5678391959799,0.31168199794541646
168,3.4499999999999993,13.768844221105532,0.289544053096023
169,3.4499999999999993,13.969849246231156,0.26135546701824025
170,3.4499999999999993,14.170854271356788,0.24902241994452667
171,3.4499999999999993,14.371859296482413,0.22438673059949077
172,3.4499999999999993,14.572864321608044,0.19816870807052775
173,3.4499999999999993,14.773869346733669,0.19969256564456542
174,3.4499999999999993,14.9748743718593,0.1606453427580845
175,3.4499999999999993,15.175879396984925,0.16089214319490333
176,3.4499999999999993,15.376884422110557,0.1815435593494212
177,3.4499999999999993,15.577889447236181,0.08962443604415732
178,3.4499999999999993,15.778894472361813,0.08996607594197623
179,3.4499999999999993,15.979899497487438,0.20315284002699785
180,3.4499999999999993,16.18090452261307,0.15146906948916855
181,3.4499999999999993,16.381909547738694,0.01543098740967024
182,3.4499999999999993,16.582914572864325,0.07034902046269684
183,3.4499999999999993,16.78391959798995,0.22913255765922194
184,3.4499999999999993,16.98492462311558,0.26120686228012735
185,3.4499999999999993,17.185929648241206,0.12935449072988872
186,3.4499999999999993,17.386934673366838,0.012245342777568339
187,3.4499999999999993,17.587939698492463,0.06995426657194624
188,3.4499999999999993,17.788944723618094,0.198342536141248
189,3.4499999999999993,17.98994974874372,0.24391140073057324
190,3.4499999999999993,18.19095477386935,0.20526928293434094
191,3.4499999999999993,18.391959798994975,0.10758605905778448
192,3.4499999999999993,18.592964824120607,0.021599520975943462
193,3.4499999999999993,18.79396984924623,0.04006791144762161
194,3.4499999999999993,18.994974874371863,0.1047195903755536
195,3.4499999999999993,19.195979899497488,0.1343813189177874
196,3.4499999999999993,19.39698492462312,0.15029056885239542
197,3.4499999999999993,19.597989949748744,0.1344781743693617
198,3.4499999999999993,19.798994974874375,0.07158793269702554
199,3.4499999999999993,20.0,0.03516795874571098
