,t,height,fid
0,3.8999999999999995,-20.0,0.2462382688337108
1,3.8999999999999995,-19.798994974874372,0.1687486415917232
2,3.8999999999999995,-19.597989949748744,0.0747984456393631
3,3.8999999999999995,-19.396984924623116,0.11789427939387215
4,3.8999999999999995,-19.195979899497488,0.23140685018327797
5,3.8999999999999995,-18.99497487437186,0.20343072266044349
6,3.8999999999999995,-18.79396984924623,0.1305771211658995
7,3.8999999999999995,-18.592964824120603,0.10536378026744171
8,3.8999999999999995,-18.391959798994975,0.06370995741000371
9,3.8999999999999995,-18.190954773869347,0.04097207996823228
10,3.8999999999999995,-17.98994974874372,0.0846751757601908
11,3.8999999999999995,-17.78894472361809,0.13559435359490898
12,3.8999999999999995,-17.587939698492463,0.16182764348848103
13,3.8999999999999995,-17.386934673366834,0.08911583750194842
14,3.8999999999999995,-17.185929648241206,0.03294495094910466
15,3.8999999999999995,-16.984924623115578,0.02767110139750998
16,3.8999999999999995,-16.78391959798995,0.12446765884375821
17,3.8999999999999995,-16.582914572864322,0.2550951863214648
18,3.8999999999999995,-16.381909547738694,0.17412994855712377
19,3.8999999999999995,-16.180904522613066,0.06925485150610455
20,3.8999999999999995,-15.979899497487438,0.014325647102022073
21,3.8999999999999995,-15.77889447236181,0.17258757803475247
22,3.8999999999999995,-15.577889447236181,0.28544741475913127
23,3.8999999999999995,-15.376884422110553,0.13598438726185505
24,3.8999999999999995,-15.175879396984925,0.004844468977494684
25,3.8999999999999995,-14.974874371859297,0.10712741004629639
26,3.8999999999999995,-14.773869346733669,0.21774248027326246
27,3.8999999999999995,-14.57286432160804,0.08150743260251105
28,3.8999999999999995,-14.371859296482413,0.08361245225996893
29,3.8999999999999995,-14.170854271356784,0.18390672774120584
30,3.8999999999999995,-13.969849246231156,0.14497852282693668
31,3.8999999999999995,-13.768844221105528,0.1698183317741902
32,3.8999999999999995,-13.5678391959799,0.18339750820355333
33,3.8999999999999995,-13.366834170854272,0.20368292652821351
34,3.8999999999999995,-13.165829145728644,0.24531491961761323
35,3.8999999999999995,-12.964824120603016,0.25549491264367863
36,3.8999999999999995,-12.763819095477388,0.26295610135256187
37,3.8999999999999995,-12.56281407035176,0.31257066135085937
38,3.8999999999999995,-12.361809045226131,0.3396349196858424
39,3.8999999999999995,-12.160804020100503,0.3314722600836312
40,3.8999999999999995,-11.959798994974873,0.3903493865075669
41,3.8999999999999995,-11.758793969849245,0.3870028247606264
42,3.8999999999999995,-11.557788944723617,0.4153103596359639
43,3.8999999999999995,-11.356783919597989,0.4114281206712469
44,3.8999999999999995,-11.15577889447236,0.4319469111243731
45,3.8999999999999995,-10.954773869346733,0.41005497504635186
46,3.8999999999999995,-10.753768844221105,0.3961270461099471
47,3.8999999999999995,-10.552763819095476,0.37601818533137815
48,3.8999999999999995,-10.351758793969848,0.31166328578934555
49,3.8999999999999995,-10.15075376884422,0.27938728610135133
50,3.8999999999999995,-9.949748743718592,0.20314040992396587
51,3.8999999999999995,-9.748743718592964,0.13020186386100993
52,3.8999999999999995,-9.547738693467336,0.10570389771000496
53,3.8999999999999995,-9.346733668341708,0.020913620653667496
54,3.8999999999999995,-9.14572864321608,0.019592963380656588
55,3.8999999999999995,-8.944723618090451,0.013749933617748959
56,3.8999999999999995,-8.743718592964823,0.00429830397265674
57,3.8999999999999995,-8.542713567839195,0.004982051860680374
58,3.8999999999999995,-8.341708542713567,0.007114676479208638
59,3.8999999999999995,-8.140703517587939,0.008862179807155285
60,3.8999999999999995,-7.939698492462311,0.010875972216930875
61,3.8999999999999995,-7.738693467336683,0.013369626535882254
62,3.8999999999999995,-7.537688442211055,0.016431812341042053
63,3.8999999999999995,-7.3366834170854265,0.020188469712000882
64,3.8999999999999995,-7.135678391959798,0.024860146057298877
65,3.8999999999999995,-6.93467336683417,0.030863056215593553
66,3.8999999999999995,-6.733668341708542,0.0389071739549122
67,3.8999999999999995,-6.532663316582914,0.05008949326304684
68,3.8999999999999995,-6.331658291457286,0.0660187637374586
69,3.8999999999999995,-6.130653266331658,0.08909979835334693
70,3.8999999999999995,-5.92964824120603,0.123127721158376
71,3.8999999999999995,-5.7286432160804015,0.1746029267348772
72,3.8999999999999995,-5.527638190954773,0.2554167102985449
73,3.8999999999999995,-5.326633165829145,0.38639413670522804
74,3.8999999999999995,-5.125628140703517,0.581790993638131
75,3.8999999999999995,-4.924623115577889,0.7925303643517442
76,3.8999999999999995,-4.723618090452261,0.9239696202456779
77,3.8999999999999995,-4.522613065326633,0.948590720736744
78,3.8999999999999995,-4.321608040201005,0.9119630514391373
79,3.8999999999999995,-4.1206030150753765,0.8616703317290779
80,3.8999999999999995,-3.9195979899497466,0.8195917052094297
81,3.8999999999999995,-3.7185929648241185,0.7904352209892757
82,3.8999999999999995,-3.5175879396984904,0.7725418093612388
83,3.8999999999999995,-3.3165829145728623,0.7629149126581563
84,3.8999999999999995,-3.115577889447234,0.7588177010874969
85,3.8999999999999995,-2.914572864321606,0.7580887299554067
86,3.8999999999999995,-2.713567839195978,0.7591355718527731
87,3.8999999999999995,-2.5125628140703498,0.7608557742571831
88,3.8999999999999995,-2.3115577889447216,0.7625401154621977
89,3.8999999999999995,-2.1105527638190935,0.7637942884649517
90,3.8999999999999995,-1.9095477386934654,0.7644589492556412
91,3.8999999999999995,-1.7085427135678373,0.7645321411749683
92,3.8999999999999995,-1.5075376884422091,0.7641142097673402
93,3.8999999999999995,-1.306532663316581,0.7633511557826944
94,3.8999999999999995,-1.105527638190953,0.7624068814610397
95,3.8999999999999995,-0.9045226130653248,0.7614348798780322
96,3.8999999999999995,-0.7035175879396967,0.760569284360508
97,3.8999999999999995,-0.5025125628140685,0.759916427266205
98,3.8999999999999995,-0.3015075376884404,0.7595545784743788
99,3.8999999999999995,-0.10050251256281229,0.7595317050238211
100,3.8999999999999995,0.10050251256281584,0.7598677026123619
101,3.8999999999999995,0.30150753768844396,0.7605544328731634
102,3.8999999999999995,0.5025125628140721,0.7615546031533661
103,3.8999999999999995,0.7035175879397002,0.7628016993279438
104,3.8999999999999995,0.9045226130653283,0.7641993798218242
105,3.8999999999999995,1.1055276381909565,0.7656208881474388
106,3.8999999999999995,1.3065326633165846,0.7669131110866608
107,3.8999999999999995,1.5075376884422127,0.7679016238921461
108,3.8999999999999995,1.7085427135678408,0.7684104441697377
109,3.8999999999999995,1.909547738693469,0.7682850430505076
110,3.8999999999999995,2.110552763819097,0.767430981305349
111,3.8999999999999995,2.311557788944725,0.7658657427709042
112,3.8999999999999995,2.5125628140703533,0.7637822080928289
113,3.8999999999999995,2.7135678391959814,0.7616269368692343
114,3.8999999999999995,2.9145728643216096,0.7601784802407122
115,3.8999999999999995,3.1155778894472377,0.7606337117832186
116,3.8999999999999995,3.316582914572866,0.7647083590462271
117,3.8999999999999995,3.517587939698494,0.7747508188947989
118,3.8999999999999995,3.718592964824122,0.7938031755216013
119,3.8999999999999995,3.91959798994975,0.8253954508509367
120,3.8999999999999995,4.120603015075378,0.8720975308770652
121,3.8999999999999995,4.321608040201006,0.9304290068438766
122,3.8999999999999995,4.5226130653266345,0.9788957417104244
123,3.8999999999999995,4.723618090452263,0.9660942057059492
124,3.8999999999999995,4.924623115577891,0.837015008815422
125,3.8999999999999995,5.125628140703519,0.615076305238249
126,3.8999999999999995,5.326633165829147,0.4059252521641461
127,3.8999999999999995,5.527638190954775,0.26750823643110266
128,3.8999999999999995,5.728643216080403,0.18346731987848156
129,3.8999999999999995,5.929648241206031,0.13016509831823456
130,3.8999999999999995,6.1306532663316595,0.09469960171048125
131,3.8999999999999995,6.331658291457288,0.07024916430190876
132,3.8999999999999995,6.532663316582916,0.05294686248460868
133,3.8999999999999995,6.733668341708544,0.04045607453110073
134,3.8999999999999995,6.934673366834172,0.03128653765034912
135,3.8999999999999995,7.1356783919598,0.024446572667380043
136,3.8999999999999995,7.336683417085428,0.01926250890067233
137,3.8999999999999995,7.537688442211056,0.015275577905320224
138,3.8999999999999995,7.7386934673366845,0.012175358208928188
139,3.8999999999999995,7.939698492462313,0.009747609045241966
140,3.8999999999999995,8.14070351758794,0.00783543453820579
141,3.8999999999999995,8.341708542713569,0.006185123234129519
142,3.8999999999999995,8.542713567839197,0.004225698407280601
143,3.8999999999999995,8.743718592964825,0.004012923682997644
144,3.8999999999999995,8.944723618090453,0.013410200180524915
145,3.8999999999999995,9.145728643216081,0.01877264858675656
146,3.8999999999999995,9.34673366834171,0.02516025945732906
147,3.8999999999999995,9.547738693467338,0.11060398879818188
148,3.8999999999999995,9.748743718592966,0.13512140061623487
149,3.8999999999999995,9.949748743718594,0.2178685701927895
150,3.8999999999999995,10.150753768844222,0.282183921513143
151,3.8999999999999995,10.35175879396985,0.33168453450631974
152,3.8999999999999995,10.552763819095478,0.3750292935405376
153,3.8999999999999995,10.753768844221106,0.41768228348115655
154,3.8999999999999995,10.954773869346734,0.4065468020460441
155,3.8999999999999995,11.155778894472363,0.4483143613152624
156,3.8999999999999995,11.35678391959799,0.41521758265179604
157,3.8999999999999995,11.557788944723619,0.41438371690729675
158,3.8999999999999995,11.758793969849247,0.40607844715986774
159,3.8999999999999995,11.959798994974875,0.3772252373568703
160,3.8999999999999995,12.160804020100507,0.3452962918118328
161,3.8999999999999995,12.361809045226131,0.34247130446128327
162,3.8999999999999995,12.562814070351763,0.3072782104257728
163,3.8999999999999995,12.763819095477388,0.26972861255609465
164,3.8999999999999995,12.96482412060302,0.25943743908693434
165,3.8999999999999995,13.165829145728644,0.24255182514971185
166,3.8999999999999995,13.366834170854275,0.20309544046771294
167,3.8999999999999995,13.5678391959799,0.1887392037162563
168,3.8999999999999995,13.768844221105532,0.17236315759192977
169,3.8999999999999995,13.969849246231156,0.13865226236153633
170,3.8999999999999995,14.170854271356788,0.18868248658333872
171,3.8999999999999995,14.371859296482413,0.08755607219812352
172,3.8999999999999995,14.572864321608044,0.08140247000927345
173,3.8999999999999995,14.773869346733669,0.22163012477157518
174,3.8999999999999995,14.9748743718593,0.11316170993977705
175,3.8999999999999995,15.175879396984925,0.0033794999465123587
176,3.8999999999999995,15.376884422110557,0.14778677579891963
177,3.8999999999999995,15.577889447236181,0.2920153643371588
178,3.8999999999999995,15.778894472361813,0.17598464659501142
179,3.8999999999999995,15.979899497487438,0.019466960200564775
180,3.8999999999999995,16.18090452261307,0.07055805822910587
181,3.8999999999999995,16.381909547738694,0.1922862123359426
182,3.8999999999999995,16.582914572864325,0.24824350642016135
183,3.8999999999999995,16.78391959798995,0.1313089508790152
184,3.8999999999999995,16.98492462311558,0.0318619663112381
185,3.8999999999999995,17.185929648241206,0.03406977036105323
186,3.8999999999999995,17.386934673366838,0.09747332061154773
187,3.8999999999999995,17.587939698492463,0.1614399833330857
188,3.8999999999999995,17.788944723618094,0.14168713878698028
189,3.8999999999999995,17.98994974874372,0.08876984272994522
190,3.8999999999999995,18.19095477386935,0.04496620956963924
191,3.8999999999999995,18.391959798994975,0.06277915411248694
192,3.8999999999999995,18.592964824120607,0.11142088959716821
193,3.8999999999999995,18.79396984924623,0.13397204394532417
194,3.8999999999999995,18.994974874371863,0.20433194889159295
195,3.8999999999999995,19.195979899497488,0.23753693057245695
196,3.8999999999999995,19.39698492462312,0.12135921317161992
197,3.8999999999999995,19.597989949748744,0.07695830427799438
198,3.8999999999999995,19.798994974874375,0.1702714972576506
199,3.8999999999999995,20.0,0.25347512719726034
