,t,height,fid
0,3.7499999999999996,-20.0,0.06952031594788162
1,3.7499999999999996,-19.798994974874372,0.0625712694474562
2,3.7499999999999996,-19.597989949748744,0.1355465753796989
3,3.7499999999999996,-19.396984924623116,0.15650479458433456
4,3.7499999999999996,-19.195979899497488,0.14068915896958206
5,3.7499999999999996,-18.99497487437186,0.16222578317797914
6,3.7499999999999996,-18.79396984924623,0.11524780185251847
7,3.7499999999999996,-18.592964824120603,0.060142677994772104
8,3.7499999999999996,-18.391959798994975,0.023379936721113586
9,3.7499999999999996,-18.190954773869347,0.05758840181071393
10,3.7499999999999996,-17.98994974874372,0.13209545926067387
11,3.7499999999999996,-17.78894472361809,0.14103000955622622
12,3.7499999999999996,-17.587939698492463,0.1528019487848794
13,3.7499999999999996,-17.386934673366834,0.08129913923757626
14,3.7499999999999996,-17.185929648241206,0.01149325117907389
15,3.7499999999999996,-16.984924623115578,0.10462029624809441
16,3.7499999999999996,-16.78391959798995,0.19799560176008044
17,3.7499999999999996,-16.582914572864322,0.257172981814511
18,3.7499999999999996,-16.381909547738694,0.16166006220841034
19,3.7499999999999996,-16.180904522613066,0.007043924757752368
20,3.7499999999999996,-15.979899497487438,0.07921931290783975
21,3.7499999999999996,-15.77889447236181,0.21681555194613986
22,3.7499999999999996,-15.577889447236181,0.20111995987430906
23,3.7499999999999996,-15.376884422110553,0.04402336934449043
24,3.7499999999999996,-15.175879396984925,0.07215190212269025
25,3.7499999999999996,-14.974874371859297,0.18560512325939724
26,3.7499999999999996,-14.773869346733669,0.12026990516628003
27,3.7499999999999996,-14.57286432160804,0.10044286921506661
28,3.7499999999999996,-14.371859296482413,0.18499123043988952
29,3.7499999999999996,-14.170854271356784,0.16201617913520083
30,3.7499999999999996,-13.969849246231156,0.17733090717157945
31,3.7499999999999996,-13.768844221105528,0.2115577085146715
32,3.7499999999999996,-13.5678391959799,0.22707646796161918
33,3.7499999999999996,-13.366834170854272,0.24609412766680325
34,3.7499999999999996,-13.165829145728644,0.2608233226340977
35,3.7499999999999996,-12.964824120603016,0.30526667732930785
36,3.7499999999999996,-12.763819095477388,0.32574929094928423
37,3.7499999999999996,-12.56281407035176,0.30773449655299445
38,3.7499999999999996,-12.361809045226131,0.3903325285836848
39,3.7499999999999996,-12.160804020100503,0.38838851302396976
40,3.7499999999999996,-11.959798994974873,0.3580129283949611
41,3.7499999999999996,-11.758793969849245,0.4563508999055331
42,3.7499999999999996,-11.557788944723617,0.3951363634131006
43,3.7499999999999996,-11.356783919597989,0.40340289857836026
44,3.7499999999999996,-11.15577889447236,0.43895502326147207
45,3.7499999999999996,-10.954773869346733,0.34302185214385644
46,3.7499999999999996,-10.753768844221105,0.385090426163657
47,3.7499999999999996,-10.552763819095476,0.28180031683737633
48,3.7499999999999996,-10.351758793969848,0.2696881154010723
49,3.7499999999999996,-10.15075376884422,0.17790047280650975
50,3.7499999999999996,-9.949748743718592,0.14729646780940847
51,3.7499999999999996,-9.748743718592964,0.060122832859646806
52,3.7499999999999996,-9.547738693467336,0.05544980066689971
53,3.7499999999999996,-9.346733668341708,0.00843986737767547
54,3.7499999999999996,-9.14572864321608,0.004236210085545991
55,3.7499999999999996,-8.944723618090451,0.006631541288499403
56,3.7499999999999996,-8.743718592964823,0.004061652925859872
57,3.7499999999999996,-8.542713567839195,0.004567108875225138
58,3.7499999999999996,-8.341708542713567,0.005903139972579605
59,3.7499999999999996,-8.140703517587939,0.007372239302664318
60,3.7499999999999996,-7.939698492462311,0.00927305491251916
61,3.7499999999999996,-7.738693467336683,0.011867345409272399
62,3.7499999999999996,-7.537688442211055,0.015459640839576209
63,3.7499999999999996,-7.3366834170854265,0.020404611017854356
64,3.7499999999999996,-7.135678391959798,0.027073983375807496
65,3.7499999999999996,-6.93467336683417,0.03587845173279611
66,3.7499999999999996,-6.733668341708542,0.047365658392117524
67,3.7499999999999996,-6.532663316582914,0.0623777096333393
68,3.7499999999999996,-6.331658291457286,0.08228766691065342
69,3.7499999999999996,-6.130653266331658,0.1093512212487244
70,3.7499999999999996,-5.92964824120603,0.14730973325270666
71,3.7499999999999996,-5.7286432160804015,0.2025642121079643
72,3.7499999999999996,-5.527638190954773,0.28642424076677064
73,3.7499999999999996,-5.326633165829145,0.4168154479172674
74,3.7499999999999996,-5.125628140703517,0.6021779166677564
75,3.7499999999999996,-4.924623115577889,0.7975036675911454
76,3.7499999999999996,-4.723618090452261,0.9224605860466806
77,3.7499999999999996,-4.522613065326633,0.9504042965075867
78,3.7499999999999996,-4.321608040201005,0.9178989033955418
79,3.7499999999999996,-4.1206030150753765,0.8682805883136695
80,3.7499999999999996,-3.9195979899497466,0.8241296096808249
81,3.7499999999999996,-3.7185929648241185,0.7917669048969549
82,3.7499999999999996,-3.5175879396984904,0.7705847443038206
83,3.7499999999999996,-3.3165829145728623,0.7581142432307302
84,3.7499999999999996,-3.115577889447234,0.7518487774124211
85,3.7499999999999996,-2.914572864321606,0.7497048040122093
86,3.7499999999999996,-2.713567839195978,0.750078515631552
87,3.7499999999999996,-2.5125628140703498,0.7517861593956827
88,3.7499999999999996,-2.3115577889447216,0.7539941051851002
89,3.7499999999999996,-2.1105527638190935,0.7561559317565606
90,3.7499999999999996,-1.9095477386934654,0.7579571889669718
91,3.7499999999999996,-1.7085427135678373,0.7592575947250829
92,3.7499999999999996,-1.5075376884422091,0.7600411869682223
93,3.7499999999999996,-1.306532663316581,0.7603751627104248
94,3.7499999999999996,-1.105527638190953,0.7603710237956858
95,3.7499999999999996,-0.9045226130653248,0.7601581196391362
96,3.7499999999999996,-0.7035175879396967,0.759865452342195
97,3.7499999999999996,-0.5025125628140685,0.7596068893126445
98,3.7499999999999996,-0.3015075376884404,0.7594753286334411
99,3.7499999999999996,-0.10050251256281229,0.7595375473497851
100,3.7499999999999996,0.10050251256281584,0.7598327401735018
101,3.7499999999999996,0.30150753768844396,0.7603707783978139
102,3.7499999999999996,0.5025125628140721,0.7611334338012824
103,3.7499999999999996,0.7035175879397002,0.762072157746289
104,3.7499999999999996,0.9045226130653283,0.7631116796957541
105,3.7499999999999996,1.1055276381909565,0.7641497964203643
106,3.7499999999999996,1.3065326633165846,0.7650663932953368
107,3.7499999999999996,1.5075376884422127,0.7657327508691901
108,3.7499999999999996,1.7085427135678408,0.7660256686180129
109,3.7499999999999996,1.909547738693469,0.7658618277917801
110,3.7499999999999996,2.110552763819097,0.7652267353937753
111,3.7499999999999996,2.311557788944725,0.7642268845470359
112,3.7499999999999996,2.5125628140703533,0.7631394783849746
113,3.7499999999999996,2.7135678391959814,0.7624823892980448
114,3.7499999999999996,2.9145728643216096,0.76307777029383
115,3.7499999999999996,3.1155778894472377,0.7661320541241858
116,3.7499999999999996,3.316582914572866,0.7733168915434777
117,3.7499999999999996,3.517587939698494,0.7868583418258999
118,3.7499999999999996,3.718592964824122,0.8095280864536964
119,3.7499999999999996,3.91959798994975,0.8442239214123433
120,3.7499999999999996,4.120603015075378,0.8921841233564775
121,3.7499999999999996,4.321608040201006,0.947667260158333
122,3.7499999999999996,4.5226130653266345,0.9873851106506738
123,3.7499999999999996,4.723618090452263,0.9637883182972817
124,3.7499999999999996,4.924623115577891,0.8335563737031659
125,3.7499999999999996,5.125628140703519,0.623289394548255
126,3.7499999999999996,5.326633165829147,0.42372845459463293
127,3.7499999999999996,5.527638190954775,0.28623525527934124
128,3.7499999999999996,5.728643216080403,0.1999205135796646
129,3.7499999999999996,5.929648241206031,0.14406106054966483
130,3.7499999999999996,6.1306532663316595,0.106290707911538
131,3.7499999999999996,6.331658291457288,0.0798281883120315
132,3.7499999999999996,6.532663316582916,0.06076083973780165
133,3.7499999999999996,6.733668341708544,0.046705221514925226
134,3.7499999999999996,6.934673366834172,0.036159837306224886
135,3.7499999999999996,7.1356783919598,0.028145882030682905
136,3.7499999999999996,7.336683417085428,0.0220092563955892
137,3.7499999999999996,7.537688442211056,0.017295698776544313
138,3.7499999999999996,7.7386934673366845,0.013669660401245533
139,3.7499999999999996,7.939698492462313,0.010872776904011046
140,3.7499999999999996,8.14070351758794,0.008701710517676967
141,3.7499999999999996,8.341708542713569,0.006958819406968553
142,3.7499999999999996,8.542713567839197,0.005387684087181573
143,3.7499999999999996,8.743718592964825,0.0048265322300347835
144,3.7499999999999996,8.944723618090453,0.007524571662577106
145,3.7499999999999996,9.145728643216081,0.0046433175026064175
146,3.7499999999999996,9.34673366834171,0.008937886892718117
147,3.7499999999999996,9.547738693467338,0.06020576680047401
148,3.7499999999999996,9.748743718592966,0.06545098797900485
149,3.7499999999999996,9.949748743718594,0.15320652156778206
150,3.7499999999999996,10.150753768844222,0.19133536544695745
151,3.7499999999999996,10.35175879396985,0.2749128970657582
152,3.7499999999999996,10.552763819095478,0.299135388446537
153,3.7499999999999996,10.753768844221106,0.3878788237965975
154,3.7499999999999996,10.954773869346734,0.35981730380057003
155,3.7499999999999996,11.155778894472363,0.4423617103446874
156,3.7499999999999996,11.35678391959799,0.4101030277752539
157,3.7499999999999996,11.557788944723619,0.40985149901937773
158,3.7499999999999996,11.758793969849247,0.4458588206993114
159,3.7499999999999996,11.959798994974875,0.3782725217034307
160,3.7499999999999996,12.160804020100507,0.38510613451075854
161,3.7499999999999996,12.361809045226131,0.38547711407613866
162,3.7499999999999996,12.562814070351763,0.32664050494249874
163,3.7499999999999996,12.763819095477388,0.3171333503776536
164,3.7499999999999996,12.96482412060302,0.30476288390659123
165,3.7499999999999996,13.165829145728644,0.2712648384499664
166,3.7499999999999996,13.366834170854275,0.24541640060471445
167,3.7499999999999996,13.5678391959799,0.22403121199647819
168,3.7499999999999996,13.768844221105532,0.2136378823551349
169,3.7499999999999996,13.969849246231156,0.18281204134098653
170,3.7499999999999996,14.170854271356788,0.16064081815918096
171,3.7499999999999996,14.371859296482413,0.18579286896071046
172,3.7499999999999996,14.572864321608044,0.09873150895669104
173,3.7499999999999996,14.773869346733669,0.12268976984945175
174,3.7499999999999996,14.9748743718593,0.19705418779888137
175,3.7499999999999996,15.175879396984925,0.07116511169405701
176,3.7499999999999996,15.376884422110557,0.03843633343960686
177,3.7499999999999996,15.577889447236181,0.20792769840783282
178,3.7499999999999996,15.778894472361813,0.23665938192428662
179,3.7499999999999996,15.979899497487438,0.08103901965561207
180,3.7499999999999996,16.18090452261307,0.009803246473256004
181,3.7499999999999996,16.381909547738694,0.15772682280837566
182,3.7499999999999996,16.582914572864325,0.2687651795385545
183,3.7499999999999996,16.78391959798995,0.21684807820447816
184,3.7499999999999996,16.98492462311558,0.10030531454262788
185,3.7499999999999996,17.185929648241206,0.016338810492639046
186,3.7499999999999996,17.386934673366838,0.07720565392489707
187,3.7499999999999996,17.587939698492463,0.15501813695988237
188,3.7499999999999996,17.788944723618094,0.15902311006206038
189,3.7499999999999996,17.98994974874372,0.13076787590139155
190,3.7499999999999996,18.19095477386935,0.05901934392143528
191,3.7499999999999996,18.391959798994975,0.027079501859394336
192,3.7499999999999996,18.592964824120607,0.060127527954605735
193,3.7499999999999996,18.79396984924623,0.11888043975392878
194,3.7499999999999996,18.994974874371863,0.16540900224409175
195,3.7499999999999996,19.195979899497488,0.14704376695440216
196,3.7499999999999996,19.39698492462312,0.1615444366480254
197,3.7499999999999996,19.597989949748744,0.13770833491870232
198,3.7499999999999996,19.798994974874375,0.06488870043291954
199,3.7499999999999996,20.0,0.07019574890829103
