,t,height,fid
0,3.6499999999999995,-20.0,0.07807060637945051
1,3.6499999999999995,-19.798994974874372,0.0807769772776037
2,3.6499999999999995,-19.597989949748744,0.1045188557093275
3,3.6499999999999995,-19.396984924623116,0.12746595370662422
4,3.6499999999999995,-19.195979899497488,0.16289581142843168
5,3.6499999999999995,-18.99497487437186,0.14230262551448192
6,3.6499999999999995,-18.79396984924623,0.0693630716631063
7,3.6499999999999995,-18.592964824120603,0.038484603558720624
8,3.6499999999999995,-18.391959798994975,0.025383827573002095
9,3.6499999999999995,-18.190954773869347,0.07269766083615489
10,3.6499999999999995,-17.98994974874372,0.1913987057611942
11,3.6499999999999995,-17.78894472361809,0.1880798328384374
12,3.6499999999999995,-17.587939698492463,0.11417363511597381
13,3.6499999999999995,-17.386934673366834,0.054383937916275674
14,3.6499999999999995,-17.185929648241206,0.019716203415894428
15,3.6499999999999995,-16.984924623115578,0.15450596817596082
16,3.6499999999999995,-16.78391959798995,0.28294872083479333
17,3.6499999999999995,-16.582914572864322,0.21780253029911614
18,3.6499999999999995,-16.381909547738694,0.07540470518214809
19,3.6499999999999995,-16.180904522613066,0.0022837431563648754
20,3.6499999999999995,-15.979899497487438,0.14407081173856925
21,3.6499999999999995,-15.77889447236181,0.23769067392238322
22,3.6499999999999995,-15.577889447236181,0.10218881278171145
23,3.6499999999999995,-15.376884422110553,0.03323766369704253
24,3.6499999999999995,-15.175879396984925,0.14880763187369112
25,3.6499999999999995,-14.974874371859297,0.17937402584909437
26,3.6499999999999995,-14.773869346733669,0.11102045194487148
27,3.6499999999999995,-14.57286432160804,0.15809551425734997
28,3.6499999999999995,-14.371859296482413,0.17348677988868144
29,3.6499999999999995,-14.170854271356784,0.18590107210805162
30,3.6499999999999995,-13.969849246231156,0.2266614131947903
31,3.6499999999999995,-13.768844221105528,0.23179448481352907
32,3.6499999999999995,-13.5678391959799,0.23148954939228247
33,3.6499999999999995,-13.366834170854272,0.28154826217455037
34,3.6499999999999995,-13.165829145728644,0.31499159872614213
35,3.6499999999999995,-12.964824120603016,0.2976324782088766
36,3.6499999999999995,-12.763819095477388,0.3450984651720221
37,3.6499999999999995,-12.56281407035176,0.3681399119848826
38,3.6499999999999995,-12.361809045226131,0.3673603832119301
39,3.6499999999999995,-12.160804020100503,0.4097962597884295
40,3.6499999999999995,-11.959798994974873,0.3889083384813298
41,3.6499999999999995,-11.758793969849245,0.4191161817992677
42,3.6499999999999995,-11.557788944723617,0.4201087111970963
43,3.6499999999999995,-11.356783919597989,0.37200073760370034
44,3.6499999999999995,-11.15577889447236,0.4158825929325716
45,3.6499999999999995,-10.954773869346733,0.31741030263888176
46,3.6499999999999995,-10.753768844221105,0.33194074281646385
47,3.6499999999999995,-10.552763819095476,0.24387694480606698
48,3.6499999999999995,-10.351758793969848,0.21069102420284125
49,3.6499999999999995,-10.15075376884422,0.132492993199996
50,3.6499999999999995,-9.949748743718592,0.10464045696606038
51,3.6499999999999995,-9.748743718592964,0.029548120700397515
52,3.6499999999999995,-9.547738693467336,0.03798607207949549
53,3.6499999999999995,-9.346733668341708,0.004230265797023195
54,3.6499999999999995,-9.14572864321608,0.0036747686654778344
55,3.6499999999999995,-8.944723618090451,0.007765714216761301
56,3.6499999999999995,-8.743718592964823,0.007082489332553265
57,3.6499999999999995,-8.542713567839195,0.008220524211177811
58,3.6499999999999995,-8.341708542713567,0.010007198012092869
59,3.6499999999999995,-8.140703517587939,0.011955364360373599
60,3.6499999999999995,-7.939698492462311,0.014147750114965664
61,3.6499999999999995,-7.738693467336683,0.016671732469649612
62,3.6499999999999995,-7.537688442211055,0.01972446645080358
63,3.6499999999999995,-7.3366834170854265,0.023662802956059225
64,3.6499999999999995,-7.135678391959798,0.028996762370212953
65,3.6499999999999995,-6.93467336683417,0.03636872653611445
66,3.6499999999999995,-6.733668341708542,0.046578651296861937
67,3.6499999999999995,-6.532663316582914,0.06068045475215911
68,3.6499999999999995,-6.331658291457286,0.08018131314094323
69,3.6499999999999995,-6.130653266331658,0.1074000601009615
70,3.6499999999999995,-5.92964824120603,0.14607442518374117
71,3.6499999999999995,-5.7286432160804015,0.20251395656516938
72,3.6499999999999995,-5.527638190954773,0.2876277836500844
73,3.6499999999999995,-5.326633165829145,0.4178314401378546
74,3.6499999999999995,-5.125628140703517,0.5996049811208227
75,3.6499999999999995,-4.924623115577889,0.7920414541249231
76,3.6499999999999995,-4.723618090452261,0.9220007537703495
77,3.6499999999999995,-4.522613065326633,0.9604903694457502
78,3.6499999999999995,-4.321608040201005,0.9367938219339876
79,3.6499999999999995,-4.1206030150753765,0.8913022697248602
80,3.6499999999999995,-3.9195979899497466,0.8475541476725357
81,3.6499999999999995,-3.7185929648241185,0.8135093599191261
82,3.6499999999999995,-3.5175879396984904,0.7896853463809163
83,3.6499999999999995,-3.3165829145728623,0.774216199941628
84,3.6499999999999995,-3.115577889447234,0.7649027365827415
85,3.6499999999999995,-2.914572864321606,0.7598520724578222
86,3.6499999999999995,-2.713567839195978,0.7575757846010589
87,3.6499999999999995,-2.5125628140703498,0.7569719535348413
88,3.6499999999999995,-2.3115577889447216,0.7572567051516628
89,3.6499999999999995,-2.1105527638190935,0.7579025177470645
90,3.6499999999999995,-1.9095477386934654,0.7585818720493949
91,3.6499999999999995,-1.7085427135678373,0.7591194477565155
92,3.6499999999999995,-1.5075376884422091,0.7594489764135451
93,3.6499999999999995,-1.306532663316581,0.7595746949820081
94,3.6499999999999995,-1.105527638190953,0.7595463428172994
95,3.6499999999999995,-0.9045226130653248,0.7594331418986818
96,3.6499999999999995,-0.7035175879396967,0.7593099859926337
97,3.6499999999999995,-0.5025125628140685,0.7592460889454511
98,3.6499999999999995,-0.3015075376884404,0.7592955243068538
99,3.6499999999999995,-0.10050251256281229,0.7594939005106669
100,3.6499999999999995,0.10050251256281584,0.759856337221921
101,3.6499999999999995,0.30150753768844396,0.7603751828078715
102,3.6499999999999995,0.5025125628140721,0.761019227055587
103,3.6499999999999995,0.7035175879397002,0.7617353772909721
104,3.6499999999999995,0.9045226130653283,0.7624495442807715
105,3.6499999999999995,1.1055276381909565,0.7630749619451788
106,3.6499999999999995,1.3065326633165846,0.7635140074170292
107,3.6499999999999995,1.5075376884422127,0.7636767741408153
108,3.6499999999999995,1.7085427135678408,0.7634977668453317
109,3.6499999999999995,1.909547738693469,0.7629623957130945
110,3.6499999999999995,2.110552763819097,0.7621378278241459
111,3.6499999999999995,2.311557788944725,0.7612152454063293
112,3.6499999999999995,2.5125628140703533,0.7605571098975303
113,3.6499999999999995,2.7135678391959814,0.7607456972850679
114,3.6499999999999995,2.9145728643216096,0.7626453271795824
115,3.6499999999999995,3.1155778894472377,0.7674669767141918
116,3.6499999999999995,3.316582914572866,0.7768437248606436
117,3.6499999999999995,3.517587939698494,0.7928867414556034
118,3.6499999999999995,3.718592964824122,0.8181285579532988
119,3.6499999999999995,3.91959798994975,0.8549730859308035
120,3.6499999999999995,4.120603015075378,0.903693972182956
121,3.6499999999999995,4.321608040201006,0.9570998426308749
122,3.6499999999999995,4.5226130653266345,0.9911315255163583
123,3.6499999999999995,4.723618090452263,0.9612508506431092
124,3.6499999999999995,4.924623115577891,0.8311832408288371
125,3.6499999999999995,5.125628140703519,0.6285723481511505
126,3.6499999999999995,5.326633165829147,0.4351246015949639
127,3.6499999999999995,5.527638190954775,0.2982321505176931
128,3.6499999999999995,5.728643216080403,0.21025418492167663
129,3.6499999999999995,5.929648241206031,0.15250066610943203
130,3.6499999999999995,6.1306532663316595,0.11306918382151189
131,3.6499999999999995,6.331658291457288,0.08526551998725303
132,3.6499999999999995,6.532663316582916,0.06517008878010966
133,3.6499999999999995,6.733668341708544,0.050374703234536654
134,3.6499999999999995,6.934673366834172,0.039333146842382836
135,3.6499999999999995,7.1356783919598,0.031012437948252907
136,3.6499999999999995,7.336683417085428,0.024691334857966818
137,3.6499999999999995,7.537688442211056,0.019844287136702304
138,3.6499999999999995,7.7386934673366845,0.01607903269291486
139,3.6499999999999995,7.939698492462313,0.013108760965732158
140,3.6499999999999995,8.14070351758794,0.010726299939089539
141,3.6499999999999995,8.341708542713569,0.008775985017481178
142,3.6499999999999995,8.542713567839197,0.007106488764017186
143,3.6499999999999995,8.743718592964825,0.006158035920174713
144,3.6499999999999995,8.944723618090453,0.006781033626726299
145,3.6499999999999995,9.145728643216081,0.002716507537193057
146,3.6499999999999995,9.34673366834171,0.005114927713841094
147,3.6499999999999995,9.547738693467338,0.03818852824223979
148,3.6499999999999995,9.748743718592966,0.03279788924005463
149,3.6499999999999995,9.949748743718594,0.1112684663680823
150,3.6499999999999995,10.150753768844222,0.13822139241699397
151,3.6499999999999995,10.35175879396985,0.22313009080415852
152,3.6499999999999995,10.552763819095478,0.251376706869422
153,3.6499999999999995,10.753768844221106,0.3444348901957935
154,3.6499999999999995,10.954773869346734,0.3285657352923449
155,3.6499999999999995,11.155778894472363,0.4201523370907774
156,3.6499999999999995,11.35678391959799,0.39084990640226736
157,3.6499999999999995,11.557788944723619,0.41524924093531956
158,3.6499999999999995,11.758793969849247,0.43494896889084433
159,3.6499999999999995,11.959798994974875,0.3960406037129483
160,3.6499999999999995,12.160804020100507,0.4016378428383137
161,3.6499999999999995,12.361809045226131,0.38875858453283735
162,3.6499999999999995,12.562814070351763,0.36462600329042616
163,3.6499999999999995,12.763819095477388,0.33838943575365993
164,3.6499999999999995,12.96482412060302,0.3166284138451966
165,3.6499999999999995,13.165829145728644,0.3105551507368407
166,3.6499999999999995,13.366834170854275,0.2752474097947136
167,3.6499999999999995,13.5678391959799,0.2414048944495779
168,3.6499999999999995,13.768844221105532,0.23410751665404161
169,3.6499999999999995,13.969849246231156,0.22455242705402217
170,3.6499999999999995,14.170854271356788,0.18353494346195884
171,3.6499999999999995,14.371859296482413,0.17695154720647893
172,3.6499999999999995,14.572864321608044,0.16479523867089393
173,3.6499999999999995,14.773869346733669,0.10622628658346543
174,3.6499999999999995,14.9748743718593,0.17895658406699175
175,3.6499999999999995,15.175879396984925,0.15608781016321482
176,3.6499999999999995,15.376884422110557,0.03254345139419999
177,3.6499999999999995,15.577889447236181,0.10618997656044496
178,3.6499999999999995,15.778894472361813,0.24558185966942528
179,3.6499999999999995,15.979899497487438,0.1497518925223415
180,3.6499999999999995,16.18090452261307,0.004129133989975747
181,3.6499999999999995,16.381909547738694,0.07696101070249671
182,3.6499999999999995,16.582914572864325,0.23554526134675144
183,3.6499999999999995,16.78391959798995,0.2870378304733221
184,3.6499999999999995,16.98492462311558,0.156179215050889
185,3.6499999999999995,17.185929648241206,0.026269826103694226
186,3.6499999999999995,17.386934673366838,0.05119194069345909
187,3.6499999999999995,17.587939698492463,0.12868944843289548
188,3.6499999999999995,17.788944723618094,0.19630858717249244
189,3.6499999999999995,17.98994974874372,0.1835126576439822
190,3.6499999999999995,18.19095477386935,0.08099519504652601
191,3.6499999999999995,18.391959798994975,0.028061369166386668
192,3.6499999999999995,18.592964824120607,0.03766398528816635
193,3.6499999999999995,18.79396984924623,0.0783125119789956
194,3.6499999999999995,18.994974874371863,0.14263858120510997
195,3.6499999999999995,19.195979899497488,0.16628693872174885
196,3.6499999999999995,19.39698492462312,0.13143285856078987
197,3.6499999999999995,19.597989949748744,0.1067314335435677
198,3.6499999999999995,19.798994974874375,0.08989548755834668
199,3.6499999999999995,20.0,0.07691114327346145
