,t,height,fid
0,3.5999999999999996,-20.0,0.07947699723045244
1,3.5999999999999996,-19.798994974874372,0.07240421295604688
2,3.5999999999999996,-19.597989949748744,0.09486562824046677
3,3.5999999999999996,-19.396984924623116,0.12487895995111598
4,3.5999999999999996,-19.195979899497488,0.1588891632150655
5,3.5999999999999996,-18.99497487437186,0.14253400352773332
6,3.5999999999999996,-18.79396984924623,0.05579902466993541
7,3.5999999999999996,-18.592964824120603,0.026580806017645238
8,3.5999999999999996,-18.391959798994975,0.03741925711165085
9,3.5999999999999996,-18.190954773869347,0.08525355495058395
10,3.5999999999999996,-17.98994974874372,0.20828032369609772
11,3.5999999999999996,-17.78894472361809,0.21641376604923238
12,3.5999999999999996,-17.587939698492463,0.10348919541465257
13,3.5999999999999996,-17.386934673366834,0.035095754354705674
14,3.5999999999999996,-17.185929648241206,0.03459837402617074
15,3.5999999999999996,-16.984924623115578,0.1719470885151666
16,3.5999999999999996,-16.78391959798995,0.30111353883029446
17,3.5999999999999996,-16.582914572864322,0.1990299401387103
18,3.5999999999999996,-16.381909547738694,0.035191376889344234
19,3.5999999999999996,-16.180904522613066,0.016933512690126735
20,3.5999999999999996,-15.979899497487438,0.16878139865332042
21,3.5999999999999996,-15.77889447236181,0.2178807738676105
22,3.5999999999999996,-15.577889447236181,0.07327409459620549
23,3.5999999999999996,-15.376884422110553,0.06535076840661072
24,3.5999999999999996,-15.175879396984925,0.16844242291560504
25,3.5999999999999996,-14.974874371859297,0.15203850781223086
26,3.5999999999999996,-14.773869346733669,0.13518114141108944
27,3.5999999999999996,-14.57286432160804,0.1849629636485667
28,3.5999999999999996,-14.371859296482413,0.17242440598691963
29,3.5999999999999996,-14.170854271356784,0.19361567783518643
30,3.5999999999999996,-13.969849246231156,0.2385999287454182
31,3.5999999999999996,-13.768844221105528,0.2611732758606963
32,3.5999999999999996,-13.5678391959799,0.24022023940035175
33,3.5999999999999996,-13.366834170854272,0.2764206403949088
34,3.5999999999999996,-13.165829145728644,0.34607732860427104
35,3.5999999999999996,-12.964824120603016,0.31881909066185704
36,3.5999999999999996,-12.763819095477388,0.3292432939921802
37,3.5999999999999996,-12.56281407035176,0.39395164819246103
38,3.5999999999999996,-12.361809045226131,0.3837716783912896
39,3.5999999999999996,-12.160804020100503,0.39007961104199623
40,3.5999999999999996,-11.959798994974873,0.409971903945182
41,3.5999999999999996,-11.758793969849245,0.412192471182031
42,3.5999999999999996,-11.557788944723617,0.4037941262145222
43,3.5999999999999996,-11.356783919597989,0.3762543841712805
44,3.5999999999999996,-11.15577889447236,0.3848408012939637
45,3.5999999999999996,-10.954773869346733,0.30760988832299635
46,3.5999999999999996,-10.753768844221105,0.30113824884098794
47,3.5999999999999996,-10.552763819095476,0.2208162335202582
48,3.5999999999999996,-10.351758793969848,0.18205610053379198
49,3.5999999999999996,-10.15075376884422,0.11039583741104765
50,3.5999999999999996,-9.949748743718592,0.0828330200316924
51,3.5999999999999996,-9.748743718592964,0.020886739027597422
52,3.5999999999999996,-9.547738693467336,0.027605266186324567
53,3.5999999999999996,-9.346733668341708,0.0032255972495998466
54,3.5999999999999996,-9.14572864321608,0.003382567270783451
55,3.5999999999999996,-8.944723618090451,0.00689846804026739
56,3.5999999999999996,-8.743718592964823,0.00705156374731333
57,3.5999999999999996,-8.542713567839195,0.008640553617944588
58,3.5999999999999996,-8.341708542713567,0.01090030911935626
59,3.5999999999999996,-8.140703517587939,0.01354845377717818
60,3.5999999999999996,-7.939698492462311,0.01662612811563039
61,3.5999999999999996,-7.738693467336683,0.02014026537209414
62,3.5999999999999996,-7.537688442211055,0.02417125020710676
63,3.5999999999999996,-7.3366834170854265,0.028953741169782055
64,3.5999999999999996,-7.135678391959798,0.034906929894768
65,3.5999999999999996,-6.93467336683417,0.042639836191429095
66,3.5999999999999996,-6.733668341708542,0.052974354563103
67,3.5999999999999996,-6.532663316582914,0.06702020724290988
68,3.5999999999999996,-6.331658291457286,0.08635504422121654
69,3.5999999999999996,-6.130653266331658,0.11334479069293386
70,3.5999999999999996,-5.92964824120603,0.15173904262684482
71,3.5999999999999996,-5.7286432160804015,0.20776117949498707
72,3.5999999999999996,-5.527638190954773,0.29197580561968206
73,3.5999999999999996,-5.326633165829145,0.41972731631538174
74,3.5999999999999996,-5.125628140703517,0.596146431908613
75,3.5999999999999996,-4.924623115577889,0.7825190510389557
76,3.5999999999999996,-4.723618090452261,0.9106669916212782
77,3.5999999999999996,-4.522613065326633,0.9520774929263777
78,3.5999999999999996,-4.321608040201005,0.932585962284227
79,3.5999999999999996,-4.1206030150753765,0.89025305786895
80,3.5999999999999996,-3.9195979899497466,0.848310872951655
81,3.5999999999999996,-3.7185929648241185,0.8151696826944138
82,3.5999999999999996,-3.5175879396984904,0.7917721991862046
83,3.5999999999999996,-3.3165829145728623,0.7765039165657897
84,3.5999999999999996,-3.115577889447234,0.7672840461183358
85,3.5999999999999996,-2.914572864321606,0.7622717523807742
86,3.5999999999999996,-2.713567839195978,0.7599991429087231
87,3.5999999999999996,-2.5125628140703498,0.7593667011541189
88,3.5999999999999996,-2.3115577889447216,0.7595911426485614
89,3.5999999999999996,-2.1105527638190935,0.7601429321278407
90,3.5999999999999996,-1.9095477386934654,0.7606982427224835
91,3.5999999999999996,-1.7085427135678373,0.76108464796029
92,3.5999999999999996,-1.5075376884422091,0.7612382244362325
93,3.5999999999999996,-1.306532663316581,0.7611695703957867
94,3.5999999999999996,-1.105527638190953,0.7609306028695945
95,3.5999999999999996,-0.9045226130653248,0.7605928512110278
96,3.5999999999999996,-0.7035175879396967,0.760233191605295
97,3.5999999999999996,-0.5025125628140685,0.7599201148609225
98,3.5999999999999996,-0.3015075376884404,0.7597084174909947
99,3.5999999999999996,-0.10050251256281229,0.759634490804049
100,3.5999999999999996,0.10050251256281584,0.7597132049828498
101,3.5999999999999996,0.30150753768844396,0.7599387428832043
102,3.5999999999999996,0.5025125628140721,0.7602837312999283
103,3.5999999999999996,0.7035175879397002,0.7607010871058543
104,3.5999999999999996,0.9045226130653283,0.7611284382828994
105,3.5999999999999996,1.1055276381909565,0.7614908119173954
106,3.5999999999999996,1.3065326633165846,0.7617112024341488
107,3.5999999999999996,1.5075376884422127,0.7617226793126735
108,3.5999999999999996,1.7085427135678408,0.7614868101150946
109,3.5999999999999996,1.909547738693469,0.7610165074257987
110,3.5999999999999996,2.110552763819097,0.7604078561816899
111,3.5999999999999996,2.311557788944725,0.7598765971167593
112,3.5999999999999996,2.5125628140703533,0.759799051579714
113,3.5999999999999996,2.7135678391959814,0.7607661557387538
114,3.5999999999999996,2.9145728643216096,0.7636334133411535
115,3.5999999999999996,3.1155778894472377,0.7695918395520452
116,3.5999999999999996,3.316582914572866,0.7802312823431324
117,3.5999999999999996,3.517587939698494,0.7975927505360522
118,3.5999999999999996,3.718592964824122,0.8240693615721354
119,3.5999999999999996,3.91959798994975,0.8617961182300756
120,3.5999999999999996,4.120603015075378,0.9105492539496581
121,3.5999999999999996,4.321608040201006,0.9624486081761174
122,3.5999999999999996,4.5226130653266345,0.9932110340421615
123,3.5999999999999996,4.723618090452263,0.9600094866198322
124,3.5999999999999996,4.924623115577891,0.830009975088483
125,3.5999999999999996,5.125628140703519,0.6311911344674571
126,3.5999999999999996,5.326633165829147,0.44091316341074516
127,3.5999999999999996,5.527638190954775,0.3045731915532478
128,3.5999999999999996,5.728643216080403,0.21598307581545367
129,3.5999999999999996,5.929648241206031,0.15745578647346004
130,3.5999999999999996,6.1306532663316595,0.11734380278899832
131,3.5999999999999996,6.331658291457288,0.08899227644452701
132,3.5999999999999996,6.532663316582916,0.0684620760555219
133,3.5999999999999996,6.733668341708544,0.053319098804317185
134,3.5999999999999996,6.934673366834172,0.041982622999546464
135,3.5999999999999996,7.1356783919598,0.033386987515364175
136,3.5999999999999996,7.336683417085428,0.02678655459971156
137,3.5999999999999996,7.537688442211056,0.021641710933383223
138,3.5999999999999996,7.7386934673366845,0.017566417196430904
139,3.5999999999999996,7.939698492462313,0.014287205714801049
140,3.5999999999999996,8.14070351758794,0.011620787583396228
141,3.5999999999999996,8.341708542713569,0.00943460650870536
142,3.5999999999999996,8.542713567839197,0.007607315686517949
143,3.5999999999999996,8.743718592964825,0.006415645925218925
144,3.5999999999999996,8.944723618090453,0.0063239946802666645
145,3.5999999999999996,9.145728643216081,0.0025767613200701712
146,3.5999999999999996,9.34673366834171,0.004462674315649857
147,3.5999999999999996,9.547738693467338,0.0286153186322666
148,3.5999999999999996,9.748743718592966,0.02181056612853894
149,3.5999999999999996,9.949748743718594,0.09155339731956132
150,3.5999999999999996,10.150753768844222,0.11306427304230873
151,3.5999999999999996,10.35175879396985,0.1971875566573904
152,3.5999999999999996,10.552763819095478,0.2249143782241706
153,3.5999999999999996,10.753768844221106,0.3192414324222816
154,3.5999999999999996,10.954773869346734,0.31202059466123355
155,3.5999999999999996,11.155778894472363,0.3992442278314129
156,3.5999999999999996,11.35678391959799,0.38682541737933546
157,3.5999999999999996,11.557788944723619,0.4045878371735146
158,3.5999999999999996,11.758793969849247,0.4323831685958573
159,3.5999999999999996,11.959798994974875,0.4056516514298317
160,3.5999999999999996,12.160804020100507,0.396266843257631
161,3.5999999999999996,12.361809045226131,0.40094329426339553
162,3.5999999999999996,12.562814070351763,0.38111448426333966
163,3.5999999999999996,12.763819095477388,0.3376492565066867
164,3.5999999999999996,12.96482412060302,0.33298680168232564
165,3.5999999999999996,13.165829145728644,0.3319054798935017
166,3.5999999999999996,13.366834170854275,0.28023605349334274
167,3.5999999999999996,13.5678391959799,0.2522409236978277
168,3.5999999999999996,13.768844221105532,0.2553914198519107
169,3.5999999999999996,13.969849246231156,0.23604033233784408
170,3.5999999999999996,14.170854271356788,0.1978182748590646
171,3.5999999999999996,14.371859296482413,0.17536760534693155
172,3.5999999999999996,14.572864321608044,0.1880996360782446
173,3.5999999999999996,14.773869346733669,0.12986374491627947
174,3.5999999999999996,14.9748743718593,0.15053418408262537
175,3.5999999999999996,15.175879396984925,0.17970819642878255
176,3.5999999999999996,15.376884422110557,0.06628911687440243
177,3.5999999999999996,15.577889447236181,0.07045786554611741
178,3.5999999999999996,15.778894472361813,0.2213207701775176
179,3.5999999999999996,15.979899497487438,0.18034981171468198
180,3.5999999999999996,16.18090452261307,0.02065369423306664
181,3.5999999999999996,16.381909547738694,0.03796417633360997
182,3.5999999999999996,16.582914572864325,0.2093409332182008
183,3.5999999999999996,16.78391959798995,0.3025538375567841
184,3.5999999999999996,16.98492462311558,0.181970083958311
185,3.5999999999999996,17.185929648241206,0.04103517117373264
186,3.5999999999999996,17.386934673366838,0.03503139248165058
187,3.5999999999999996,17.587939698492463,0.11745965715475187
188,3.5999999999999996,17.788944723618094,0.21607911002423205
189,3.5999999999999996,17.98994974874372,0.20449889988717196
190,3.5999999999999996,18.19095477386935,0.09875868356427284
191,3.5999999999999996,18.391959798994975,0.03848241167324643
192,3.5999999999999996,18.592964824120607,0.02711814789294062
193,3.5999999999999996,18.79396984924623,0.06412288542578175
194,3.5999999999999996,18.994974874371863,0.13823735648579652
195,3.5999999999999996,19.195979899497488,0.16086527377319376
196,3.5999999999999996,19.39698492462312,0.13487097865504807
197,3.5999999999999996,19.597989949748744,0.09644631126404418
198,3.5999999999999996,19.798994974874375,0.07706722991234903
199,3.5999999999999996,20.0,0.08181130037694155
