,t,height,fid
0,3.9499999999999993,-20.0,0.255984574666786
1,3.9499999999999993,-19.798994974874372,0.21547066990578956
2,3.9499999999999993,-19.597989949748744,0.11738980516448712
3,3.9499999999999993,-19.396984924623116,0.1021593473233304
4,3.9499999999999993,-19.195979899497488,0.2106091635125072
5,3.9499999999999993,-18.99497487437186,0.23380603441765133
6,3.9499999999999993,-18.79396984924623,0.14598840835348553
7,3.9499999999999993,-18.592964824120603,0.11414284989371765
8,3.9499999999999993,-18.391959798994975,0.08321703154088693
9,3.9499999999999993,-18.190954773869347,0.044598336026518436
10,3.9499999999999993,-17.98994974874372,0.08432515967366158
11,3.9499999999999993,-17.78894472361809,0.1324157957783119
12,3.9499999999999993,-17.587939698492463,0.15238389196625615
13,3.9499999999999993,-17.386934673366834,0.10194760353177565
14,3.9499999999999993,-17.185929648241206,0.04521031034464128
15,3.9499999999999993,-16.984924623115578,0.018073153814603577
16,3.9499999999999993,-16.78391959798995,0.11012018220879542
17,3.9499999999999993,-16.582914572864322,0.21690226384640166
18,3.9499999999999993,-16.381909547738694,0.17163917912389795
19,3.9499999999999993,-16.180904522613066,0.09938680803178346
20,3.9499999999999993,-15.979899497487438,0.009267012064052138
21,3.9499999999999993,-15.77889447236181,0.1540550678117625
22,3.9499999999999993,-15.577889447236181,0.2649421465068508
23,3.9499999999999993,-15.376884422110553,0.18158065634178097
24,3.9499999999999993,-15.175879396984925,0.021147056861898675
25,3.9499999999999993,-14.974874371859297,0.07713302418226341
26,3.9499999999999993,-14.773869346733669,0.2159540586085363
27,3.9499999999999993,-14.57286432160804,0.10764531863322375
28,3.9499999999999993,-14.371859296482413,0.05606343205799166
29,3.9499999999999993,-14.170854271356784,0.18174076253504945
30,3.9499999999999993,-13.969849246231156,0.14631487016631936
31,3.9499999999999993,-13.768844221105528,0.13675840035387002
32,3.9499999999999993,-13.5678391959799,0.18683218383961037
33,3.9499999999999993,-13.366834170854272,0.19462647808858646
34,3.9499999999999993,-13.165829145728644,0.22502908016968037
35,3.9499999999999993,-12.964824120603016,0.23786071911517534
36,3.9499999999999993,-12.763819095477388,0.2628580856410739
37,3.9499999999999993,-12.56281407035176,0.29601427194068736
38,3.9499999999999993,-12.361809045226131,0.3137174289790238
39,3.9499999999999993,-12.160804020100503,0.34108156451645855
40,3.9499999999999993,-11.959798994974873,0.36824059545779714
41,3.9499999999999993,-11.758793969849245,0.3750066954624214
42,3.9499999999999993,-11.557788944723617,0.4291778870508179
43,3.9499999999999993,-11.356783919597989,0.38560327667270333
44,3.9499999999999993,-11.15577889447236,0.458026928746869
45,3.9499999999999993,-10.954773869346733,0.39874429098986136
46,3.9499999999999993,-10.753768844221105,0.4218061502057029
47,3.9499999999999993,-10.552763819095476,0.3829663564514804
48,3.9499999999999993,-10.351758793969848,0.34116799768742684
49,3.9499999999999993,-10.15075376884422,0.2964905785404445
50,3.9499999999999993,-9.949748743718592,0.23554985373133078
51,3.9499999999999993,-9.748743718592964,0.14833870358779805
52,3.9499999999999993,-9.547738693467336,0.12811659757670096
53,3.9499999999999993,-9.346733668341708,0.031276500404502285
54,3.9499999999999993,-9.14572864321608,0.025033779336185762
55,3.9499999999999993,-8.944723618090451,0.01623835091274816
56,3.9499999999999993,-8.743718592964823,0.003655324938617076
57,3.9499999999999993,-8.542713567839195,0.0037109449743922603
58,3.9499999999999993,-8.341708542713567,0.005746114156257269
59,3.9499999999999993,-8.140703517587939,0.0071725812298711646
60,3.9499999999999993,-7.939698492462311,0.00873997960389394
61,3.9499999999999993,-7.738693467336683,0.010712155992549648
62,3.9499999999999993,-7.537688442211055,0.013208743770186156
63,3.9499999999999993,-7.3366834170854265,0.016420642089395157
64,3.9499999999999993,-7.135678391959798,0.02067833465038931
65,3.9499999999999993,-6.93467336683417,0.02651330337838248
66,3.9499999999999993,-6.733668341708542,0.03471895714689909
67,3.9499999999999993,-6.532663316582914,0.04640743419184172
68,3.9499999999999993,-6.331658291457286,0.06312123069364685
69,3.9499999999999993,-6.130653266331658,0.08714191771448107
70,3.9499999999999993,-5.92964824120603,0.12214634301390825
71,3.9499999999999993,-5.7286432160804015,0.1745689727451569
72,3.9499999999999993,-5.527638190954773,0.25643667317187435
73,3.9499999999999993,-5.326633165829145,0.3894136783296765
74,3.9499999999999993,-5.125628140703517,0.5890981772748145
75,3.9499999999999993,-4.924623115577889,0.8033173582678491
76,3.9499999999999993,-4.723618090452261,0.9321301155854275
77,3.9499999999999993,-4.522613065326633,0.9501855946746628
78,3.9499999999999993,-4.321608040201005,0.9080446518222183
79,3.9499999999999993,-4.1206030150753765,0.8548509143570734
80,3.9499999999999993,-3.9195979899497466,0.8117842291749009
81,3.9499999999999993,-3.7185929648241185,0.7826583740583686
82,3.9499999999999993,-3.5175879396984904,0.7652711939957433
83,3.9499999999999993,-3.3165829145728623,0.7563641181895511
84,3.9499999999999993,-3.115577889447234,0.7530599275952284
85,3.9499999999999993,-2.914572864321606,0.7531288914233868
86,3.9499999999999993,-2.713567839195978,0.7549374093415989
87,3.9499999999999993,-2.5125628140703498,0.757354415481855
88,3.9499999999999993,-2.3115577889447216,0.759659552516751
89,3.9499999999999993,-2.1105527638190935,0.7614519864804142
90,3.9499999999999993,-1.9095477386934654,0.7625719486882607
91,3.9499999999999993,-1.7085427135678373,0.7630233469342783
92,3.9499999999999993,-1.5075376884422091,0.7629128733620072
93,3.9499999999999993,-1.306532663316581,0.76239742882361
94,3.9499999999999993,-1.105527638190953,0.7616507214912602
95,3.9499999999999993,-0.9045226130653248,0.7608392470914748
96,3.9499999999999993,-0.7035175879396967,0.7601094452987688
97,3.9499999999999993,-0.5025125628140685,0.7595805082894774
98,3.9499999999999993,-0.3015075376884404,0.7593423356557937
99,3.9499999999999993,-0.10050251256281229,0.7594555905251541
100,3.9499999999999993,0.10050251256281584,0.7599509214655578
101,3.9499999999999993,0.30150753768844396,0.760828996381738
102,3.9499999999999993,0.5025125628140721,0.7620610041623359
103,3.9499999999999993,0.7035175879397002,0.7635847439800171
104,3.9499999999999993,0.9045226130653283,0.7653039703504438
105,3.9499999999999993,1.1055276381909565,0.7670879650380938
106,3.9499999999999993,1.3065326633165846,0.7687686510889614
107,3.9499999999999993,1.5075376884422127,0.7701529859277669
108,3.9499999999999993,1.7085427135678408,0.7710332742249497
109,3.9499999999999993,1.909547738693469,0.7712144416072763
110,3.9499999999999993,2.110552763819097,0.7705523917374267
111,3.9499999999999993,2.311557788944725,0.7690114862427974
112,3.9499999999999993,2.5125628140703533,0.7667373753114558
113,3.9499999999999993,2.7135678391959814,0.7641310537704111
114,3.9499999999999993,2.9145728643216096,0.7619486481823768
115,3.9499999999999993,3.1155778894472377,0.7613829234295882
116,3.9499999999999993,3.316582914572866,0.7641734277056024
117,3.9499999999999993,3.517587939698494,0.7727193003623624
118,3.9499999999999993,3.718592964824122,0.7901594927365544
119,3.9499999999999993,3.91959798994975,0.8202248384754091
120,3.9499999999999993,4.120603015075378,0.8659115151635963
121,3.9499999999999993,4.321608040201006,0.9245364988673515
122,3.9499999999999993,4.5226130653266345,0.9754188175602836
123,3.9499999999999993,4.723618090452263,0.9662426689634859
124,3.9499999999999993,4.924623115577891,0.8380141595828674
125,3.9499999999999993,5.125628140703519,0.6125264600445299
126,3.9499999999999993,5.326633165829147,0.400469155090453
127,3.9499999999999993,5.527638190954775,0.26202042738105885
128,3.9499999999999993,5.728643216080403,0.1788388864738334
129,3.9499999999999993,5.929648241206031,0.12634954487520678
130,3.9499999999999993,6.1306532663316595,0.0915146198072691
131,3.9499999999999993,6.331658291457288,0.06752110029051192
132,3.9499999999999993,6.532663316582916,0.0505494390802901
133,3.9499999999999993,6.733668341708544,0.03831004969744688
134,3.9499999999999993,6.934673366834172,0.029357045536433313
135,3.9499999999999993,7.1356783919598,0.02272558865830862
136,3.9499999999999993,7.336683417085428,0.017753182519584798
137,3.9499999999999993,7.537688442211056,0.013977916008067418
138,3.9499999999999993,7.7386934673366845,0.01107931777896243
139,3.9499999999999993,7.939698492462313,0.008835296271304265
140,3.9499999999999993,8.14070351758794,0.007084403047131612
141,3.9499999999999993,8.341708542713569,0.005522098902537392
142,3.9499999999999993,8.542713567839197,0.0034310551918708184
143,3.9499999999999993,8.743718592964825,0.003518809870729736
144,3.9499999999999993,8.944723618090453,0.016235766882575137
145,3.9499999999999993,9.145728643216081,0.02624524407225482
146,3.9499999999999993,9.34673366834171,0.03571300123954942
147,3.9499999999999993,9.547738693467338,0.13137941060112895
148,3.9499999999999993,9.748743718592966,0.15898452560531282
149,3.9499999999999993,9.949748743718594,0.24427589932857424
150,3.9499999999999993,10.150753768844222,0.30549950274145016
151,3.9499999999999993,10.35175879396985,0.3540734377826348
152,3.9499999999999993,10.552763819095478,0.3888334394438296
153,3.9499999999999993,10.753768844221106,0.4326660135093587
154,3.9499999999999993,10.954773869346734,0.4069963609566122
155,3.9499999999999993,11.155778894472363,0.45813346126953947
156,3.9499999999999993,11.35678391959799,0.4039801008383106
157,3.9499999999999993,11.557788944723619,0.41659733421672185
158,3.9499999999999993,11.758793969849247,0.3957038440984394
159,3.9499999999999993,11.959798994974875,0.3626397991315522
160,3.9499999999999993,12.160804020100507,0.3426260586173238
161,3.9499999999999993,12.361809045226131,0.32404032552629425
162,3.9499999999999993,12.562814070351763,0.29280843596934814
163,3.9499999999999993,12.763819095477388,0.26266588123348705
164,3.9499999999999993,12.96482412060302,0.2438756283307085
165,3.9499999999999993,13.165829145728644,0.2269732645466401
166,3.9499999999999993,13.366834170854275,0.1901304635464117
167,3.9499999999999993,13.5678391959799,0.19022257258081424
168,3.9499999999999993,13.768844221105532,0.1407571548776503
169,3.9499999999999993,13.969849246231156,0.14488892061453468
170,3.9499999999999993,14.170854271356788,0.18387448387093505
171,3.9499999999999993,14.371859296482413,0.054772086770889065
172,3.9499999999999993,14.572864321608044,0.11251227045617408
173,3.9499999999999993,14.773869346733669,0.22637360114410918
174,3.9499999999999993,14.9748743718593,0.07801998339936042
175,3.9499999999999993,15.175879396984925,0.017485688716427975
176,3.9499999999999993,15.376884422110557,0.1928668469043458
177,3.9499999999999993,15.577889447236181,0.28119081585390093
178,3.9499999999999993,15.778894472361813,0.15116347897112098
179,3.9499999999999993,15.979899497487438,0.014399967363289096
180,3.9499999999999993,16.18090452261307,0.09535464357238636
181,3.9499999999999993,16.381909547738694,0.1925137144923571
182,3.9499999999999993,16.582914572864325,0.21666358700178875
183,3.9499999999999993,16.78391959798995,0.11054247886166386
184,3.9499999999999993,16.98492462311558,0.0226354434400169
185,3.9499999999999993,17.185929648241206,0.04520728953875387
186,3.9499999999999993,17.386934673366838,0.10972623943310962
187,3.9499999999999993,17.587939698492463,0.15642669553181895
188,3.9499999999999993,17.788944723618094,0.13784959284942394
189,3.9499999999999993,17.98994974874372,0.08549941036780044
190,3.9499999999999993,18.19095477386935,0.04982129420984038
191,3.9499999999999993,18.391959798994975,0.08375626329308344
192,3.9499999999999993,18.592964824120607,0.11495231408697089
193,3.9499999999999993,18.79396984924623,0.14913359398321324
194,3.9499999999999993,18.994974874371863,0.24650180969234592
195,3.9499999999999993,19.195979899497488,0.21091789025269314
196,3.9499999999999993,19.39698492462312,0.09683616243727
197,3.9499999999999993,19.597989949748744,0.12490190877489316
198,3.9499999999999993,19.798994974874375,0.22798006215885167
199,3.9499999999999993,20.0,0.2569271996646455
