,t,height,fid
0,4.1499999999999995,-20.0,0.023509042979606657
1,4.1499999999999995,-19.798994974874372,0.13218902581174102
2,4.1499999999999995,-19.597989949748744,0.31922441383977757
3,4.1499999999999995,-19.396984924623116,0.28095962723233475
4,4.1499999999999995,-19.195979899497488,0.1719324025597616
5,4.1499999999999995,-18.99497487437186,0.14225568189910207
6,4.1499999999999995,-18.79396984924623,0.25403370374946777
7,4.1499999999999995,-18.592964824120603,0.22259727300902601
8,4.1499999999999995,-18.391959798994975,0.11271775341059632
9,4.1499999999999995,-18.190954773869347,0.08152468210344706
10,4.1499999999999995,-17.98994974874372,0.10158187796340934
11,4.1499999999999995,-17.78894472361809,0.13633986852249105
12,4.1499999999999995,-17.587939698492463,0.16647250478008394
13,4.1499999999999995,-17.386934673366834,0.15585957281051552
14,4.1499999999999995,-17.185929648241206,0.08601584656615295
15,4.1499999999999995,-16.984924623115578,0.03754629779167258
16,4.1499999999999995,-16.78391959798995,0.03831332698816791
17,4.1499999999999995,-16.582914572864322,0.11173151482729636
18,4.1499999999999995,-16.381909547738694,0.18004965972651132
19,4.1499999999999995,-16.180904522613066,0.12475704051729328
20,4.1499999999999995,-15.979899497487438,0.03278461705458297
21,4.1499999999999995,-15.77889447236181,0.0381766825407385
22,4.1499999999999995,-15.577889447236181,0.19628505682852612
23,4.1499999999999995,-15.376884422110553,0.27928752184628974
24,4.1499999999999995,-15.175879396984925,0.10615035640735754
25,4.1499999999999995,-14.974874371859297,0.00692819887790922
26,4.1499999999999995,-14.773869346733669,0.14378934063623508
27,4.1499999999999995,-14.57286432160804,0.263119057764059
28,4.1499999999999995,-14.371859296482413,0.07208731988898033
29,4.1499999999999995,-14.170854271356784,0.033388043453230445
30,4.1499999999999995,-13.969849246231156,0.19682913502869687
31,4.1499999999999995,-13.768844221105528,0.12023719511908794
32,4.1499999999999995,-13.5678391959799,0.10330670518936629
33,4.1499999999999995,-13.366834170854272,0.17898881097208708
34,4.1499999999999995,-13.165829145728644,0.16675322065376502
35,4.1499999999999995,-12.964824120603016,0.20175796089985235
36,4.1499999999999995,-12.763819095477388,0.20168870611284706
37,4.1499999999999995,-12.56281407035176,0.24396598388509774
38,4.1499999999999995,-12.361809045226131,0.2775301140471358
39,4.1499999999999995,-12.160804020100503,0.28207772915747076
40,4.1499999999999995,-11.959798994974873,0.3165387293511752
41,4.1499999999999995,-11.758793969849245,0.3638142515368306
42,4.1499999999999995,-11.557788944723617,0.35533785294145637
43,4.1499999999999995,-11.356783919597989,0.40623936450194603
44,4.1499999999999995,-11.15577889447236,0.4126258685750944
45,4.1499999999999995,-10.954773869346733,0.4292236245222952
46,4.1499999999999995,-10.753768844221105,0.4273744804041944
47,4.1499999999999995,-10.552763819095476,0.44017488825981615
48,4.1499999999999995,-10.351758793969848,0.3877509689179618
49,4.1499999999999995,-10.15075376884422,0.399235566193664
50,4.1499999999999995,-9.949748743718592,0.3030310095122819
51,4.1499999999999995,-9.748743718592964,0.27308332553250014
52,4.1499999999999995,-9.547738693467336,0.20297113604166617
53,4.1499999999999995,-9.346733668341708,0.09356805588751166
54,4.1499999999999995,-9.14572864321608,0.082316271633565
55,4.1499999999999995,-8.944723618090451,0.03439149356648917
56,4.1499999999999995,-8.743718592964823,0.0020076736400008355
57,4.1499999999999995,-8.542713567839195,0.0018376180597256795
58,4.1499999999999995,-8.341708542713567,0.005192326267937022
59,4.1499999999999995,-8.140703517587939,0.006654949719170955
60,4.1499999999999995,-7.939698492462311,0.008123964452637028
61,4.1499999999999995,-7.738693467336683,0.010105750879038741
62,4.1499999999999995,-7.537688442211055,0.012682389779971994
63,4.1499999999999995,-7.3366834170854265,0.016001403401004543
64,4.1499999999999995,-7.135678391959798,0.02028798837603407
65,4.1499999999999995,-6.93467336683417,0.025854398340627555
66,4.1499999999999995,-6.733668341708542,0.03317438302544547
67,4.1499999999999995,-6.532663316582914,0.0430165997088773
68,4.1499999999999995,-6.331658291457286,0.056682034172157454
69,4.1499999999999995,-6.130653266331658,0.07638089965679978
70,4.1499999999999995,-5.92964824120603,0.10588896965619553
71,4.1499999999999995,-5.7286432160804015,0.15188231268731947
72,4.1499999999999995,-5.527638190954773,0.22704235779788468
73,4.1499999999999995,-5.326633165829145,0.3562729499886345
74,4.1499999999999995,-5.125628140703517,0.5635529865743459
75,4.1499999999999995,-4.924623115577889,0.7913402427806973
76,4.1499999999999995,-4.723618090452261,0.9208176522629216
77,4.1499999999999995,-4.522613065326633,0.9304440282036172
78,4.1499999999999995,-4.321608040201005,0.8837995310504922
79,4.1499999999999995,-4.1206030150753765,0.8326586732283915
80,4.1499999999999995,-3.9195979899497466,0.795280464375351
81,4.1499999999999995,-3.7185929648241185,0.7728851356192649
82,4.1499999999999995,-3.5175879396984904,0.7619480947491303
83,4.1499999999999995,-3.3165829145728623,0.7586208435771199
84,4.1499999999999995,-3.115577889447234,0.759756692978674
85,4.1499999999999995,-2.914572864321606,0.7630105221746913
86,4.1499999999999995,-2.713567839195978,0.766753159688348
87,4.1499999999999995,-2.5125628140703498,0.7699612263473736
88,4.1499999999999995,-2.3115577889447216,0.7721043640558422
89,4.1499999999999995,-2.1105527638190935,0.7730187598343007
90,4.1499999999999995,-1.9095477386934654,0.7727911462575194
91,4.1499999999999995,-1.7085427135678373,0.7716539094514094
92,4.1499999999999995,-1.5075376884422091,0.7698964030366682
93,4.1499999999999995,-1.306532663316581,0.7678082003217769
94,4.1499999999999995,-1.105527638190953,0.7656485009443039
95,4.1499999999999995,-0.9045226130653248,0.7636302076121061
96,4.1499999999999995,-0.7035175879396967,0.7619148127597883
97,4.1499999999999995,-0.5025125628140685,0.7606195729235491
98,4.1499999999999995,-0.3015075376884404,0.7598233421027804
99,4.1499999999999995,-0.10050251256281229,0.7595706391258319
100,4.1499999999999995,0.10050251256281584,0.7598789527182451
101,4.1499999999999995,0.30150753768844396,0.7607397399451271
102,4.1499999999999995,0.5025125628140721,0.7621184768523273
103,4.1499999999999995,0.7035175879397002,0.7639520093015482
104,4.1499999999999995,0.9045226130653283,0.7661452112272156
105,4.1499999999999995,1.1055276381909565,0.7685610096473415
106,4.1499999999999995,1.3065326633165846,0.7710205507821479
107,4.1499999999999995,1.5075376884422127,0.7732966581401711
108,4.1499999999999995,1.7085427135678408,0.7751197875821133
109,4.1499999999999995,1.909547738693469,0.7761944755097521
110,4.1499999999999995,2.110552763819097,0.7762352453371822
111,4.1499999999999995,2.311557788944725,0.7750252126971403
112,4.1499999999999995,2.5125628140703533,0.7725026826256695
113,4.1499999999999995,2.7135678391959814,0.7688723000042597
114,4.1499999999999995,2.9145728643216096,0.7647219418611527
115,4.1499999999999995,3.1155778894472377,0.7611562560154014
116,4.1499999999999995,3.316582914572866,0.7599144831820125
117,4.1499999999999995,3.517587939698494,0.763515018908478
118,4.1499999999999995,3.718592964824122,0.7753912284116571
119,4.1499999999999995,3.91959798994975,0.799913361845701
120,4.1499999999999995,4.120603015075378,0.8415770921522079
121,4.1499999999999995,4.321608040201006,0.9007415906488833
122,4.1499999999999995,4.5226130653266345,0.9605089614637228
123,4.1499999999999995,4.723618090452263,0.9661098061098533
124,4.1499999999999995,4.924623115577891,0.8420860522344572
125,4.1499999999999995,5.125628140703519,0.6017077755080268
126,4.1499999999999995,5.326633165829147,0.37757175658312986
127,4.1499999999999995,5.527638190954775,0.23942673898929334
128,4.1499999999999995,5.728643216080403,0.16000341976891902
129,4.1499999999999995,5.929648241206031,0.11121036584141931
130,4.1499999999999995,6.1306532663316595,0.07953017659474602
131,4.1499999999999995,6.331658291457288,0.05812809635429775
132,4.1499999999999995,6.532663316582916,0.04322524760921714
133,4.1499999999999995,6.733668341708544,0.03259472891665457
134,4.1499999999999995,6.934673366834172,0.024857191306535832
135,4.1499999999999995,7.1356783919598,0.019131418571920505
136,4.1499999999999995,7.336683417085428,0.014836963308960085
137,4.1499999999999995,7.537688442211056,0.011583882277492689
138,4.1499999999999995,7.7386934673366845,0.009100490354921973
139,4.1499999999999995,7.939698492462313,0.0072101852218759395
140,4.1499999999999995,8.14070351758794,0.005793150144166996
141,4.1499999999999995,8.341708542713569,0.004298802502704025
142,4.1499999999999995,8.542713567839197,0.0011661237610502008
143,4.1499999999999995,8.743718592964825,0.0029667557441539895
144,4.1499999999999995,8.944723618090453,0.0368074126785737
145,4.1499999999999995,9.145728643216081,0.0825336028668814
146,4.1499999999999995,9.34673366834171,0.10114910656353521
147,4.1499999999999995,9.547738693467338,0.21668662745749379
148,4.1499999999999995,9.748743718592966,0.2736765212533089
149,4.1499999999999995,9.949748743718594,0.32504872581154365
150,4.1499999999999995,10.150753768844222,0.3984037473380461
151,4.1499999999999995,10.35175879396985,0.40729210075041655
152,4.1499999999999995,10.552763819095478,0.43896175165416546
153,4.1499999999999995,10.753768844221106,0.4450349592465728
154,4.1499999999999995,10.954773869346734,0.42348397844544927
155,4.1499999999999995,11.155778894472363,0.4312402326019548
156,4.1499999999999995,11.35678391959799,0.3973084215514866
157,4.1499999999999995,11.557788944723619,0.3685875310370737
158,4.1499999999999995,11.758793969849247,0.36345423682245054
159,4.1499999999999995,11.959798994974875,0.31578555869776237
160,4.1499999999999995,12.160804020100507,0.2896249428281116
161,4.1499999999999995,12.361809045226131,0.277142453982632
162,4.1499999999999995,12.562814070351763,0.24207404768700413
163,4.1499999999999995,12.763819095477388,0.20639357472563638
164,4.1499999999999995,12.96482412060302,0.20495204343869683
165,4.1499999999999995,13.165829145728644,0.16062595487523137
166,4.1499999999999995,13.366834170854275,0.1835764116575235
167,4.1499999999999995,13.5678391959799,0.10744474051127703
168,4.1499999999999995,13.768844221105532,0.11756299449788725
169,4.1499999999999995,13.969849246231156,0.2001550262541529
170,4.1499999999999995,14.170854271356788,0.03652165712999841
171,4.1499999999999995,14.371859296482413,0.07758348687564216
172,4.1499999999999995,14.572864321608044,0.26678025101039304
173,4.1499999999999995,14.773869346733669,0.15125145191205053
174,4.1499999999999995,14.9748743718593,0.007033936543704928
175,4.1499999999999995,15.175879396984925,0.1200144080657267
176,4.1499999999999995,15.376884422110557,0.2797264244477196
177,4.1499999999999995,15.577889447236181,0.20084110569716204
178,4.1499999999999995,15.778894472361813,0.044439498538277465
179,4.1499999999999995,15.979899497487438,0.03568989561593848
180,4.1499999999999995,16.18090452261307,0.13106463126381335
181,4.1499999999999995,16.381909547738694,0.18207657876790598
182,4.1499999999999995,16.582914572864325,0.11811677639576383
183,4.1499999999999995,16.78391959798995,0.042264411104021904
184,4.1499999999999995,16.98492462311558,0.037738041584200535
185,4.1499999999999995,17.185929648241206,0.09130146781686968
186,4.1499999999999995,17.386934673366838,0.1615072192450882
187,4.1499999999999995,17.587939698492463,0.16559676067974938
188,4.1499999999999995,17.788944723618094,0.14104836003149443
189,4.1499999999999995,17.98994974874372,0.11110491613059321
190,4.1499999999999995,18.19095477386935,0.07724631960944782
191,4.1499999999999995,18.391959798994975,0.11133969301602897
192,4.1499999999999995,18.592964824120607,0.2408137259256041
193,4.1499999999999995,18.79396984924623,0.25585300389141613
194,4.1499999999999995,18.994974874371863,0.13026318310695847
195,4.1499999999999995,19.195979899497488,0.17732663166170168
196,4.1499999999999995,19.39698492462312,0.3041292581251978
197,4.1499999999999995,19.597989949748744,0.3164164279644753
198,4.1499999999999995,19.798994974874375,0.13972646302725594
199,4.1499999999999995,20.0,0.0262021380083275
