,t,height,fid
0,4.549999999999999,-20.0,0.3265264115418654
1,4.549999999999999,-19.798994974874372,0.18636180589321755
2,4.549999999999999,-19.597989949748744,0.036165428738117615
3,4.549999999999999,-19.396984924623116,0.0412092284804917
4,4.549999999999999,-19.195979899497488,0.2250315373537427
5,4.549999999999999,-18.99497487437186,0.4337596842144821
6,4.549999999999999,-18.79396984924623,0.42447217159955786
7,4.549999999999999,-18.592964824120603,0.15427647268767555
8,4.549999999999999,-18.391959798994975,0.06060006493741963
9,4.549999999999999,-18.190954773869347,0.19216358376900952
10,4.549999999999999,-17.98994974874372,0.2409990067855137
11,4.549999999999999,-17.78894472361809,0.2529391141562471
12,4.549999999999999,-17.587939698492463,0.14034868957807928
13,4.549999999999999,-17.386934673366834,0.1944459819985207
14,4.549999999999999,-17.185929648241206,0.2769308460513473
15,4.549999999999999,-16.984924623115578,0.13039080982196113
16,4.549999999999999,-16.78391959798995,0.07519005892223997
17,4.549999999999999,-16.582914572864322,0.11365213258555938
18,4.549999999999999,-16.381909547738694,0.12457231648141977
19,4.549999999999999,-16.180904522613066,0.16433415271985125
20,4.549999999999999,-15.979899497487438,0.13286112088753382
21,4.549999999999999,-15.77889447236181,0.04046865778953096
22,4.549999999999999,-15.577889447236181,0.038233325293961735
23,4.549999999999999,-15.376884422110553,0.11428340154509922
24,4.549999999999999,-15.175879396984925,0.1744362264502172
25,4.549999999999999,-14.974874371859297,0.09370164865735761
26,4.549999999999999,-14.773869346733669,0.01582348112992783
27,4.549999999999999,-14.57286432160804,0.14989304348425275
28,4.549999999999999,-14.371859296482413,0.2433454739326997
29,4.549999999999999,-14.170854271356784,0.14330820375695505
30,4.549999999999999,-13.969849246231156,0.010258036063840265
31,4.549999999999999,-13.768844221105528,0.182730822033226
32,4.549999999999999,-13.5678391959799,0.20720597245062924
33,4.549999999999999,-13.366834170854272,0.02318997797273853
34,4.549999999999999,-13.165829145728644,0.1402681018202645
35,4.549999999999999,-12.964824120603016,0.13974870226155034
36,4.549999999999999,-12.763819095477388,0.11039648204301511
37,4.549999999999999,-12.56281407035176,0.1744826322956674
38,4.549999999999999,-12.361809045226131,0.1539058871440262
39,4.549999999999999,-12.160804020100503,0.2137982350263705
40,4.549999999999999,-11.959798994974873,0.2102300480548539
41,4.549999999999999,-11.758793969849245,0.2540663094460024
42,4.549999999999999,-11.557788944723617,0.2893799642810774
43,4.549999999999999,-11.356783919597989,0.2956195827881037
44,4.549999999999999,-11.15577889447236,0.35991888279251116
45,4.549999999999999,-10.954773869346733,0.3643733557869129
46,4.549999999999999,-10.753768844221105,0.40186734825733483
47,4.549999999999999,-10.552763819095476,0.43752471873649557
48,4.549999999999999,-10.351758793969848,0.4229338723560446
49,4.549999999999999,-10.15075376884422,0.4735047092282055
50,4.549999999999999,-9.949748743718592,0.4229528832125801
51,4.549999999999999,-9.748743718592964,0.4175689273881306
52,4.549999999999999,-9.547738693467336,0.3956219238591457
53,4.549999999999999,-9.346733668341708,0.2705048919407318
54,4.549999999999999,-9.14572864321608,0.24922573076004137
55,4.549999999999999,-8.944723618090451,0.1488555270061275
56,4.549999999999999,-8.743718592964823,0.05487026173488766
57,4.549999999999999,-8.542713567839195,0.020977721745886246
58,4.549999999999999,-8.341708542713567,0.009172369193874506
59,4.549999999999999,-8.140703517587939,0.004596915625681298
60,4.549999999999999,-7.939698492462311,0.0037640478822802467
61,4.549999999999999,-7.738693467336683,0.0045992022351714614
62,4.549999999999999,-7.537688442211055,0.006241812336811845
63,4.549999999999999,-7.3366834170854265,0.008537038306792514
64,4.549999999999999,-7.135678391959798,0.011663562014704146
65,4.549999999999999,-6.93467336683417,0.01596301334831481
66,4.549999999999999,-6.733668341708542,0.0219556017421025
67,4.549999999999999,-6.532663316582914,0.030435370653245686
68,4.549999999999999,-6.331658291457286,0.04265170739433506
69,4.549999999999999,-6.130653266331658,0.06063400517771986
70,4.549999999999999,-5.92964824120603,0.08784271136142556
71,4.549999999999999,-5.7286432160804015,0.13062084652881453
72,4.549999999999999,-5.527638190954773,0.20184284051067405
73,4.549999999999999,-5.326633165829145,0.3310324208695629
74,4.549999999999999,-5.125628140703517,0.5592715270626525
75,4.549999999999999,-4.924623115577889,0.8081979339851272
76,4.549999999999999,-4.723618090452261,0.9161555307830382
77,4.549999999999999,-4.522613065326633,0.8911544609237274
78,4.549999999999999,-4.321608040201005,0.8291294218975823
79,4.549999999999999,-4.1206030150753765,0.7806030309583836
80,4.549999999999999,-3.9195979899497466,0.7542044685616617
81,4.549999999999999,-3.7185929648241185,0.7452036487723922
82,4.549999999999999,-3.5175879396984904,0.7473174993276838
83,4.549999999999999,-3.3165829145728623,0.7553473795224325
84,4.549999999999999,-3.115577889447234,0.7654322169999036
85,4.549999999999999,-2.914572864321606,0.7749261026385009
86,4.549999999999999,-2.713567839195978,0.782270169075173
87,4.549999999999999,-2.5125628140703498,0.7868179905506987
88,4.549999999999999,-2.3115577889447216,0.7885881391277271
89,4.549999999999999,-2.1105527638190935,0.7880111937308322
90,4.549999999999999,-1.9095477386934654,0.7856992401201478
91,4.549999999999999,-1.7085427135678373,0.7822801859754118
92,4.549999999999999,-1.5075376884422091,0.7783101539902261
93,4.549999999999999,-1.306532663316581,0.7742243613291475
94,4.549999999999999,-1.105527638190953,0.7703482667950593
95,4.549999999999999,-0.9045226130653248,0.7669063803502948
96,4.549999999999999,-0.7035175879396967,0.7640453180968352
97,4.549999999999999,-0.5025125628140685,0.7618584842935849
98,4.549999999999999,-0.3015075376884404,0.760401604945263
99,4.549999999999999,-0.10050251256281229,0.7597082760237603
100,4.549999999999999,0.10050251256281584,0.7597990703780024
101,4.549999999999999,0.30150753768844396,0.7606853899670228
102,4.549999999999999,0.5025125628140721,0.7623706521016971
103,4.549999999999999,0.7035175879397002,0.7648470619988016
104,4.549999999999999,0.9045226130653283,0.7680843153970022
105,4.549999999999999,1.1055276381909565,0.7720157517214493
106,4.549999999999999,1.3065326633165846,0.7765197867828791
107,4.549999999999999,1.5075376884422127,0.7813922952665405
108,4.549999999999999,1.7085427135678408,0.786329635951297
109,4.549999999999999,1.909547738693469,0.7908946412569011
110,4.549999999999999,2.110552763819097,0.7945197438798787
111,4.549999999999999,2.311557788944725,0.7965489711306756
112,4.549999999999999,2.5125628140703533,0.796314085827411
113,4.549999999999999,2.7135678391959814,0.7933180301258927
114,4.549999999999999,2.9145728643216096,0.787462591539918
115,4.549999999999999,3.1155778894472377,0.779342810650568
116,4.549999999999999,3.316582914572866,0.7704815375504793
117,4.549999999999999,3.517587939698494,0.7635563365468361
118,4.549999999999999,3.718592964824122,0.762537631482619
119,4.549999999999999,3.91959798994975,0.772870828469552
120,4.549999999999999,4.120603015075378,0.8013567858796461
121,4.549999999999999,4.321608040201006,0.8537537762325056
122,4.549999999999999,4.5226130653266345,0.9227276959872728
123,4.549999999999999,4.723618090452263,0.9563004530548422
124,4.549999999999999,4.924623115577891,0.8480965125207731
125,4.549999999999999,5.125628140703519,0.581130879965989
126,4.549999999999999,5.326633165829147,0.33490349177322853
127,4.549999999999999,5.527638190954775,0.20047299286632606
128,4.549999999999999,5.728643216080403,0.12892197626370705
129,4.549999999999999,5.929648241206031,0.0867615498498009
130,4.549999999999999,6.1306532663316595,0.060216580837210876
131,4.549999999999999,6.331658291457288,0.04273241606090656
132,4.549999999999999,6.532663316582916,0.030838733462771686
133,4.549999999999999,6.733668341708544,0.022548969515281805
134,4.549999999999999,6.934673366834172,0.016658691408471798
135,4.549999999999999,7.1356783919598,0.012408177242342689
136,4.549999999999999,7.336683417085428,0.009301036350332305
137,4.549999999999999,7.537688442211056,0.0070062604904673085
138,4.549999999999999,7.7386934673366845,0.005348373338992943
139,4.549999999999999,7.939698492462313,0.004507849594888663
140,4.549999999999999,8.14070351758794,0.005458986763417212
141,4.549999999999999,8.341708542713569,0.01044221641543343
142,4.549999999999999,8.542713567839197,0.022662422308097067
143,4.549999999999999,8.743718592964825,0.05560825971822673
144,4.549999999999999,8.944723618090453,0.15038842357894333
145,4.549999999999999,9.145728643216081,0.26366911241337965
146,4.549999999999999,9.34673366834171,0.29008986612111026
147,4.549999999999999,9.547738693467338,0.39228767410777937
148,4.549999999999999,9.748743718592966,0.4313440716318848
149,4.549999999999999,9.949748743718594,0.4350693006220573
150,4.549999999999999,10.150753768844222,0.47229270959111513
151,4.549999999999999,10.35175879396985,0.43628331610807825
152,4.549999999999999,10.552763819095478,0.4368085983864425
153,4.549999999999999,10.753768844221106,0.40889378946630034
154,4.549999999999999,10.954773869346734,0.3676267368555363
155,4.549999999999999,11.155778894472363,0.3594267487530746
156,4.549999999999999,11.35678391959799,0.30325297887812
157,4.549999999999999,11.557788944723619,0.28582628474069643
158,4.549999999999999,11.758793969849247,0.25751372617120594
159,4.549999999999999,11.959798994974875,0.2141082486546156
160,4.549999999999999,12.160804020100507,0.2095709401276764
161,4.549999999999999,12.361809045226131,0.15623197919881854
162,4.549999999999999,12.562814070351763,0.18118296561231653
163,4.549999999999999,12.763819095477388,0.10335091623658832
164,4.549999999999999,12.96482412060302,0.14273486457809983
165,4.549999999999999,13.165829145728644,0.15130991370601243
166,4.549999999999999,13.366834170854275,0.016875612005368194
167,4.549999999999999,13.5678391959799,0.20940181038072042
168,4.549999999999999,13.768844221105532,0.20027658911640728
169,4.549999999999999,13.969849246231156,0.010869642179371202
170,4.549999999999999,14.170854271356788,0.13727641524169018
171,4.549999999999999,14.371859296482413,0.2635280422943875
172,4.549999999999999,14.572864321608044,0.1513490830898574
173,4.549999999999999,14.773869346733669,0.01889467146650162
174,4.549999999999999,14.9748743718593,0.09649360361649299
175,4.549999999999999,15.175879396984925,0.18012542917409202
176,4.549999999999999,15.376884422110557,0.12267764763083155
177,4.549999999999999,15.577889447236181,0.03915218124476263
178,4.549999999999999,15.778894472361813,0.04439071761301155
179,4.549999999999999,15.979899497487438,0.13210200080776674
180,4.549999999999999,16.18090452261307,0.17172177930229177
181,4.549999999999999,16.381909547738694,0.13060401315683765
182,4.549999999999999,16.582914572864325,0.11340846043718641
183,4.549999999999999,16.78391959798995,0.08259200976339466
184,4.549999999999999,16.98492462311558,0.1260140198684179
185,4.549999999999999,17.185929648241206,0.27919841862794165
186,4.549999999999999,17.386934673366838,0.21167091940956137
187,4.549999999999999,17.587939698492463,0.13139509555162063
188,4.549999999999999,17.788944723618094,0.24971130934865
189,4.549999999999999,17.98994974874372,0.26993582235073954
190,4.549999999999999,18.19095477386935,0.18470493817694267
191,4.549999999999999,18.391959798994975,0.05480422507113187
192,4.549999999999999,18.592964824120607,0.1644731970996399
193,4.549999999999999,18.79396984924623,0.43018249416392684
194,4.549999999999999,18.994974874371863,0.44828151013332435
195,4.549999999999999,19.195979899497488,0.22974819634881216
196,4.549999999999999,19.39698492462312,0.04095218841688536
197,4.549999999999999,19.597989949748744,0.03816706521083696
198,4.549999999999999,19.798994974874375,0.18533732604427852
199,4.549999999999999,20.0,0.33172191235991383
