,t,height,fid
0,4.499999999999999,-20.0,0.2833593165376842
1,4.499999999999999,-19.798994974874372,0.13939347161439988
2,4.499999999999999,-19.597989949748744,0.02272800098434563
3,4.499999999999999,-19.396984924623116,0.08218952772903247
4,4.499999999999999,-19.195979899497488,0.28675164784927665
5,4.499999999999999,-18.99497487437186,0.4480269884950062
6,4.499999999999999,-18.79396984924623,0.38099301511807027
7,4.499999999999999,-18.592964824120603,0.0997290499305581
8,4.499999999999999,-18.391959798994975,0.072489293972453
9,4.499999999999999,-18.190954773869347,0.24946293988498355
10,4.499999999999999,-17.98994974874372,0.2367916089052856
11,4.499999999999999,-17.78894472361809,0.1674921056195935
12,4.499999999999999,-17.587939698492463,0.15589602371909062
13,4.499999999999999,-17.386934673366834,0.2434664463029253
14,4.499999999999999,-17.185929648241206,0.2113054409884974
15,4.499999999999999,-16.984924623115578,0.12102063238696426
16,4.499999999999999,-16.78391959798995,0.078437948366286
17,4.499999999999999,-16.582914572864322,0.09226681968002975
18,4.499999999999999,-16.381909547738694,0.13363474293656286
19,4.499999999999999,-16.180904522613066,0.15289569843042058
20,4.499999999999999,-15.979899497487438,0.11588736737269524
21,4.499999999999999,-15.77889447236181,0.03388055891649136
22,4.499999999999999,-15.577889447236181,0.042838310825378874
23,4.499999999999999,-15.376884422110553,0.13789326500481927
24,4.499999999999999,-15.175879396984925,0.1757194339767479
25,4.499999999999999,-14.974874371859297,0.08347449880826313
26,4.499999999999999,-14.773869346733669,0.017292528046184284
27,4.499999999999999,-14.57286432160804,0.18476608042220272
28,4.499999999999999,-14.371859296482413,0.244438481477397
29,4.499999999999999,-14.170854271356784,0.11308426769186049
30,4.499999999999999,-13.969849246231156,0.015959878477444484
31,4.499999999999999,-13.768844221105528,0.2163844903440519
32,4.499999999999999,-13.5678391959799,0.15436598857145079
33,4.499999999999999,-13.366834170854272,0.029304077839332844
34,4.499999999999999,-13.165829145728644,0.17683523988383978
35,4.499999999999999,-12.964824120603016,0.11129968980593925
36,4.499999999999999,-12.763819095477388,0.13072405484399108
37,4.499999999999999,-12.56281407035176,0.18336262217196125
38,4.499999999999999,-12.361809045226131,0.167741208523213
39,4.499999999999999,-12.160804020100503,0.21455795784702875
40,4.499999999999999,-11.959798994974873,0.23319285614896035
41,4.499999999999999,-11.758793969849245,0.2601151477166496
42,4.499999999999999,-11.557788944723617,0.2992533524508241
43,4.499999999999999,-11.356783919597989,0.3154790899038176
44,4.499999999999999,-11.15577889447236,0.3606630361653782
45,4.499999999999999,-10.954773869346733,0.3834865680185584
46,4.499999999999999,-10.753768844221105,0.4025320420565206
47,4.499999999999999,-10.552763819095476,0.44792123356561486
48,4.499999999999999,-10.351758793969848,0.41873719072600263
49,4.499999999999999,-10.15075376884422,0.4798934439150953
50,4.499999999999999,-9.949748743718592,0.3992536156826688
51,4.499999999999999,-9.748743718592964,0.4244069872556966
52,4.499999999999999,-9.547738693467336,0.36331598445916047
53,4.499999999999999,-9.346733668341708,0.24526008154534987
54,4.499999999999999,-9.14572864321608,0.239097965947318
55,4.499999999999999,-8.944723618090451,0.12950090971228545
56,4.499999999999999,-8.743718592964823,0.037399033182427946
57,4.499999999999999,-8.542713567839195,0.012952235387240687
58,4.499999999999999,-8.341708542713567,0.0072675027132849315
59,4.499999999999999,-8.140703517587939,0.004717381086924097
60,4.499999999999999,-7.939698492462311,0.004287443083950305
61,4.499999999999999,-7.738693467336683,0.005125487106139437
62,4.499999999999999,-7.537688442211055,0.0066599297019723485
63,4.499999999999999,-7.3366834170854265,0.0088126088866209
64,4.499999999999999,-7.135678391959798,0.011767718818863784
65,4.499999999999999,-6.93467336683417,0.015853386489169802
66,4.499999999999999,-6.733668341708542,0.0215729814789072
67,4.499999999999999,-6.532663316582914,0.029707284659964927
68,4.499999999999999,-6.331658291457286,0.04151223461497176
69,4.499999999999999,-6.130653266331658,0.059061939000308046
70,4.499999999999999,-5.92964824120603,0.08593123915498953
71,4.499999999999999,-5.7286432160804015,0.1286786981398398
72,4.499999999999999,-5.527638190954773,0.2004685168909191
73,4.499999999999999,-5.326633165829145,0.3308544384855733
74,4.499999999999999,-5.125628140703517,0.5597731217809396
75,4.499999999999999,-4.924623115577889,0.8119626671829953
76,4.499999999999999,-4.723618090452261,0.9275192898501908
77,4.499999999999999,-4.522613065326633,0.9074979373055883
78,4.499999999999999,-4.321608040201005,0.8453851221408633
79,4.499999999999999,-4.1206030150753765,0.7939297073912744
80,4.499999999999999,-3.9195979899497466,0.7637269140787973
81,4.499999999999999,-3.7185929648241185,0.7509348293531984
82,4.499999999999999,-3.5175879396984904,0.7496266711953712
83,4.499999999999999,-3.3165829145728623,0.7547946766525284
84,4.499999999999999,-3.115577889447234,0.7626673099809119
85,4.499999999999999,-2.914572864321606,0.7706326658335775
86,4.499999999999999,-2.713567839195978,0.7770858134621884
87,4.499999999999999,-2.5125628140703498,0.7812846059749409
88,4.499999999999999,-2.3115577889447216,0.7831185513421778
89,4.499999999999999,-2.1105527638190935,0.7828885932299304
90,4.499999999999999,-1.9095477386934654,0.7810928888186173
91,4.499999999999999,-1.7085427135678373,0.7782740835549496
92,4.499999999999999,-1.5075376884422091,0.7749215036675777
93,4.499999999999999,-1.306532663316581,0.7714379628364264
94,4.499999999999999,-1.105527638190953,0.7681247116607325
95,4.499999999999999,-0.9045226130653248,0.7651953503109619
96,4.499999999999999,-0.7035175879396967,0.7627959927831682
97,4.499999999999999,-0.5025125628140685,0.7610206572149116
98,4.499999999999999,-0.3015075376884404,0.7599297039830412
99,4.499999999999999,-0.10050251256281229,0.7595607634547255
100,4.499999999999999,0.10050251256281584,0.7599370094590804
101,4.499999999999999,0.30150753768844396,0.7610699865131516
102,4.499999999999999,0.5025125628140721,0.7629592623210744
103,4.499999999999999,0.7035175879397002,0.7655879291552969
104,4.499999999999999,0.9045226130653283,0.7689128787308851
105,4.499999999999999,1.1055276381909565,0.7728496456911601
106,4.499999999999999,1.3065326633165846,0.7772563511218599
107,4.499999999999999,1.5075376884422127,0.7819119417406061
108,4.499999999999999,1.7085427135678408,0.7864968460312957
109,4.499999999999999,1.909547738693469,0.7905722080852462
110,4.499999999999999,2.110552763819097,0.7935923373409334
111,4.499999999999999,2.311557788944725,0.7949458717108207
112,4.499999999999999,2.5125628140703533,0.7940524719088382
113,4.499999999999999,2.7135678391959814,0.7905257869527923
114,4.499999999999999,2.9145728643216096,0.7844049448224183
115,4.499999999999999,3.1155778894472377,0.7763938455215371
116,4.499999999999999,3.316582914572866,0.7680959671043924
117,4.499999999999999,3.517587939698494,0.7621965011098293
118,4.499999999999999,3.718592964824122,0.7626239793616271
119,4.499999999999999,3.91959798994975,0.7747053380717674
120,4.499999999999999,4.120603015075378,0.8050090582395565
121,4.499999999999999,4.321608040201006,0.8587133719753303
122,4.499999999999999,4.5226130653266345,0.9272636347398684
123,4.499999999999999,4.723618090452263,0.957828845956098
124,4.499999999999999,4.924623115577891,0.847446409090554
125,4.499999999999999,5.125628140703519,0.5836553815440536
126,4.499999999999999,5.326633165829147,0.3399823604121454
127,4.499999999999999,5.527638190954775,0.20478651051921679
128,4.499999999999999,5.728643216080403,0.13215952593394606
129,4.499999999999999,5.929648241206031,0.08916363769633974
130,4.499999999999999,6.1306532663316595,0.06201226764113199
131,4.499999999999999,6.331658291457288,0.044098148487836074
132,4.499999999999999,6.532663316582916,0.031898286068324636
133,4.499999999999999,6.733668341708544,0.02338854947192151
134,4.499999999999999,6.934673366834172,0.017338945973531014
135,4.499999999999999,7.1356783919598,0.012972461049732275
136,4.499999999999999,7.336683417085428,0.009781886895014075
137,4.499999999999999,7.537688442211056,0.00742915609717839
138,4.499999999999999,7.7386934673366845,0.005716581536236471
139,4.499999999999999,7.939698492462313,0.004723635882440886
140,4.499999999999999,8.14070351758794,0.005084264478246056
141,4.499999999999999,8.341708542713569,0.007957720636716797
142,4.499999999999999,8.542713567839197,0.015111259097193911
143,4.499999999999999,8.743718592964825,0.041235778788591276
144,4.499999999999999,8.944723618090453,0.13107408476390103
145,4.499999999999999,9.145728643216081,0.24287189551759739
146,4.499999999999999,9.34673366834171,0.2657191456065525
147,4.499999999999999,9.547738693467338,0.37057951777829945
148,4.499999999999999,9.748743718592966,0.4239481741309412
149,4.499999999999999,9.949748743718594,0.4225893491124212
150,4.499999999999999,10.150753768844222,0.4730401829387865
151,4.499999999999999,10.35175879396985,0.436298769059065
152,4.499999999999999,10.552763819095478,0.4441671822489036
153,4.499999999999999,10.753768844221106,0.4148627970797754
154,4.499999999999999,10.954773869346734,0.3807553691549432
155,4.499999999999999,11.155778894472363,0.3674082690515519
156,4.499999999999999,11.35678391959799,0.3181562248046926
157,4.499999999999999,11.557788944723619,0.2972179595015659
158,4.499999999999999,11.758793969849247,0.2673246211600502
159,4.499999999999999,11.959798994974875,0.2314169628161591
160,4.499999999999999,12.160804020100507,0.2136413724327844
161,4.499999999999999,12.361809045226131,0.17372856060087635
162,4.499999999999999,12.562814070351763,0.1813101433038662
163,4.499999999999999,12.763819095477388,0.12971605648858606
164,4.499999999999999,12.96482412060302,0.11655373278187872
165,4.499999999999999,13.165829145728644,0.18061932242540332
166,4.499999999999999,13.366834170854275,0.023281792607990702
167,4.499999999999999,13.5678391959799,0.164094641435704
168,4.499999999999999,13.768844221105532,0.2251090836109666
169,4.499999999999999,13.969849246231156,0.017787210616822986
170,4.499999999999999,14.170854271356788,0.10879585080808876
171,4.499999999999999,14.371859296482413,0.26617833612498265
172,4.499999999999999,14.572864321608044,0.18277658591631166
173,4.499999999999999,14.773869346733669,0.02153123560165953
174,4.499999999999999,14.9748743718593,0.08619689228424318
175,4.499999999999999,15.175879396984925,0.184156860910696
176,4.499999999999999,15.376884422110557,0.14406571169021504
177,4.499999999999999,15.577889447236181,0.04471872130486433
178,4.499999999999999,15.778894472361813,0.03586654984798373
179,4.499999999999999,15.979899497487438,0.1170513256951365
180,4.499999999999999,16.18090452261307,0.16260667961121625
181,4.499999999999999,16.381909547738694,0.1359406388225837
182,4.499999999999999,16.582914572864325,0.0939074586621499
183,4.499999999999999,16.78391959798995,0.08613551922712308
184,4.499999999999999,16.98492462311558,0.11343610331113015
185,4.499999999999999,17.185929648241206,0.2186184034646768
186,4.499999999999999,17.386934673366838,0.25997647070028457
187,4.499999999999999,17.587939698492463,0.1425895659334544
188,4.499999999999999,17.788944723618094,0.1693491655647221
189,4.499999999999999,17.98994974874372,0.25900761339456024
190,4.499999999999999,18.19095477386935,0.24298710132149665
191,4.499999999999999,18.391959798994975,0.0759773303448379
192,4.499999999999999,18.592964824120607,0.10494218118050568
193,4.499999999999999,18.79396984924623,0.3762425540760246
194,4.499999999999999,18.994974874371863,0.467516090545273
195,4.499999999999999,19.195979899497488,0.2975157510306669
196,4.499999999999999,19.39698492462312,0.08182010690683644
197,4.499999999999999,19.597989949748744,0.021757611037159907
198,4.499999999999999,19.798994974874375,0.1368729163119595
199,4.499999999999999,20.0,0.29208433443620446
