,t,height,fid
0,4.3999999999999995,-20.0,0.1923065361288205
1,4.3999999999999995,-19.798994974874372,0.046556596450294314
2,4.3999999999999995,-19.597989949748744,0.031331878177840576
3,4.3999999999999995,-19.396984924623116,0.20521461688792458
4,4.3999999999999995,-19.195979899497488,0.4161532902991599
5,4.3999999999999995,-18.99497487437186,0.36304057265387774
6,4.3999999999999995,-18.79396984924623,0.2203835343165689
7,4.3999999999999995,-18.592964824120603,0.10781557224666778
8,4.3999999999999995,-18.391959798994975,0.17327038784377996
9,4.3999999999999995,-18.190954773869347,0.24812151621819437
10,4.3999999999999995,-17.98994974874372,0.17183669259794163
11,4.3999999999999995,-17.78894472361809,0.08734104987286266
12,4.3999999999999995,-17.587939698492463,0.20437703696841514
13,4.3999999999999995,-17.386934673366834,0.2539031429656721
14,4.3999999999999995,-17.185929648241206,0.13549384406285261
15,4.3999999999999995,-16.984924623115578,0.10353087241517879
16,4.3999999999999995,-16.78391959798995,0.06458449934920096
17,4.3999999999999995,-16.582914572864322,0.06851094172406184
18,4.3999999999999995,-16.381909547738694,0.14051521721687052
19,4.3999999999999995,-16.180904522613066,0.1532033833908496
20,4.3999999999999995,-15.979899497487438,0.07983183201169682
21,4.3999999999999995,-15.77889447236181,0.022734811437973585
22,4.3999999999999995,-15.577889447236181,0.06338373278942522
23,4.3999999999999995,-15.376884422110553,0.18059228453310772
24,4.3999999999999995,-15.175879396984925,0.1967245356872169
25,4.3999999999999995,-14.974874371859297,0.048658940492514985
26,4.3999999999999995,-14.773869346733669,0.036631228229264005
27,4.3999999999999995,-14.57286432160804,0.22038857869201187
28,4.3999999999999995,-14.371859296482413,0.2618025084800649
29,4.3999999999999995,-14.170854271356784,0.038054986145137054
30,4.3999999999999995,-13.969849246231156,0.040932118404343944
31,4.3999999999999995,-13.768844221105528,0.24574578718253226
32,4.3999999999999995,-13.5678391959799,0.08802658575262796
33,4.3999999999999995,-13.366834170854272,0.061577916819138996
34,4.3999999999999995,-13.165829145728644,0.19355021369857017
35,4.3999999999999995,-12.964824120603016,0.11446278541747094
36,4.3999999999999995,-12.763819095477388,0.16255588795585427
37,4.3999999999999995,-12.56281407035176,0.1791069675504887
38,4.3999999999999995,-12.361809045226131,0.21915979770712168
39,4.3999999999999995,-12.160804020100503,0.22131691753151664
40,4.3999999999999995,-11.959798994974873,0.25430394879571366
41,4.3999999999999995,-11.758793969849245,0.30096996346235005
42,4.3999999999999995,-11.557788944723617,0.30713483694577637
43,4.3999999999999995,-11.356783919597989,0.34552928570737856
44,4.3999999999999995,-11.15577889447236,0.3878431414864429
45,4.3999999999999995,-10.954773869346733,0.3843706011417749
46,4.3999999999999995,-10.753768844221105,0.4404604778087298
47,4.3999999999999995,-10.552763819095476,0.4243092853840278
48,4.3999999999999995,-10.351758793969848,0.4508811192362148
49,4.3999999999999995,-10.15075376884422,0.43490874533336454
50,4.3999999999999995,-9.949748743718592,0.40074484046640024
51,4.3999999999999995,-9.748743718592964,0.3870065649404161
52,4.3999999999999995,-9.547738693467336,0.30071167778501456
53,4.3999999999999995,-9.346733668341708,0.22141285752016374
54,4.3999999999999995,-9.14572864321608,0.1881749814597049
55,4.3999999999999995,-8.944723618090451,0.08277149372486375
56,4.3999999999999995,-8.743718592964823,0.01774703090443851
57,4.3999999999999995,-8.542713567839195,0.007448999984208301
58,4.3999999999999995,-8.341708542713567,0.006737119341181762
59,4.3999999999999995,-8.140703517587939,0.005976007771840191
60,4.3999999999999995,-7.939698492462311,0.006356039679890406
61,4.3999999999999995,-7.738693467336683,0.007726623162949092
62,4.3999999999999995,-7.537688442211055,0.009749793884434433
63,4.3999999999999995,-7.3366834170854265,0.012444092394118278
64,4.3999999999999995,-7.135678391959798,0.01601968441844472
65,4.3999999999999995,-6.93467336683417,0.02080530382120515
66,4.3999999999999995,-6.733668341708542,0.027276852949815245
67,4.3999999999999995,-6.532663316582914,0.03614947279099548
68,4.3999999999999995,-6.331658291457286,0.04855460409001781
69,4.3999999999999995,-6.130653266331658,0.0663777716228631
70,4.3999999999999995,-5.92964824120603,0.09297226707953529
71,4.3999999999999995,-5.7286432160804015,0.1346638290858457
72,4.3999999999999995,-5.527638190954773,0.20431153167990723
73,4.3999999999999995,-5.326633165829145,0.3300724322234244
74,4.3999999999999995,-5.125628140703517,0.5471869510380043
75,4.3999999999999995,-4.924623115577889,0.789371685228066
76,4.3999999999999995,-4.723618090452261,0.9125093711404157
77,4.3999999999999995,-4.522613065326633,0.9069129754986799
78,4.3999999999999995,-4.321608040201005,0.8539707537365154
79,4.3999999999999995,-4.1206030150753765,0.8058687954543559
80,4.3999999999999995,-3.9195979899497466,0.7758047050142278
81,4.3999999999999995,-3.7185929648241185,0.7616826780617141
82,4.3999999999999995,-3.5175879396984904,0.7584752792621161
83,4.3999999999999995,-3.3165829145728623,0.7616497288160783
84,4.3999999999999995,-3.115577889447234,0.7677311078875004
85,4.3999999999999995,-2.914572864321606,0.7742482620665544
86,4.3999999999999995,-2.713567839195978,0.7796549693044976
87,4.3999999999999995,-2.5125628140703498,0.7831540224826731
88,4.3999999999999995,-2.3115577889447216,0.7845501588033398
89,4.3999999999999995,-2.1105527638190935,0.784048149925254
90,4.3999999999999995,-1.9095477386934654,0.7820654291608823
91,4.3999999999999995,-1.7085427135678373,0.7790970831741941
92,4.3999999999999995,-1.5075376884422091,0.7756081505216756
93,4.3999999999999995,-1.306532663316581,0.7719963466037858
94,4.3999999999999995,-1.105527638190953,0.7685656504348585
95,4.3999999999999995,-0.9045226130653248,0.7655340639898685
96,4.3999999999999995,-0.7035175879396967,0.7630499095836949
97,4.3999999999999995,-0.5025125628140685,0.761202804213225
98,4.3999999999999995,-0.3015075376884404,0.7600463941038497
99,4.3999999999999995,-0.10050251256281229,0.7596049890939656
100,4.3999999999999995,0.10050251256281584,0.7598847717455032
101,4.3999999999999995,0.30150753768844396,0.7608771193485142
102,4.3999999999999995,0.5025125628140721,0.7625592610319698
103,4.3999999999999995,0.7035175879397002,0.7648885902225203
104,4.3999999999999995,0.9045226130653283,0.7677980203816579
105,4.3999999999999995,1.1055276381909565,0.7711787444969007
106,4.3999999999999995,1.3065326633165846,0.7748722450573593
107,4.3999999999999995,1.5075376884422127,0.778649604095873
108,4.3999999999999995,1.7085427135678408,0.7821979541596416
109,4.3999999999999995,1.909547738693469,0.785122723707329
110,4.3999999999999995,2.110552763819097,0.7869561790967536
111,4.3999999999999995,2.311557788944725,0.7872141574102244
112,4.3999999999999995,2.5125628140703533,0.7854927836892612
113,4.3999999999999995,2.7135678391959814,0.7816168898014934
114,4.3999999999999995,2.9145728643216096,0.7758312641301172
115,4.3999999999999995,3.1155778894472377,0.7690015825396831
116,4.3999999999999995,3.316582914572866,0.7627908946862951
117,4.3999999999999995,3.517587939698494,0.7598474677169083
118,4.3999999999999995,3.718592964824122,0.7639380002673415
119,4.3999999999999995,3.91959798994975,0.7801150456129825
120,4.3999999999999995,4.120603015075378,0.8143907981622527
121,4.3999999999999995,4.321608040201006,0.8706361066900832
122,4.3999999999999995,4.5226130653266345,0.9377415418102718
123,4.3999999999999995,4.723618090452263,0.9614610029919417
124,4.3999999999999995,4.924623115577891,0.8462445180634488
125,4.3999999999999995,5.125628140703519,0.5885870462865038
126,4.3999999999999995,5.326633165829147,0.35027621891852295
127,4.3999999999999995,5.527638190954775,0.21403802884084655
128,4.3999999999999995,5.728643216080403,0.1395879580505687
129,4.3999999999999995,5.929648241206031,0.09513180861868491
130,4.3999999999999995,6.1306532663316595,0.06686778790378922
131,4.3999999999999995,6.331658291457288,0.048090534908725106
132,4.3999999999999995,6.532663316582916,0.035201871227158746
133,4.3999999999999995,6.733668341708544,0.02613381858227376
134,4.3999999999999995,6.934673366834172,0.019626573727067456
135,4.3999999999999995,7.1356783919598,0.01488388147838664
136,4.3999999999999995,7.336683417085428,0.011383958254042852
137,4.3999999999999995,7.537688442211056,0.008774028240470747
138,4.3999999999999995,7.7386934673366845,0.006828402500282167
139,4.3999999999999995,7.939698492462313,0.0055007210250246664
140,4.3999999999999995,8.14070351758794,0.005035116976070455
141,4.3999999999999995,8.341708542713569,0.005460930192234511
142,4.3999999999999995,8.542713567839197,0.006507121960360571
143,4.3999999999999995,8.743718592964825,0.02121699575714716
144,4.3999999999999995,8.944723618090453,0.0928711178664469
145,4.3999999999999995,9.145728643216081,0.19237152189978565
146,4.3999999999999995,9.34673366834171,0.22360042757287665
147,4.3999999999999995,9.547738693467338,0.3247146866402377
148,4.3999999999999995,9.748743718592966,0.3890352054560551
149,4.3999999999999995,9.949748743718594,0.40986445576105923
150,4.3999999999999995,10.150753768844222,0.4515547807589182
151,4.3999999999999995,10.35175879396985,0.44741242620878335
152,4.3999999999999995,10.552763819095478,0.44069418058938614
153,4.3999999999999995,10.753768844221106,0.43832832675068384
154,4.3999999999999995,10.954773869346734,0.39189593780561566
155,4.3999999999999995,11.155778894472363,0.392360453212595
156,4.3999999999999995,11.35678391959799,0.34384467835683635
157,4.3999999999999995,11.557788944723619,0.31523662303667754
158,4.3999999999999995,11.758793969849247,0.2992726637174633
159,4.3999999999999995,11.959798994974875,0.2547660152410175
160,4.3999999999999995,12.160804020100507,0.22718371076943364
161,4.3999999999999995,12.361809045226131,0.2168951494419027
162,4.3999999999999995,12.562814070351763,0.1766232651700662
163,4.3999999999999995,12.763819095477388,0.17203592157797082
164,4.3999999999999995,12.96482412060302,0.10906384782080773
165,4.3999999999999995,13.165829145728644,0.19399195978612455
166,4.3999999999999995,13.366834170854275,0.06723870280184
167,4.3999999999999995,13.5678391959799,0.09118370062861664
168,4.3999999999999995,13.768844221105532,0.2444242300633853
169,4.3999999999999995,13.969849246231156,0.05058268408542514
170,4.3999999999999995,14.170854271356788,0.04291978758073868
171,4.3999999999999995,14.371859296482413,0.2644682764249252
172,4.3999999999999995,14.572864321608044,0.2284128016334534
173,4.3999999999999995,14.773869346733669,0.04032959924619476
174,4.3999999999999995,14.9748743718593,0.05627954863235175
175,4.3999999999999995,15.175879396984925,0.19838487032331378
176,4.3999999999999995,15.376884422110557,0.1877041357273627
177,4.3999999999999995,15.577889447236181,0.0681909448002934
178,4.3999999999999995,15.778894472361813,0.023541511419265918
179,4.3999999999999995,15.979899497487438,0.0862118648978111
180,4.3999999999999995,16.18090452261307,0.1565931048040596
181,4.3999999999999995,16.381909547738694,0.14345890852347884
182,4.3999999999999995,16.582914572864325,0.07464665617519475
183,4.3999999999999995,16.78391959798995,0.06490207610149049
184,4.3999999999999995,16.98492462311558,0.10779654025479725
185,4.3999999999999995,17.185929648241206,0.13993219392768258
186,4.3999999999999995,17.386934673366838,0.2534384314107536
187,4.3999999999999995,17.587939698492463,0.21066507532394066
188,4.3999999999999995,17.788944723618094,0.09169727428507467
189,4.3999999999999995,17.98994974874372,0.16880352140282928
190,4.3999999999999995,18.19095477386935,0.2579683393240835
191,4.3999999999999995,18.391959798994975,0.18948341786064057
192,4.3999999999999995,18.592964824120607,0.09462028631287851
193,4.3999999999999995,18.79396984924623,0.2089418445240527
194,4.3999999999999995,18.994974874371863,0.3946266228339978
195,4.3999999999999995,19.195979899497488,0.4225656395387086
196,4.3999999999999995,19.39698492462312,0.206809069236092
197,4.3999999999999995,19.597989949748744,0.032743587276163444
198,4.3999999999999995,19.798994974874375,0.04598547643972171
199,4.3999999999999995,20.0,0.19705474909434278
