,t,height,fid
0,4.699999999999999,-20.0,0.3521630493705257
1,4.699999999999999,-19.798994974874372,0.2787960321823614
2,4.699999999999999,-19.597989949748744,0.16139329047656567
3,4.699999999999999,-19.396984924623116,0.035923774112563346
4,4.699999999999999,-19.195979899497488,0.06115125920829173
5,4.699999999999999,-18.99497487437186,0.23671007523822385
6,4.699999999999999,-18.79396984924623,0.45200437852802783
7,4.699999999999999,-18.592964824120603,0.35865882008824296
8,4.699999999999999,-18.391959798994975,0.13104005252551562
9,4.699999999999999,-18.190954773869347,0.03458405927788501
10,4.699999999999999,-17.98994974874372,0.1693972285283981
11,4.699999999999999,-17.78894472361809,0.3574407771433766
12,4.699999999999999,-17.587939698492463,0.26305643040460686
13,4.699999999999999,-17.386934673366834,0.16350934934986747
14,4.699999999999999,-17.185929648241206,0.22840399309817253
15,4.699999999999999,-16.984924623115578,0.23090166450742097
16,4.699999999999999,-16.78391959798995,0.1389651763398058
17,4.699999999999999,-16.582914572864322,0.08434834152328254
18,4.699999999999999,-16.381909547738694,0.17523140730853018
19,4.699999999999999,-16.180904522613066,0.19102954779351866
20,4.699999999999999,-15.979899497487438,0.1513209228279238
21,4.699999999999999,-15.77889447236181,0.09184613554477053
22,4.699999999999999,-15.577889447236181,0.033582070009493224
23,4.699999999999999,-15.376884422110553,0.08905460202632019
24,4.699999999999999,-15.175879396984925,0.1542403170082034
25,4.699999999999999,-14.974874371859297,0.10988184118050333
26,4.699999999999999,-14.773869346733669,0.026257967436229046
27,4.699999999999999,-14.57286432160804,0.07160125981439563
28,4.699999999999999,-14.371859296482413,0.221968733053954
29,4.699999999999999,-14.170854271356784,0.16866372394359672
30,4.699999999999999,-13.969849246231156,0.020310744975707118
31,4.699999999999999,-13.768844221105528,0.1250963280586556
32,4.699999999999999,-13.5678391959799,0.2805820804290765
33,4.699999999999999,-13.366834170854272,0.05688258941565604
34,4.699999999999999,-13.165829145728644,0.053226868237221905
35,4.699999999999999,-12.964824120603016,0.21891149465778492
36,4.699999999999999,-12.763819095477388,0.050539893997017596
37,4.699999999999999,-12.56281407035176,0.15319685277785142
38,4.699999999999999,-12.361809045226131,0.15097343000998062
39,4.699999999999999,-12.160804020100503,0.151123288118126
40,4.699999999999999,-11.959798994974873,0.1949202255951481
41,4.699999999999999,-11.758793969849245,0.22204434249485358
42,4.699999999999999,-11.557788944723617,0.23637301623488327
43,4.699999999999999,-11.356783919597989,0.2796068685336558
44,4.699999999999999,-11.15577889447236,0.30941560635020293
45,4.699999999999999,-10.954773869346733,0.3374993186768355
46,4.699999999999999,-10.753768844221105,0.3764735426723146
47,4.699999999999999,-10.552763819095476,0.40402513553382213
48,4.699999999999999,-10.351758793969848,0.4258744385971836
49,4.699999999999999,-10.15075376884422,0.453850245981124
50,4.699999999999999,-9.949748743718592,0.4443198131646328
51,4.699999999999999,-9.748743718592964,0.4591491638986232
52,4.699999999999999,-9.547738693467336,0.40158735628254605
53,4.699999999999999,-9.346733668341708,0.36684969283306057
54,4.699999999999999,-9.14572864321608,0.33057340932407114
55,4.699999999999999,-8.944723618090451,0.18739965030849945
56,4.699999999999999,-8.743718592964823,0.09484701124164922
57,4.699999999999999,-8.542713567839195,0.05645688912384952
58,4.699999999999999,-8.341708542713567,0.02726242758547592
59,4.699999999999999,-8.140703517587939,0.010968653317908476
60,4.699999999999999,-7.939698492462311,0.006020458602190073
61,4.699999999999999,-7.738693467336683,0.005637597909297809
62,4.699999999999999,-7.537688442211055,0.0067573043054223935
63,4.699999999999999,-7.3366834170854265,0.008553968615258386
64,4.699999999999999,-7.135678391959798,0.011054213054629254
65,4.699999999999999,-6.93467336683417,0.01453797007445056
66,4.699999999999999,-6.733668341708542,0.01943674669568329
67,4.699999999999999,-6.532663316582914,0.02641719148813719
68,4.699999999999999,-6.331658291457286,0.036552021752181044
69,4.699999999999999,-6.130653266331658,0.051648526646721975
70,4.699999999999999,-5.92964824120603,0.07491440345932417
71,4.699999999999999,-5.7286432160804015,0.11248205536179175
72,4.699999999999999,-5.527638190954773,0.17727865765301495
73,4.699999999999999,-5.326633165829145,0.3005365014312871
74,4.699999999999999,-5.125628140703517,0.5336771030122422
75,4.699999999999999,-4.924623115577889,0.7977033708082483
76,4.699999999999999,-4.723618090452261,0.9117306360395997
77,4.699999999999999,-4.522613065326633,0.8877688350259778
78,4.699999999999999,-4.321608040201005,0.8291240854387278
79,4.699999999999999,-4.1206030150753765,0.7856083163956361
80,4.699999999999999,-3.9195979899497466,0.7640065794967132
81,4.699999999999999,-3.7185929648241185,0.758793132697925
82,4.699999999999999,-3.5175879396984904,0.7634197102622653
83,4.699999999999999,-3.3165829145728623,0.7725773907504455
84,4.699999999999999,-3.115577889447234,0.7824035913905366
85,4.699999999999999,-2.914572864321606,0.7904188179580985
86,4.699999999999999,-2.713567839195978,0.7953895115131064
87,4.699999999999999,-2.5125628140703498,0.7970809575634333
88,4.699999999999999,-2.3115577889447216,0.7959277158709347
89,4.699999999999999,-2.1105527638190935,0.7926825552664348
90,4.699999999999999,-1.9095477386934654,0.7881525981761226
91,4.699999999999999,-1.7085427135678373,0.7830481159413785
92,4.699999999999999,-1.5075376884422091,0.7779199132269121
93,4.699999999999999,-1.306532663316581,0.7731412630476127
94,4.699999999999999,-1.105527638190953,0.7689510088045368
95,4.699999999999999,-0.9045226130653248,0.7654793093314258
96,4.699999999999999,-0.7035175879396967,0.7627907965848454
97,4.699999999999999,-0.5025125628140685,0.7609021352788438
98,4.699999999999999,-0.3015075376884404,0.7598119101836753
99,4.699999999999999,-0.10050251256281229,0.7595112286421218
100,4.699999999999999,0.10050251256281584,0.7599935278989911
101,4.699999999999999,0.30150753768844396,0.7612571134613305
102,4.699999999999999,0.5025125628140721,0.7633046228121378
103,4.699999999999999,0.7035175879397002,0.766139666436104
104,4.699999999999999,0.9045226130653283,0.7697530831742313
105,4.699999999999999,1.1055276381909565,0.7741144020323244
106,4.699999999999999,1.3065326633165846,0.7791448109676898
107,4.699999999999999,1.5075376884422127,0.7846878738265812
108,4.699999999999999,1.7085427135678408,0.7904804528965459
109,4.699999999999999,1.909547738693469,0.7961060733533604
110,4.699999999999999,2.110552763819097,0.8009735983306143
111,4.699999999999999,2.311557788944725,0.8043181127143311
112,4.699999999999999,2.5125628140703533,0.8052739415797275
113,4.699999999999999,2.7135678391959814,0.8030385761319616
114,4.699999999999999,2.9145728643216096,0.7971535582778344
115,4.699999999999999,3.1155778894472377,0.7878742715629147
116,4.699999999999999,3.316582914572866,0.77653272130738
117,4.699999999999999,3.517587939698494,0.7658054389547312
118,4.699999999999999,3.718592964824122,0.7598838794308777
119,4.699999999999999,3.91959798994975,0.7646204003045968
120,4.699999999999999,4.120603015075378,0.7875372225471036
121,4.699999999999999,4.321608040201006,0.8360539058790718
122,4.699999999999999,4.5226130653266345,0.9064964668001279
123,4.699999999999999,4.723618090452263,0.9499378587635021
124,4.699999999999999,4.924623115577891,0.8497838589508908
125,4.699999999999999,5.125628140703519,0.5733323524960814
126,4.699999999999999,5.326633165829147,0.31892785341224106
127,4.699999999999999,5.527638190954775,0.1866304497786989
128,4.699999999999999,5.728643216080403,0.11812959229634783
129,4.699999999999999,5.929648241206031,0.07846397824286513
130,4.699999999999999,6.1306532663316595,0.05386166149574184
131,4.699999999999999,6.331658291457288,0.03787509085701856
132,4.699999999999999,6.532663316582916,0.027137493263729322
133,4.699999999999999,6.733668341708544,0.019739420536414976
134,4.699999999999999,6.934673366834172,0.014542987962192132
135,4.699999999999999,7.1356783919598,0.01083744999536465
136,4.699999999999999,7.336683417085428,0.008161612493636906
137,4.699999999999999,7.537688442211056,0.006214083441295132
138,4.699999999999999,7.7386934673366845,0.004937257386546689
139,4.699999999999999,7.939698492462313,0.005090555807340423
140,4.699999999999999,8.14070351758794,0.009604801911008482
141,4.699999999999999,8.341708542713569,0.025555445579395812
142,4.699999999999999,8.542713567839197,0.056750113820491
143,4.699999999999999,8.743718592964825,0.10397440815973417
144,4.699999999999999,8.944723618090453,0.20670228900091073
145,4.699999999999999,9.145728643216081,0.3383099991397737
146,4.699999999999999,9.34673366834171,0.36416066946209635
147,4.699999999999999,9.547738693467338,0.42304851306023045
148,4.699999999999999,9.748743718592966,0.46500296388039325
149,4.699999999999999,9.949748743718594,0.44934546577189316
150,4.699999999999999,10.150753768844222,0.4636822331413708
151,4.699999999999999,10.35175879396985,0.4278096828538997
152,4.699999999999999,10.552763819095478,0.4101189627835587
153,4.699999999999999,10.753768844221106,0.37993790289862456
154,4.699999999999999,10.954773869346734,0.33766905767084826
155,4.699999999999999,11.155778894472363,0.3166097354796072
156,4.699999999999999,11.35678391959799,0.2752990305607181
157,4.699999999999999,11.557788944723619,0.2423069451220042
158,4.699999999999999,11.758793969849247,0.22310297270384072
159,4.699999999999999,11.959798994974875,0.190048806180773
160,4.699999999999999,12.160804020100507,0.16039213864340002
161,4.699999999999999,12.361809045226131,0.14641937772154368
162,4.699999999999999,12.562814070351763,0.15568613851743748
163,4.699999999999999,12.763819095477388,0.052959204893691735
164,4.699999999999999,12.96482412060302,0.21924335291445002
165,4.699999999999999,13.165829145728644,0.05889333020490877
166,4.699999999999999,13.366834170854275,0.061564667996072464
167,4.699999999999999,13.5678391959799,0.2835577946242824
168,4.699999999999999,13.768844221105532,0.13548920326866665
169,4.699999999999999,13.969849246231156,0.020171630451722725
170,4.699999999999999,14.170854271356788,0.1777841514298999
171,4.699999999999999,14.371859296482413,0.22766853628305878
172,4.699999999999999,14.572864321608044,0.07586731574551851
173,4.699999999999999,14.773869346733669,0.026760068421160483
174,4.699999999999999,14.9748743718593,0.11743416939803812
175,4.699999999999999,15.175879396984925,0.15946445572115725
176,4.699999999999999,15.376884422110557,0.09156314983969513
177,4.699999999999999,15.577889447236181,0.037553431985499174
178,4.699999999999999,15.778894472361813,0.09066929164297816
179,4.699999999999999,15.979899497487438,0.16246291226252188
180,4.699999999999999,16.18090452261307,0.18817175952653348
181,4.699999999999999,16.381909547738694,0.18153059777056552
182,4.699999999999999,16.582914572864325,0.08955090300744345
183,4.699999999999999,16.78391959798995,0.12879318144303226
184,4.699999999999999,16.98492462311558,0.25340694838370925
185,4.699999999999999,17.185929648241206,0.22668428289556564
186,4.699999999999999,17.386934673366838,0.14774284696338288
187,4.699999999999999,17.587939698492463,0.2861742272648766
188,4.699999999999999,17.788944723618094,0.3624325381753589
189,4.699999999999999,17.98994974874372,0.17610694218304848
190,4.699999999999999,18.19095477386935,0.033743179411310796
191,4.699999999999999,18.391959798994975,0.13004945832330103
192,4.699999999999999,18.592964824120607,0.3713399757329348
193,4.699999999999999,18.79396984924623,0.45740015516347127
194,4.699999999999999,18.994974874371863,0.25197789631669415
195,4.699999999999999,19.195979899497488,0.0590511310849259
196,4.699999999999999,19.39698492462312,0.03210737131556117
197,4.699999999999999,19.597989949748744,0.16052752730997974
198,4.699999999999999,19.798994974874375,0.2903999383464659
199,4.699999999999999,20.0,0.3647312451810756
