,t,height,fid
0,4.35,-20.0,0.14844190799445706
1,4.35,-19.798994974874372,0.02727290103609168
2,4.35,-19.597989949748744,0.06212118559339122
3,4.35,-19.396984924623116,0.2572224760163612
4,4.35,-19.195979899497488,0.45303457292837673
5,4.35,-18.99497487437186,0.2949721169046533
6,4.35,-18.79396984924623,0.1358280311544469
7,4.35,-18.592964824120603,0.1538793305240368
8,4.35,-18.391959798994975,0.23533306024826672
9,4.35,-18.190954773869347,0.19403426419738667
10,4.35,-17.98994974874372,0.12395241239628492
11,4.35,-17.78894472361809,0.11315386053331766
12,4.35,-17.587939698492463,0.209020471376202
13,4.35,-17.386934673366834,0.21187411897433187
14,4.35,-17.185929648241206,0.14391624991337304
15,4.35,-16.984924623115578,0.08430232940697541
16,4.35,-16.78391959798995,0.051948175969812826
17,4.35,-16.582914572864322,0.07322588388894201
18,4.35,-16.381909547738694,0.13557640713515173
19,4.35,-16.180904522613066,0.154420722218835
20,4.35,-15.979899497487438,0.06979168024929777
21,4.35,-15.77889447236181,0.01849549221594379
22,4.35,-15.577889447236181,0.08561494291331873
23,4.35,-15.376884422110553,0.1917038812638271
24,4.35,-15.175879396984925,0.20567505700526686
25,4.35,-14.974874371859297,0.03420837682011311
26,4.35,-14.773869346733669,0.05736496586415022
27,4.35,-14.57286432160804,0.22216806301588846
28,4.35,-14.371859296482413,0.2539659573585251
29,4.35,-14.170854271356784,0.016288040956082876
30,4.35,-13.969849246231156,0.06755532417571415
31,4.35,-13.768844221105528,0.22595018461508512
32,4.35,-13.5678391959799,0.07577507083777148
33,4.35,-13.366834170854272,0.09801539033020314
34,4.35,-13.165829145728644,0.17330324283034204
35,4.35,-12.964824120603016,0.13143256038486303
36,4.35,-12.763819095477388,0.18171712390790568
37,4.35,-12.56281407035176,0.17738623782021
38,4.35,-12.361809045226131,0.2337227105156598
39,4.35,-12.160804020100503,0.24118156814204442
40,4.35,-11.959798994974873,0.256840286159176
41,4.35,-11.758793969849245,0.31685394573996606
42,4.35,-11.557788944723617,0.32482955315280915
43,4.35,-11.356783919597989,0.3448548947508966
44,4.35,-11.15577889447236,0.41117659523169303
45,4.35,-10.954773869346733,0.3811313710882158
46,4.35,-10.753768844221105,0.4539790231735667
47,4.35,-10.552763819095476,0.4194790287436949
48,4.35,-10.351758793969848,0.4565401375482862
49,4.35,-10.15075376884422,0.413787500705871
50,4.35,-9.949748743718592,0.40653173518827085
51,4.35,-9.748743718592964,0.34686843732195527
52,4.35,-9.547738693467336,0.29074089459635694
53,4.35,-9.346733668341708,0.19916277500841562
54,4.35,-9.14572864321608,0.15422075050671782
55,4.35,-8.944723618090451,0.06853870420528109
56,4.35,-8.743718592964823,0.013821669113514626
57,4.35,-8.542713567839195,0.004913015227463916
58,4.35,-8.341708542713567,0.0050498986091489124
59,4.35,-8.140703517587939,0.005037483995463387
60,4.35,-7.939698492462311,0.005811658179425299
61,4.35,-7.738693467336683,0.007410294172508763
62,4.35,-7.537688442211055,0.009657929811560922
63,4.35,-7.3366834170854265,0.012643888577242945
64,4.35,-7.135678391959798,0.016621532730720857
65,4.35,-6.93467336683417,0.021966895143513125
66,4.35,-6.733668341708542,0.029218232482442413
67,4.35,-6.532663316582914,0.039157928833463036
68,4.35,-6.331658291457286,0.05296827299709175
69,4.35,-6.130653266331658,0.07254133549890342
70,4.35,-5.92964824120603,0.10115872760240131
71,4.35,-5.7286432160804015,0.14498070411046582
72,4.35,-5.527638190954773,0.21653515944661333
73,4.35,-5.326633165829145,0.342911260284375
74,4.35,-5.125628140703517,0.5556822794614723
75,4.35,-4.924623115577889,0.7892727360625394
76,4.35,-4.723618090452261,0.9077485422502718
77,4.35,-4.522613065326633,0.9018637838878445
78,4.35,-4.321608040201005,0.8492990330145368
79,4.35,-4.1206030150753765,0.8010873344811257
80,4.35,-3.9195979899497466,0.7706674145332376
81,4.35,-3.7185929648241185,0.7562221917232955
82,4.35,-3.5175879396984904,0.7528705806021668
83,4.35,-3.3165829145728623,0.7561480743028752
84,4.35,-3.115577889447234,0.7625964338665192
85,4.35,-2.914572864321606,0.7697402365686422
86,4.35,-2.713567839195978,0.775965019285791
87,4.35,-2.5125628140703498,0.7803917510226283
88,4.35,-2.3115577889447216,0.7827267905797047
89,4.35,-2.1105527638190935,0.7830858206628483
90,4.35,-1.9095477386934654,0.7818265515857795
91,4.35,-1.7085427135678373,0.7794101140649233
92,4.35,-1.5075376884422091,0.7762948396815712
93,4.35,-1.306532663316581,0.7728896521346896
94,4.35,-1.105527638190953,0.7695241155967726
95,4.35,-0.9045226130653248,0.7664464277867645
96,4.35,-0.7035175879396967,0.7638305185764023
97,4.35,-0.5025125628140685,0.7617963132545569
98,4.35,-0.3015075376884404,0.7604160548406022
99,4.35,-0.10050251256281229,0.7597308356263467
100,4.35,0.10050251256281584,0.7597576503795488
101,4.35,0.30150753768844396,0.760494427215962
102,4.35,0.5025125628140721,0.7619214850605386
103,4.35,0.7035175879397002,0.7639965556909878
104,4.35,0.9045226130653283,0.7666510336792626
105,4.35,1.1055276381909565,0.76977247498995
106,4.35,1.3065326633165846,0.7732002046219687
107,4.35,1.5075376884422127,0.7767039721924156
108,4.35,1.7085427135678408,0.779975878673632
109,4.35,1.909547738693469,0.7826303543960247
110,4.35,2.110552763819097,0.7842311343583426
111,4.35,2.311557788944725,0.7843357978134335
112,4.35,2.5125628140703533,0.7825985611337885
113,4.35,2.7135678391959814,0.7789175337063964
114,4.35,2.9145728643216096,0.7735991844319321
115,4.35,3.1155778894472377,0.7675572253690296
116,4.35,3.316582914572866,0.7624698929144561
117,4.35,3.517587939698494,0.7609479407197841
118,4.35,3.718592964824122,0.766686659527895
119,4.35,3.91959798994975,0.7846021475890917
120,4.35,4.120603015075378,0.8204258037087903
121,4.35,4.321608040201006,0.877354955616708
122,4.35,4.5226130653266345,0.943062978552153
123,4.35,4.723618090452263,0.9629393132899379
124,4.35,4.924623115577891,0.8454931762443856
125,4.35,5.125628140703519,0.5912545827686284
126,4.35,5.326633165829147,0.35589818414932106
127,4.35,5.527638190954775,0.21930922047091397
128,4.35,5.728643216080403,0.14392897123997472
129,4.35,5.929648241206031,0.09863011406501046
130,4.35,6.1306532663316595,0.06965226236768643
131,4.35,6.331658291457288,0.050278101297828746
132,4.35,6.532663316582916,0.03690029710317948
133,4.35,6.733668341708544,0.027435339835538003
134,4.35,6.934673366834172,0.020611316098004023
135,4.35,7.1356783919598,0.01561691753017996
136,4.35,7.336683417085428,0.011917671126869629
137,4.35,7.537688442211056,0.009148486667607465
138,4.35,7.7386934673366845,0.007068937284211804
139,4.35,7.939698492462313,0.0055859516894532215
140,4.35,8.14070351758794,0.004808089916693021
141,4.35,8.341708542713569,0.004473729672733934
142,4.35,8.542713567839197,0.0038473030887702657
143,4.35,8.743718592964825,0.015085811536742214
144,4.35,8.944723618090453,0.07795832163333073
145,4.35,9.145728643216081,0.16502638056718685
146,4.35,9.34673366834171,0.1992575811237825
147,4.35,9.547738693467338,0.30706601545881124
148,4.35,9.748743718592966,0.36277750659333263
149,4.35,9.949748743718594,0.40339535318193187
150,4.35,10.150753768844222,0.4391741827106834
151,4.35,10.35175879396985,0.44796535640263807
152,4.35,10.552763819095478,0.4398417665508327
153,4.35,10.753768844221106,0.4472021741393656
154,4.35,10.954773869346734,0.3952014125274084
155,4.35,11.155778894472363,0.408064670197149
156,4.35,11.35678391959799,0.35034503640509274
157,4.35,11.557788944723619,0.3295055337457477
158,4.35,11.758793969849247,0.313569110830146
159,4.35,11.959798994974875,0.2628751948214222
160,4.35,12.160804020100507,0.24261029490074293
161,4.35,12.361809045226131,0.23066480313956889
162,4.35,12.562814070351763,0.18065806868443213
163,4.35,12.763819095477388,0.1867486245643351
164,4.35,12.96482412060302,0.12401651972054716
165,4.35,13.165829145728644,0.17827689460160437
166,4.35,13.366834170854275,0.10474139048959721
167,4.35,13.5678391959799,0.07023551038990804
168,4.35,13.768844221105532,0.22963561441513264
169,4.35,13.969849246231156,0.07945370867095324
170,4.35,14.170854271356788,0.01963983244073925
171,4.35,14.371859296482413,0.24800235284178762
172,4.35,14.572864321608044,0.24127548800535276
173,4.35,14.773869346733669,0.058221351621335786
174,4.35,14.9748743718593,0.041873317175273865
175,4.35,15.175879396984925,0.20203320756306203
176,4.35,15.376884422110557,0.20487169000281447
177,4.35,15.577889447236181,0.0893188010178739
178,4.35,15.778894472361813,0.020243959817638716
179,4.35,15.979899497487438,0.07507592878909372
180,4.35,16.18090452261307,0.15548968798929255
181,4.35,16.381909547738694,0.14197485736774598
182,4.35,16.582914572864325,0.07897307902185571
183,4.35,16.78391959798995,0.051730189816587564
184,4.35,16.98492462311558,0.09101918004140917
185,4.35,17.185929648241206,0.14499452633695883
186,4.35,17.386934673366838,0.20764666446196767
187,4.35,17.587939698492463,0.2245775518587984
188,4.35,17.788944723618094,0.11491903041481784
189,4.35,17.98994974874372,0.11525695457842122
190,4.35,18.19095477386935,0.20931200431954017
191,4.35,18.391959798994975,0.24789244345436373
192,4.35,18.592964824120607,0.14039831868995276
193,4.35,18.79396984924623,0.1311261109035468
194,4.35,18.994974874371863,0.3211311649529939
195,4.35,19.195979899497488,0.4517323110163724
196,4.35,19.39698492462312,0.26745725539725795
197,4.35,19.597989949748744,0.06700508111998256
198,4.35,19.798994974874375,0.0242344193283885
199,4.35,20.0,0.14726471279503656
