,t,height,fid
0,4.6499999999999995,-20.0,0.36732162445030353
1,4.6499999999999995,-19.798994974874372,0.24817305133595466
2,4.6499999999999995,-19.597989949748744,0.10846785709429445
3,4.6499999999999995,-19.396984924623116,0.02638588565112581
4,4.6499999999999995,-19.195979899497488,0.11136923148247808
5,4.6499999999999995,-18.99497487437186,0.30821701787921274
6,4.6499999999999995,-18.79396984924623,0.45814117789602754
7,4.6499999999999995,-18.592964824120603,0.3070483476186135
8,4.6499999999999995,-18.391959798994975,0.09249479534544652
9,4.6499999999999995,-18.190954773869347,0.06374794644360354
10,4.6499999999999995,-17.98994974874372,0.20658228955196406
11,4.6499999999999995,-17.78894472361809,0.3633878942842836
12,4.6499999999999995,-17.587939698492463,0.19274457367969106
13,4.6499999999999995,-17.386934673366834,0.1424223536890115
14,4.6499999999999995,-17.185929648241206,0.29298718534602536
15,4.6499999999999995,-16.984924623115578,0.19011276144914427
16,4.6499999999999995,-16.78391959798995,0.09889775750973201
17,4.6499999999999995,-16.582914572864322,0.10918729549964758
18,4.6499999999999995,-16.381909547738694,0.14913992412199387
19,4.6499999999999995,-16.180904522613066,0.1855061941657651
20,4.6499999999999995,-15.979899497487438,0.14872675106233596
21,4.6499999999999995,-15.77889447236181,0.06818219748604265
22,4.6499999999999995,-15.577889447236181,0.033760822793104564
23,4.6499999999999995,-15.376884422110553,0.09058912723422306
24,4.6499999999999995,-15.175879396984925,0.1672143718720391
25,4.6499999999999995,-14.974874371859297,0.10143145387274481
26,4.6499999999999995,-14.773869346733669,0.02144536399704155
27,4.6499999999999995,-14.57286432160804,0.0891257341626269
28,4.6499999999999995,-14.371859296482413,0.24080211062036788
29,4.6499999999999995,-14.170854271356784,0.16352385499199276
30,4.6499999999999995,-13.969849246231156,0.012933820528469787
31,4.6499999999999995,-13.768844221105528,0.13640196761703616
32,4.6499999999999995,-13.5678391959799,0.27954063787534295
33,4.6499999999999995,-13.366834170854272,0.030371974727807068
34,4.6499999999999995,-13.165829145728644,0.0731933629969782
35,4.6499999999999995,-12.964824120603016,0.20890949322891939
36,4.6499999999999995,-12.763819095477388,0.05835854544847447
37,4.6499999999999995,-12.56281407035176,0.15921752614599885
38,4.6499999999999995,-12.361809045226131,0.15377177950879128
39,4.6499999999999995,-12.160804020100503,0.17560528210510074
40,4.6499999999999995,-11.959798994974873,0.18970978849914083
41,4.6499999999999995,-11.758793969849245,0.2435988376952983
42,4.6499999999999995,-11.557788944723617,0.24732657829815813
43,4.6499999999999995,-11.356783919597989,0.28514205591017755
44,4.6499999999999995,-11.15577889447236,0.3321675968185519
45,4.6499999999999995,-10.954773869346733,0.3375607089447634
46,4.6499999999999995,-10.753768844221105,0.3964880939301068
47,4.6499999999999995,-10.552763819095476,0.4045271945060952
48,4.6499999999999995,-10.351758793969848,0.4383948053650374
49,4.6499999999999995,-10.15075376884422,0.44759763425619326
50,4.6499999999999995,-9.949748743718592,0.45441709219543486
51,4.6499999999999995,-9.748743718592964,0.43265038007598244
52,4.6499999999999995,-9.547738693467336,0.40470179963218333
53,4.6499999999999995,-9.346733668341708,0.34596911245662
54,4.6499999999999995,-9.14572864321608,0.2910037265532938
55,4.6499999999999995,-8.944723618090451,0.1692371984445018
56,4.6499999999999995,-8.743718592964823,0.08505394509157067
57,4.6499999999999995,-8.542713567839195,0.046642294636963705
58,4.6499999999999995,-8.341708542713567,0.021515597023376857
59,4.6499999999999995,-8.140703517587939,0.009182269377803986
60,4.6499999999999995,-7.939698492462311,0.005886397947744294
61,4.6499999999999995,-7.738693467336683,0.006121024003045746
62,4.6499999999999995,-7.537688442211055,0.007612654601903736
63,4.6499999999999995,-7.3366834170854265,0.009774647064170054
64,4.6499999999999995,-7.135678391959798,0.012688384279428986
65,4.6499999999999995,-6.93467336683417,0.0166556496401948
66,4.6499999999999995,-6.733668341708542,0.02213183194763479
67,4.6499999999999995,-6.532663316582914,0.029808042920078638
68,4.6499999999999995,-6.331658291457286,0.04077540547076598
69,4.6499999999999995,-6.130653266331658,0.056837631319229885
70,4.6499999999999995,-5.92964824120603,0.08116121631253893
71,4.6499999999999995,-5.7286432160804015,0.11976510206176677
72,4.6499999999999995,-5.527638190954773,0.18528934931405555
73,4.6499999999999995,-5.326633165829145,0.30797674166460975
74,4.6499999999999995,-5.125628140703517,0.53502714620124
75,4.6499999999999995,-4.924623115577889,0.7894317503169277
76,4.6499999999999995,-4.723618090452261,0.9011462682066905
77,4.6499999999999995,-4.522613065326633,0.8800645193625668
78,4.6499999999999995,-4.321608040201005,0.8241620301422413
79,4.6499999999999995,-4.1206030150753765,0.7822662182852211
80,4.6499999999999995,-3.9195979899497466,0.7616060122419517
81,4.6499999999999995,-3.7185929648241185,0.7570012319760832
82,4.6499999999999995,-3.5175879396984904,0.7620954015618291
83,4.6499999999999995,-3.3165829145728623,0.7717073601033446
84,4.6499999999999995,-3.115577889447234,0.78204365334695
85,4.6499999999999995,-2.914572864321606,0.7906411910689681
86,4.6499999999999995,-2.713567839195978,0.7962247574860841
87,4.6499999999999995,-2.5125628140703498,0.7984845039058621
88,4.6499999999999995,-2.3115577889447216,0.7977856589524779
89,4.6499999999999995,-2.1105527638190935,0.7948333473584351
90,4.6499999999999995,-1.9095477386934654,0.790424855227791
91,4.6499999999999995,-1.7085427135678373,0.7852898441838229
92,4.6499999999999995,-1.5075376884422091,0.7800054007489687
93,4.6499999999999995,-1.306532663316581,0.7749852290617987
94,4.6499999999999995,-1.105527638190953,0.7705043135624572
95,4.6499999999999995,-0.9045226130653248,0.7667242456225689
96,4.6499999999999995,-0.7035175879396967,0.7637249070560248
97,4.6499999999999995,-0.5025125628140685,0.7615423853320832
98,4.6499999999999995,-0.3015075376884404,0.7601797642556557
99,4.6499999999999995,-0.10050251256281229,0.7596289686551796
100,4.6499999999999995,0.10050251256281584,0.7598797672541158
101,4.6499999999999995,0.30150753768844396,0.7609235114958676
102,4.6499999999999995,0.5025125628140721,0.7627537549476757
103,4.6499999999999995,0.7035175879397002,0.7653627840711696
104,4.6499999999999995,0.9045226130653283,0.7687317442489874
105,4.6499999999999995,1.1055276381909565,0.7728146882602251
106,4.6499999999999995,1.3065326633165846,0.7775224207906336
107,4.6499999999999995,1.5075376884422127,0.7826853901720066
108,4.6499999999999995,1.7085427135678408,0.7880326201142016
109,4.6499999999999995,1.909547738693469,0.7931476875505957
110,4.6499999999999995,2.110552763819097,0.7974585582339597
111,4.6499999999999995,2.311557788944725,0.8002439317198876
112,4.6499999999999995,2.5125628140703533,0.8007155074449012
113,4.6499999999999995,2.7135678391959814,0.7981875086800949
114,4.6499999999999995,2.9145728643216096,0.7923357771705164
115,4.6499999999999995,3.1155778894472377,0.7835427912473067
116,4.6499999999999995,3.316582914572866,0.7732105777915892
117,4.6499999999999995,3.517587939698494,0.7640037111236387
118,4.6499999999999995,3.718592964824122,0.7600236130022401
119,4.6499999999999995,3.91959798994975,0.7669566471012508
120,4.6499999999999995,4.120603015075378,0.7920578855831999
121,4.6499999999999995,4.321608040201006,0.8421814962547111
122,4.6499999999999995,4.5226130653266345,0.9123883257525115
123,4.6499999999999995,4.723618090452263,0.9525511115551965
124,4.6499999999999995,4.924623115577891,0.8493522854402827
125,4.6499999999999995,5.125628140703519,0.5758236537635725
126,4.6499999999999995,5.326633165829147,0.3241256381632783
127,4.6499999999999995,5.527638190954775,0.1911529377526789
128,4.6499999999999995,5.728643216080403,0.1217281854157246
129,4.6499999999999995,5.929648241206031,0.08132081922175928
130,4.6499999999999995,6.1306532663316595,0.05613891775768807
131,4.6499999999999995,6.331658291457288,0.03969717125812658
132,4.6499999999999995,6.532663316582916,0.02859750077443875
133,4.6499999999999995,6.733668341708544,0.020910908320430542
134,4.6499999999999995,6.934673366834172,0.015480978381875699
135,4.6499999999999995,7.1356783919598,0.011584417811712731
136,4.6499999999999995,7.336683417085428,0.008749018394333468
137,4.6499999999999995,7.537688442211056,0.00666429161549424
138,4.6499999999999995,7.7386934673366845,0.00522525816804245
139,4.6499999999999995,7.939698492462313,0.004958082396696393
140,4.6499999999999995,8.14070351758794,0.00800841246370852
141,4.6499999999999995,8.341708542713569,0.019705392076085758
142,4.6499999999999995,8.542713567839197,0.04442797714843612
143,4.6499999999999995,8.743718592964825,0.08742820900825278
144,4.6499999999999995,8.944723618090453,0.18596493108755902
145,4.6499999999999995,9.145728643216081,0.3104737704684258
146,4.6499999999999995,9.34673366834171,0.3438134751653213
147,4.6499999999999995,9.547738693467338,0.4154339633881907
148,4.6499999999999995,9.748743718592966,0.4511845793952326
149,4.6499999999999995,9.949748743718594,0.4512537928377951
150,4.6499999999999995,10.150753768844222,0.46326776216289495
151,4.6499999999999995,10.35175879396985,0.43602061489706695
152,4.6499999999999995,10.552763819095478,0.4158296655489447
153,4.6499999999999995,10.753768844221106,0.3941097015635233
154,4.6499999999999995,10.954773869346734,0.34461292650429115
155,4.6499999999999995,11.155778894472363,0.33319604782395545
156,4.6499999999999995,11.35678391959799,0.2846143815550844
157,4.6499999999999995,11.557788944723619,0.2541120951969632
158,4.6499999999999995,11.758793969849247,0.23935373884771743
159,4.6499999999999995,11.959798994974875,0.1916405461238876
160,4.6499999999999995,12.160804020100507,0.1817770999795751
161,4.6499999999999995,12.361809045226131,0.14447560217562827
162,4.6499999999999995,12.562814070351763,0.16992816315988613
163,4.6499999999999995,12.763819095477388,0.05739113406689942
164,4.6499999999999995,12.96482412060302,0.20359885518008866
165,4.6499999999999995,13.165829145728644,0.08538333630493557
166,4.6499999999999995,13.366834170854275,0.034738046886766294
167,4.6499999999999995,13.5678391959799,0.27426679372519397
168,4.6499999999999995,13.768844221105532,0.1540303404136392
169,4.6499999999999995,13.969849246231156,0.013136626814822623
170,4.6499999999999995,14.170854271356788,0.16857503040747218
171,4.6499999999999995,14.371859296482413,0.24750929356206336
172,4.6499999999999995,14.572864321608044,0.09539602905302047
173,4.6499999999999995,14.773869346733669,0.022240706769962416
174,4.6499999999999995,14.9748743718593,0.1092147140067122
175,4.6499999999999995,15.175879396984925,0.16922801611486687
176,4.6499999999999995,15.376884422110557,0.0965876652090654
177,4.6499999999999995,15.577889447236181,0.036028902284470504
178,4.6499999999999995,15.778894472361813,0.07057655238058183
179,4.6499999999999995,15.979899497487438,0.15654641120229545
180,4.6499999999999995,16.18090452261307,0.18086969672043315
181,4.6499999999999995,16.381909547738694,0.16022591356689977
182,4.6499999999999995,16.582914572864325,0.1112829699928908
183,4.6499999999999995,16.78391959798995,0.09248061887416642
184,4.6499999999999995,16.98492462311558,0.20901885298468895
185,4.6499999999999995,17.185929648241206,0.28742563380329644
186,4.6499999999999995,17.386934673366838,0.1369915320553819
187,4.6499999999999995,17.587939698492463,0.209784757957493
188,4.6499999999999995,17.788944723618094,0.3609558296249621
189,4.6499999999999995,17.98994974874372,0.22334616869312662
190,4.6499999999999995,18.19095477386935,0.06277909883849858
191,4.6499999999999995,18.391959798994975,0.08604529179870456
192,4.6499999999999995,18.592964824120607,0.31662810803089275
193,4.6499999999999995,18.79396984924623,0.4694403233712558
194,4.6499999999999995,18.994974874371863,0.3246708566563204
195,4.6499999999999995,19.195979899497488,0.10756674264879108
196,4.6499999999999995,19.39698492462312,0.021740889001349694
197,4.6499999999999995,19.597989949748744,0.11131495229285145
198,4.6499999999999995,19.798994974874375,0.25842848331140716
199,4.6499999999999995,20.0,0.3727346175036433
