,t,height,fid
0,3.999999999999999,-20.0,0.21325332373739425
1,3.999999999999999,-19.798994974874372,0.22914554196397774
2,3.999999999999999,-19.597989949748744,0.1945799401025152
3,3.999999999999999,-19.396984924623116,0.12510757232415004
4,3.999999999999999,-19.195979899497488,0.15391432352105194
5,3.999999999999999,-18.99497487437186,0.23658424147737409
6,3.999999999999999,-18.79396984924623,0.2033573073865361
7,3.999999999999999,-18.592964824120603,0.11836428831893593
8,3.999999999999999,-18.391959798994975,0.08777001213519492
9,3.999999999999999,-18.190954773869347,0.05993877847676087
10,3.999999999999999,-17.98994974874372,0.0864920989869647
11,3.999999999999999,-17.78894472361809,0.12429509409521414
12,3.999999999999999,-17.587939698492463,0.15005502810891871
13,3.999999999999999,-17.386934673366834,0.12016983362064432
14,3.999999999999999,-17.185929648241206,0.055779863169249044
15,3.999999999999999,-16.984924623115578,0.01555363132923988
16,3.999999999999999,-16.78391959798995,0.09117173038876118
17,3.999999999999999,-16.582914572864322,0.17522033247180302
18,3.999999999999999,-16.381909547738694,0.17816805622418572
19,3.999999999999999,-16.180904522613066,0.12144629139299219
20,3.999999999999999,-15.979899497487438,0.008987646705637868
21,3.999999999999999,-15.77889447236181,0.12634785662567039
22,3.999999999999999,-15.577889447236181,0.23696653398500525
23,3.999999999999999,-15.376884422110553,0.23223833168937255
24,3.999999999999999,-15.175879396984925,0.04337265551382578
25,3.999999999999999,-14.974874371859297,0.04718913782974701
26,3.999999999999999,-14.773869346733669,0.1972850005466023
27,3.999999999999999,-14.57286432160804,0.15241195549684095
28,3.999999999999999,-14.371859296482413,0.04366617830149212
29,3.999999999999999,-14.170854271356784,0.15552540299930753
30,3.999999999999999,-13.969849246231156,0.15458937788339847
31,3.999999999999999,-13.768844221105528,0.11381555017843072
32,3.999999999999999,-13.5678391959799,0.1887721469293558
33,3.999999999999999,-13.366834170854272,0.18026036851460348
34,3.999999999999999,-13.165829145728644,0.2034919138682392
35,3.999999999999999,-12.964824120603016,0.2324616872443057
36,3.999999999999999,-12.763819095477388,0.25586393505508426
37,3.999999999999999,-12.56281407035176,0.27125897106364943
38,3.999999999999999,-12.361809045226131,0.30456307343508143
39,3.999999999999999,-12.160804020100503,0.3417305517016116
40,3.999999999999999,-11.959798994974873,0.3377200288798574
41,3.999999999999999,-11.758793969849245,0.38305692034123584
42,3.999999999999999,-11.557788944723617,0.41873970219617723
43,3.999999999999999,-11.356783919597989,0.3748619573737101
44,3.999999999999999,-11.15577889447236,0.47500364780419646
45,3.999999999999999,-10.954773869346733,0.38374261708269575
46,3.999999999999999,-10.753768844221105,0.45091319224709575
47,3.999999999999999,-10.552763819095476,0.3794149040295423
48,3.999999999999999,-10.351758793969848,0.3747828551331757
49,3.999999999999999,-10.15075376884422,0.3078758527535862
50,3.999999999999999,-9.949748743718592,0.2665282323882498
51,3.999999999999999,-9.748743718592964,0.17091549009510082
52,3.999999999999999,-9.547738693467336,0.14553966385530734
53,3.999999999999999,-9.346733668341708,0.04667316654109584
54,3.999999999999999,-9.14572864321608,0.0323322052072644
55,3.999999999999999,-8.944723618090451,0.017712752538698424
56,3.999999999999999,-8.743718592964823,0.002504379314434014
57,3.999999999999999,-8.542713567839195,0.0022269312887699864
58,3.999999999999999,-8.341708542713567,0.004277777041387606
59,3.999999999999999,-8.140703517587939,0.005591963581742565
60,3.999999999999999,-7.939698492462311,0.007040786001196099
61,3.999999999999999,-7.738693467336683,0.008947930979336166
62,3.999999999999999,-7.537688442211055,0.011479207935752184
63,3.999999999999999,-7.3366834170854265,0.014888628546431134
64,3.999999999999999,-7.135678391959798,0.019565333075659278
65,3.999999999999999,-6.93467336683417,0.026061329936203772
66,3.999999999999999,-6.733668341708542,0.035119888038362114
67,3.999999999999999,-6.532663316582914,0.0477215933975441
68,3.999999999999999,-6.331658291457286,0.06522750156160957
69,3.999999999999999,-6.130653266331658,0.08973364530110761
70,3.999999999999999,-5.92964824120603,0.12476873299259994
71,3.999999999999999,-5.7286432160804015,0.17669844379474048
72,3.999999999999999,-5.527638190954773,0.25761331434028273
73,3.999999999999999,-5.326633165829145,0.389780179225278
74,3.999999999999999,-5.125628140703517,0.5899579973951422
75,3.999999999999999,-4.924623115577889,0.8037043885547445
76,3.999999999999999,-4.723618090452261,0.9277669448813523
77,3.999999999999999,-4.522613065326633,0.9397826052854309
78,3.999999999999999,-4.321608040201005,0.8942273026060769
79,3.999999999999999,-4.1206030150753765,0.8405768049492124
80,3.999999999999999,-3.9195979899497466,0.7987713941013791
81,3.999999999999999,-3.7185929648241185,0.7716287157048102
82,3.999999999999999,-3.5175879396984904,0.756430928105081
83,3.999999999999999,-3.3165829145728623,0.7496814579829424
84,3.999999999999999,-3.115577889447234,0.7483819180006891
85,3.999999999999999,-2.914572864321606,0.7502270740168145
86,3.999999999999999,-2.713567839195978,0.7535346352136665
87,3.999999999999999,-2.5125628140703498,0.757152554539725
88,3.999999999999999,-2.3115577889447216,0.7603553785845406
89,3.999999999999999,-2.1105527638190935,0.7627585822049756
90,3.999999999999999,-1.9095477386934654,0.7642341193434827
91,3.999999999999999,-1.7085427135678373,0.7648296642920958
92,3.999999999999999,-1.5075376884422091,0.7646960854973708
93,3.999999999999999,-1.306532663316581,0.7640364419104917
94,3.999999999999999,-1.105527638190953,0.7630644152727383
95,3.999999999999999,-0.9045226130653248,0.761982359253649
96,3.999999999999999,-0.7035175879396967,0.7609648193531661
97,3.999999999999999,-0.5025125628140685,0.7601536156594282
98,3.999999999999999,-0.3015075376884404,0.7596564387745252
99,3.999999999999999,-0.10050251256281229,0.7595484296040994
100,3.999999999999999,0.10050251256281584,0.7598717651128905
101,3.999999999999999,0.30150753768844396,0.7606375469744405
102,3.999999999999999,0.5025125628140721,0.7618253434797352
103,3.999999999999999,0.7035175879397002,0.7633808574539293
104,3.999999999999999,0.9045226130653283,0.7652124926196336
105,3.999999999999999,1.1055276381909565,0.7671914566893263
106,3.999999999999999,1.3065326633165846,0.7691448076877566
107,3.999999999999999,1.5075376884422127,0.7708684479224588
108,3.999999999999999,1.7085427135678408,0.7721301596794888
109,3.999999999999999,1.909547738693469,0.7726988839052354
110,3.999999999999999,2.110552763819097,0.772381763767847
111,3.999999999999999,2.311557788944725,0.7710853028238182
112,3.999999999999999,2.5125628140703533,0.7688873301686391
113,3.999999999999999,2.7135678391959814,0.766134042797659
114,3.999999999999999,2.9145728643216096,0.763531190757455
115,3.999999999999999,3.1155778894472377,0.762247639166734
116,3.999999999999999,3.316582914572866,0.7640237970227185
117,3.999999999999999,3.517587939698494,0.7712919528715477
118,3.999999999999999,3.718592964824122,0.7872745076195137
119,3.999999999999999,3.91959798994975,0.8158816301204812
120,3.999999999999999,4.120603015075378,0.8605119661316291
121,3.999999999999999,4.321608040201006,0.9192549526685123
122,3.999999999999999,4.5226130653266345,0.972298897999826
123,3.999999999999999,4.723618090452263,0.966548755838132
124,3.999999999999999,4.924623115577891,0.839054526047504
125,3.999999999999999,5.125628140703519,0.6099047326819936
126,3.999999999999999,5.326633165829147,0.3949682657457253
127,3.999999999999999,5.527638190954775,0.256651904081994
128,3.999999999999999,5.728643216080403,0.17448172332437126
129,3.999999999999999,5.929648241206031,0.12295730083392331
130,3.999999999999999,6.1306532663316595,0.08889378342393434
131,3.999999999999999,6.331658291457288,0.06546563867590813
132,3.999999999999999,6.532663316582916,0.048882533701326975
133,3.999999999999999,6.733668341708544,0.036895085677095
134,3.999999999999999,6.934673366834172,0.028101771988740174
135,3.999999999999999,7.1356783919598,0.02158064946537778
136,3.999999999999999,7.336683417085428,0.016698549671961497
137,3.999999999999999,7.537688442211056,0.01301062636836347
138,3.999999999999999,7.7386934673366845,0.010199868590248516
139,3.999999999999999,7.939698492462313,0.008044556714933168
140,3.999999999999999,8.14070351758794,0.006380629595585991
141,3.999999999999999,8.341708542713569,0.004848230529495347
142,3.999999999999999,8.542713567839197,0.0025578485824332077
143,3.999999999999999,8.743718592964825,0.0029038230119522537
144,3.999999999999999,8.944723618090453,0.019343177688265174
145,3.999999999999999,9.145728643216081,0.035860965626572386
146,3.999999999999999,9.34673366834171,0.04955223284083703
147,3.999999999999999,9.547738693467338,0.15144999282920665
148,3.999999999999999,9.748743718592966,0.18488702502356483
149,3.999999999999999,9.949748743718594,0.26994757995208507
150,3.999999999999999,10.150753768844222,0.32586529238740847
151,3.999999999999999,10.35175879396985,0.37674347136469777
152,3.999999999999999,10.552763819095478,0.3974195126484266
153,3.999999999999999,10.753768844221106,0.44752998684767786
154,3.999999999999999,10.954773869346734,0.40474389703322755
155,3.999999999999999,11.155778894472363,0.4634001848717511
156,3.999999999999999,11.35678391959799,0.39751367435576734
157,3.999999999999999,11.557788944723619,0.4086243950544564
158,3.999999999999999,11.758793969849247,0.3925984222400002
159,3.999999999999999,11.959798994974875,0.34432477292300506
160,3.999999999999999,12.160804020100507,0.33592797820633197
161,3.999999999999999,12.361809045226131,0.3124280799925659
162,3.999999999999999,12.562814070351763,0.27489978199724574
163,3.999999999999999,12.763819095477388,0.2524570905198164
164,3.999999999999999,12.96482412060302,0.23436738562991113
165,3.999999999999999,13.165829145728644,0.20953678574091575
166,3.999999999999999,13.366834170854275,0.17757340270278688
167,3.999999999999999,13.5678391959799,0.18891412308139086
168,3.999999999999999,13.768844221105532,0.11417064725221084
169,3.999999999999999,13.969849246231156,0.16072066716691585
170,3.999999999999999,14.170854271356788,0.157936896694435
171,3.999999999999999,14.371859296482413,0.037390885097598095
172,3.999999999999999,14.572864321608044,0.1572354032074912
173,3.999999999999999,14.773869346733669,0.21472053335333405
174,3.999999999999999,14.9748743718593,0.046424674120814184
175,3.999999999999999,15.175879396984925,0.04076475799191399
176,3.999999999999999,15.376884422110557,0.23613836079642256
177,3.999999999999999,15.577889447236181,0.26073697779666755
178,3.999999999999999,15.778894472361813,0.12251481379961346
179,3.999999999999999,15.979899497487438,0.014305561384026435
180,3.999999999999999,16.18090452261307,0.1145387045722571
181,3.999999999999999,16.381909547738694,0.19453863018036566
182,3.999999999999999,16.582914572864325,0.1827259000454848
183,3.999999999999999,16.78391959798995,0.08948654226462849
184,3.999999999999999,16.98492462311558,0.019594841361911013
185,3.999999999999999,17.185929648241206,0.05627230650971897
186,3.999999999999999,17.386934673366838,0.12463103782296088
187,3.999999999999999,17.587939698492463,0.15627731450137408
188,3.999999999999999,17.788944723618094,0.13133781759603771
189,3.999999999999999,17.98994974874372,0.08525555111538484
190,3.999999999999999,18.19095477386935,0.06612008149794638
191,3.999999999999999,18.391959798994975,0.09089321062998777
192,3.999999999999999,18.592964824120607,0.11356088890595639
193,3.999999999999999,18.79396984924623,0.20686828760703063
194,3.999999999999999,18.994974874371863,0.2555617673059435
195,3.999999999999999,19.195979899497488,0.15142111323213595
196,3.999999999999999,19.39698492462312,0.1160457777421104
197,3.999999999999999,19.597989949748744,0.2039203805805925
198,3.999999999999999,19.798994974874375,0.25120802043383333
199,3.999999999999999,20.0,0.21035226306155652
