,t,height,fid
0,4.049999999999999,-20.0,0.13828180391681416
1,4.049999999999999,-19.798994974874372,0.21125558451522888
2,4.049999999999999,-19.597989949748744,0.2734114640892846
3,4.049999999999999,-19.396984924623116,0.17830749330962578
4,4.049999999999999,-19.195979899497488,0.10642104425062415
5,4.049999999999999,-18.99497487437186,0.20670928343726944
6,4.049999999999999,-18.79396984924623,0.2689337119945054
7,4.049999999999999,-18.592964824120603,0.1383871650600276
8,4.049999999999999,-18.391959798994975,0.07677348436715067
9,4.049999999999999,-18.190954773869347,0.07978027193389138
10,4.049999999999999,-17.98994974874372,0.09357436127282312
11,4.049999999999999,-17.78894472361809,0.11406994501604668
12,4.049999999999999,-17.587939698492463,0.1579929605465634
13,4.049999999999999,-17.386934673366834,0.13696573620353725
14,4.049999999999999,-17.185929648241206,0.06399141058205088
15,4.049999999999999,-16.984924623115578,0.018590655543373087
16,4.049999999999999,-16.78391959798995,0.06964370991929246
17,4.049999999999999,-16.582914572864322,0.14240089482163443
18,4.049999999999999,-16.381909547738694,0.187488289691892
19,4.049999999999999,-16.180904522613066,0.1301415905829048
20,4.049999999999999,-15.979899497487438,0.012711822916081668
21,4.049999999999999,-15.77889447236181,0.09297788660383431
22,4.049999999999999,-15.577889447236181,0.21581800139138513
23,4.049999999999999,-15.376884422110553,0.27352229171269843
24,4.049999999999999,-15.175879396984925,0.06306581550044667
25,4.049999999999999,-14.974874371859297,0.022528671025828024
26,4.049999999999999,-14.773869346733669,0.17468885081978644
27,4.049999999999999,-14.57286432160804,0.20439021387295375
28,4.049999999999999,-14.371859296482413,0.04213138250457308
29,4.049999999999999,-14.170854271356784,0.11143727392835309
30,4.049999999999999,-13.969849246231156,0.1708415525872007
31,4.049999999999999,-13.768844221105528,0.10672465709647931
32,4.049999999999999,-13.5678391959799,0.17434492232212837
33,4.049999999999999,-13.366834170854272,0.16855268209540644
34,4.049999999999999,-13.165829145728644,0.1881500882264299
35,4.049999999999999,-12.964824120603016,0.23053136714661204
36,4.049999999999999,-12.763819095477388,0.23703298285209193
37,4.049999999999999,-12.56281407035176,0.25299480994500634
38,4.049999999999999,-12.361809045226131,0.3039812803613399
39,4.049999999999999,-12.160804020100503,0.3250135462919163
40,4.049999999999999,-11.959798994974873,0.3179764337974674
41,4.049999999999999,-11.758793969849245,0.39316077307221514
42,4.049999999999999,-11.557788944723617,0.39003837652803525
43,4.049999999999999,-11.356783919597989,0.3855422741070404
44,4.049999999999999,-11.15577889447236,0.4665446489007979
45,4.049999999999999,-10.954773869346733,0.3849397844537647
46,4.049999999999999,-10.753768844221105,0.4629227441045798
47,4.049999999999999,-10.552763819095476,0.38417518919075144
48,4.049999999999999,-10.351758793969848,0.39600004294936936
49,4.049999999999999,-10.15075376884422,0.3276077901202394
50,4.049999999999999,-9.949748743718592,0.2860415512679337
51,4.049999999999999,-9.748743718592964,0.20329042444808484
52,4.049999999999999,-9.547738693467336,0.15907865578272393
53,4.049999999999999,-9.346733668341708,0.06432448722477842
54,4.049999999999999,-9.14572864321608,0.04486352528717998
55,4.049999999999999,-8.944723618090451,0.019990798558405236
56,4.049999999999999,-8.743718592964823,0.0016123785996430646
57,4.049999999999999,-8.542713567839195,0.0016670807330549425
58,4.049999999999999,-8.341708542713567,0.004037483774745315
59,4.049999999999999,-8.140703517587939,0.0054642761105842975
60,4.049999999999999,-7.939698492462311,0.007069845614073115
61,4.049999999999999,-7.738693467336683,0.009220457352804176
62,4.049999999999999,-7.537688442211055,0.012086868815057274
63,4.049999999999999,-7.3366834170854265,0.015924434755593946
64,4.049999999999999,-7.135678391959798,0.02109098176597668
65,4.049999999999999,-6.93467336683417,0.028053377760654273
66,4.049999999999999,-6.733668341708542,0.0374110844446487
67,4.049999999999999,-6.532663316582914,0.04996758013468822
68,4.049999999999999,-6.331658291457286,0.06691684865697715
69,4.049999999999999,-6.130653266331658,0.09024873060048252
70,4.049999999999999,-5.92964824120603,0.12345140829759267
71,4.049999999999999,-5.7286432160804015,0.17291190327671263
72,4.049999999999999,-5.527638190954773,0.25083481580836425
73,4.049999999999999,-5.326633165829145,0.38014694423725526
74,4.049999999999999,-5.125628140703517,0.5794168807680026
75,4.049999999999999,-4.924623115577889,0.7935133651616171
76,4.049999999999999,-4.723618090452261,0.9162598532180237
77,4.049999999999999,-4.522613065326633,0.9266373566850903
78,4.049999999999999,-4.321608040201005,0.8814008197426654
79,4.049999999999999,-4.1206030150753765,0.8298826265838272
80,4.049999999999999,-3.9195979899497466,0.7909981203922483
81,4.049999999999999,-3.7185929648241185,0.7668543973056672
82,4.049999999999999,-3.5175879396984904,0.75441227411884
83,4.049999999999999,-3.3165829145728623,0.7500459698326264
84,4.049999999999999,-3.115577889447234,0.7506918872040815
85,4.049999999999999,-2.914572864321606,0.7540164870536894
86,4.049999999999999,-2.713567839195978,0.75833523812707
87,4.049999999999999,-2.5125628140703498,0.7625179989797592
88,4.049999999999999,-2.3115577889447216,0.7658935770755597
89,4.049999999999999,-2.1105527638190935,0.7681462561179064
90,4.049999999999999,-1.9095477386934654,0.7692307242855962
91,4.049999999999999,-1.7085427135678373,0.7692763936820316
92,4.049999999999999,-1.5075376884422091,0.7685078891158112
93,4.049999999999999,-1.306532663316581,0.767185760670563
94,4.049999999999999,-1.105527638190953,0.7655667436987017
95,4.049999999999999,-0.9045226130653248,0.7638824093198048
96,4.049999999999999,-0.7035175879396967,0.7623236981530471
97,4.049999999999999,-0.5025125628140685,0.7610388717040006
98,4.049999999999999,-0.3015075376884404,0.7601376488728518
99,4.049999999999999,-0.10050251256281229,0.7596927083579446
100,4.049999999999999,0.10050251256281584,0.7597430521602389
101,4.049999999999999,0.30150753768844396,0.7602970130579798
102,4.049999999999999,0.5025125628140721,0.7613328467618131
103,4.049999999999999,0.7035175879397002,0.7627960607087849
104,4.049999999999999,0.9045226130653283,0.7645977024171672
105,4.049999999999999,1.1055276381909565,0.766609849949447
106,4.049999999999999,1.3065326633165846,0.7686623700789466
107,4.049999999999999,1.5075376884422127,0.7705444342916971
108,4.049999999999999,1.7085427135678408,0.7720143080214037
109,4.049999999999999,1.909547738693469,0.772817588430789
110,4.049999999999999,2.110552763819097,0.7727290666604302
111,4.049999999999999,2.311557788944725,0.7716081509688204
112,4.049999999999999,2.5125628140703533,0.7694773582748232
113,4.049999999999999,2.7135678391959814,0.7666247303318878
114,4.049999999999999,2.9145728643216096,0.7637063133597359
115,4.049999999999999,3.1155778894472377,0.7618600577728909
116,4.049999999999999,3.316582914572866,0.7628131642269231
117,4.049999999999999,3.517587939698494,0.7690187270420815
118,4.049999999999999,3.718592964824122,0.7837651964070481
119,4.049999999999999,3.91959798994975,0.8111196058638322
120,4.049999999999999,4.120603015075378,0.8548556753293131
121,4.049999999999999,4.321608040201006,0.9138155900955001
122,4.049999999999999,4.5226130653266345,0.9690838909663414
123,4.049999999999999,4.723618090452263,0.9668616910297247
124,4.049999999999999,4.924623115577891,0.8401443758412726
125,4.049999999999999,5.125628140703519,0.6071420710816829
126,4.049999999999999,5.326633165829147,0.38918736131696235
127,4.049999999999999,5.527638190954775,0.25098959005998833
128,4.049999999999999,5.728643216080403,0.16985243420325036
129,4.049999999999999,5.929648241206031,0.11935609705249567
130,4.049999999999999,6.1306532663316595,0.08617280366559256
131,4.049999999999999,6.331658291457288,0.06345861691288655
132,4.049999999999999,6.532663316582916,0.047419706339822
133,4.049999999999999,6.733668341708544,0.03582350996653321
134,4.049999999999999,6.934673366834172,0.027293850982617766
135,4.049999999999999,7.1356783919598,0.02093939425161741
136,4.049999999999999,7.336683417085428,0.016162009235348173
137,4.049999999999999,7.537688442211056,0.012542410406231485
138,4.049999999999999,7.7386934673366845,0.00978001326377986
139,4.049999999999999,7.939698492462313,0.007665250331309797
140,4.049999999999999,8.14070351758794,0.0060426218357499855
141,4.049999999999999,8.341708542713569,0.004495305871723024
142,4.049999999999999,8.542713567839197,0.00191738399362759
143,4.049999999999999,8.743718592964825,0.0024516078063458913
144,4.049999999999999,8.944723618090453,0.023375122313697323
145,4.049999999999999,9.145728643216081,0.048645935616407135
146,4.049999999999999,9.34673366834171,0.06577796498368468
147,4.049999999999999,9.547738693467338,0.1710109640676843
148,4.049999999999999,9.748743718592966,0.2141645995151899
149,4.049999999999999,9.949748743718594,0.29139172924687806
150,4.049999999999999,10.150753768844222,0.34782938951294734
151,4.049999999999999,10.35175879396985,0.393958994369141
152,4.049999999999999,10.552763819095478,0.40736654880406464
153,4.049999999999999,10.753768844221106,0.4549906056623143
154,4.049999999999999,10.954773869346734,0.4071019762956899
155,4.049999999999999,11.155778894472363,0.45816295467215834
156,4.049999999999999,11.35678391959799,0.39829222878184306
157,4.049999999999999,11.557788944723619,0.3929220937777842
158,4.049999999999999,11.758793969849247,0.38976819319278044
159,4.049999999999999,11.959798994974875,0.3300143197585946
160,4.049999999999999,12.160804020100507,0.32189159082909424
161,4.049999999999999,12.361809045226131,0.3042437884884968
162,4.049999999999999,12.562814070351763,0.25990067087630586
163,4.049999999999999,12.763819095477388,0.23677928577408408
164,4.049999999999999,12.96482412060302,0.22775929777776024
165,4.049999999999999,13.165829145728644,0.1923735222124162
166,4.049999999999999,13.366834170854275,0.1712834585118298
167,4.049999999999999,13.5678391959799,0.17410110064061282
168,4.049999999999999,13.768844221105532,0.10116879522939605
169,4.049999999999999,13.969849246231156,0.18082912340192045
170,4.049999999999999,14.170854271356788,0.11647770353186387
171,4.049999999999999,14.371859296482413,0.03598145563790991
172,4.049999999999999,14.572864321608044,0.20536831846316436
173,4.049999999999999,14.773869346733669,0.19461563901503312
174,4.049999999999999,14.9748743718593,0.02255562659078053
175,4.049999999999999,15.175879396984925,0.06632260435992111
176,4.049999999999999,15.376884422110557,0.2691562989528498
177,4.049999999999999,15.577889447236181,0.2393424800286161
178,4.049999999999999,15.778894472361813,0.09248815385604886
179,4.049999999999999,15.979899497487438,0.018129296268180623
180,4.049999999999999,16.18090452261307,0.12527445459571337
181,4.049999999999999,16.381909547738694,0.19595995649191175
182,4.049999999999999,16.582914572864325,0.15385104824086068
183,4.049999999999999,16.78391959798995,0.06936057320631953
184,4.049999999999999,16.98492462311558,0.021656268260221132
185,4.049999999999999,17.185929648241206,0.06677993836855754
186,4.049999999999999,17.386934673366838,0.13828859905453406
187,4.049999999999999,17.587939698492463,0.16342187201705888
188,4.049999999999999,17.788944723618094,0.12181000323311235
189,4.049999999999999,17.98994974874372,0.09374836313278365
190,4.049999999999999,18.19095477386935,0.08446279901611059
191,4.049999999999999,18.391959798994975,0.08040069681524738
192,4.049999999999999,18.592964824120607,0.13556265749234933
193,4.049999999999999,18.79396984924623,0.272135682263318
194,4.049999999999999,18.994974874371863,0.2203875232571883
195,4.049999999999999,19.195979899497488,0.10640127663142611
196,4.049999999999999,19.39698492462312,0.17426632302065173
197,4.049999999999999,19.597989949748744,0.27961793314695743
198,4.049999999999999,19.798994974874375,0.23571877081750528
199,4.049999999999999,20.0,0.1365341278486981
