,t,height,fid
0,4.799999999999999,-20.0,0.28477224828056674
1,4.799999999999999,-19.798994974874372,0.35503268012381134
2,4.799999999999999,-19.597989949748744,0.23649131355969805
3,4.799999999999999,-19.396984924623116,0.06900827754770388
4,4.799999999999999,-19.195979899497488,0.013082325364689347
5,4.799999999999999,-18.99497487437186,0.13297361135980587
6,4.799999999999999,-18.79396984924623,0.36448444577723116
7,4.799999999999999,-18.592964824120603,0.3887538783671099
8,4.799999999999999,-18.391959798994975,0.2498502098142131
9,4.799999999999999,-18.190954773869347,0.051315837896211865
10,4.799999999999999,-17.98994974874372,0.07298065567698975
11,4.799999999999999,-17.78894472361809,0.2734572288769592
12,4.799999999999999,-17.587939698492463,0.40194305700406596
13,4.799999999999999,-17.386934673366834,0.2571225039724801
14,4.799999999999999,-17.185929648241206,0.10668638960576288
15,4.799999999999999,-16.984924623115578,0.2582951545109339
16,4.799999999999999,-16.78391959798995,0.2176492658428429
17,4.799999999999999,-16.582914572864322,0.09297881624814605
18,4.799999999999999,-16.381909547738694,0.17261476499438913
19,4.799999999999999,-16.180904522613066,0.20885848075184482
20,4.799999999999999,-15.979899497487438,0.1790795507625362
21,4.799999999999999,-15.77889447236181,0.12696430747823143
22,4.799999999999999,-15.577889447236181,0.0477546873917089
23,4.799999999999999,-15.376884422110553,0.08357313890152372
24,4.799999999999999,-15.175879396984925,0.134689786470288
25,4.799999999999999,-14.974874371859297,0.13911719353819615
26,4.799999999999999,-14.773869346733669,0.03533309184747609
27,4.799999999999999,-14.57286432160804,0.046650793318547906
28,4.799999999999999,-14.371859296482413,0.16543543948474376
29,4.799999999999999,-14.170854271356784,0.18914805153380904
30,4.799999999999999,-13.969849246231156,0.03420805739813212
31,4.799999999999999,-13.768844221105528,0.09412566320152314
32,4.799999999999999,-13.5678391959799,0.25743832016030455
33,4.799999999999999,-13.366834170854272,0.13605983542632588
34,4.799999999999999,-13.165829145728644,0.02161413004708662
35,4.799999999999999,-12.964824120603016,0.19546039644323632
36,4.799999999999999,-12.763819095477388,0.10241741472512635
37,4.799999999999999,-12.56281407035176,0.10384871340748714
38,4.799999999999999,-12.361809045226131,0.15097753164510025
39,4.799999999999999,-12.160804020100503,0.12608032284982562
40,4.799999999999999,-11.959798994974873,0.18614984187077918
41,4.799999999999999,-11.758793969849245,0.1805748778830082
42,4.799999999999999,-11.557788944723617,0.2347126668784446
43,4.799999999999999,-11.356783919597989,0.23966245785341309
44,4.799999999999999,-11.15577889447236,0.2935688055684997
45,4.799999999999999,-10.954773869346733,0.31560369596722937
46,4.799999999999999,-10.753768844221105,0.34739842613295696
47,4.799999999999999,-10.552763819095476,0.3979203191330448
48,4.799999999999999,-10.351758793969848,0.39784912385053
49,4.799999999999999,-10.15075376884422,0.4621481740895162
50,4.799999999999999,-9.949748743718592,0.4317748695073785
51,4.799999999999999,-9.748743718592964,0.4758736699254458
52,4.799999999999999,-9.547738693467336,0.4384304822571361
53,4.799999999999999,-9.346733668341708,0.3722863516385781
54,4.799999999999999,-9.14572864321608,0.3835507928070913
55,4.799999999999999,-8.944723618090451,0.25408247269534884
56,4.799999999999999,-8.743718592964823,0.13432202668482982
57,4.799999999999999,-8.542713567839195,0.07603440017541101
58,4.799999999999999,-8.341708542713567,0.03446468926448053
59,4.799999999999999,-8.140703517587939,0.011153720706887946
60,4.799999999999999,-7.939698492462311,0.004124834308247199
61,4.799999999999999,-7.738693467336683,0.0032659474217531974
62,4.799999999999999,-7.537688442211055,0.004283351560920841
63,4.799999999999999,-7.3366834170854265,0.006090040899053561
64,4.799999999999999,-7.135678391959798,0.008606878647070595
65,4.799999999999999,-6.93467336683417,0.012107272457668529
66,4.799999999999999,-6.733668341708542,0.017038598378869136
67,4.799999999999999,-6.532663316582914,0.0240953095516493
68,4.799999999999999,-6.331658291457286,0.034395368269713955
69,4.799999999999999,-6.130653266331658,0.049806811519559645
70,4.799999999999999,-5.92964824120603,0.0736134772288564
71,4.799999999999999,-5.7286432160804015,0.11202563311958282
72,4.799999999999999,-5.527638190954773,0.17809372751434144
73,4.799999999999999,-5.326633165829145,0.3038509852685383
74,4.799999999999999,-5.125628140703517,0.5452142790326562
75,4.799999999999999,-4.924623115577889,0.8124600092247454
76,4.799999999999999,-4.723618090452261,0.9117910095816796
77,4.799999999999999,-4.522613065326633,0.8725711901604948
78,4.799999999999999,-4.321608040201005,0.8078314356775051
79,4.799999999999999,-4.1206030150753765,0.7646688828731238
80,4.799999999999999,-3.9195979899497466,0.7464277715485668
81,4.799999999999999,-3.7185929648241185,0.7457609367783954
82,4.799999999999999,-3.5175879396984904,0.7551315270039437
83,4.799999999999999,-3.3165829145728623,0.7685779477731831
84,4.799999999999999,-3.115577889447234,0.7818310924891492
85,4.799999999999999,-2.914572864321606,0.7922519541468609
86,4.799999999999999,-2.713567839195978,0.7986669333191188
87,4.799999999999999,-2.5125628140703498,0.801043267436788
88,4.799999999999999,-2.3115577889447216,0.8000541946212945
89,4.799999999999999,-2.1105527638190935,0.7966646847560848
90,4.799999999999999,-1.9095477386934654,0.7918355807001235
91,4.799999999999999,-1.7085427135678373,0.7863668787986423
92,4.799999999999999,-1.5075376884422091,0.780849117190517
93,4.799999999999999,-1.306532663316581,0.7756802269040317
94,4.799999999999999,-1.105527638190953,0.771098322576106
95,4.799999999999999,-0.9045226130653248,0.7672359449818191
96,4.799999999999999,-0.7035175879396967,0.7641523016633275
97,4.799999999999999,-0.5025125628140685,0.7618685920714575
98,4.799999999999999,-0.3015075376884404,0.7603846033428009
99,4.799999999999999,-0.10050251256281229,0.759698287850148
100,4.799999999999999,0.10050251256281584,0.7598125048557071
101,4.799999999999999,0.30150753768844396,0.7607399779233641
102,4.799999999999999,0.5025125628140721,0.7625032099788597
103,4.799999999999999,0.7035175879397002,0.7651320358005247
104,4.799999999999999,0.9045226130653283,0.7686540384025169
105,4.799999999999999,1.1055276381909565,0.7730777473155751
106,4.799999999999999,1.3065326633165846,0.7783707047327966
107,4.799999999999999,1.5075376884422127,0.7844279897620403
108,4.799999999999999,1.7085427135678408,0.7910333284908809
109,4.799999999999999,1.909547738693469,0.7978004429148037
110,4.799999999999999,2.110552763819097,0.8041299361358585
111,4.799999999999999,2.311557788944725,0.8091926404855623
112,4.799999999999999,2.5125628140703533,0.8119610442285328
113,4.799999999999999,2.7135678391959814,0.8113657203458589
114,4.799999999999999,2.9145728643216096,0.8065997414134581
115,4.799999999999999,3.1155778894472377,0.797556050488088
116,4.799999999999999,3.316582914572866,0.7852819042374528
117,4.799999999999999,3.517587939698494,0.772361385225144
118,4.799999999999999,3.718592964824122,0.7630834956804378
119,4.799999999999999,3.91959798994975,0.7635926834132767
120,4.799999999999999,4.120603015075378,0.7819009691347439
121,4.799999999999999,4.321608040201006,0.8264957467494284
122,4.799999999999999,4.5226130653266345,0.8961843721729141
123,4.799999999999999,4.723618090452263,0.9449008991626346
124,4.799999999999999,4.924623115577891,0.8505151177531043
125,4.799999999999999,5.125628140703519,0.5685776832341101
126,4.799999999999999,5.326633165829147,0.30924543707158164
127,4.799999999999999,5.527638190954775,0.17868660364332017
128,4.799999999999999,5.728643216080403,0.11212652440314952
129,4.799999999999999,5.929648241206031,0.07390474060219093
130,4.799999999999999,6.1306532663316595,0.05033921830479639
131,4.799999999999999,6.331658291457288,0.03510550863311573
132,4.799999999999999,6.532663316582916,0.024916677344828744
133,4.799999999999999,6.733668341708544,0.017924373432487373
134,4.799999999999999,6.934673366834172,0.013027263075627933
135,4.799999999999999,7.1356783919598,0.009541738013644852
136,4.799999999999999,7.336683417085428,0.007024608502364413
137,4.799999999999999,7.537688442211056,0.005190281261773738
138,4.799999999999999,7.7386934673366845,0.004129926095100706
139,4.799999999999999,7.939698492462313,0.00519513146711737
140,4.799999999999999,8.14070351758794,0.01328480794255271
141,4.799999999999999,8.341708542713569,0.03950238700403854
142,4.799999999999999,8.542713567839197,0.08590998292671252
143,4.799999999999999,8.743718592964825,0.1457569627839283
144,4.799999999999999,8.944723618090453,0.25691767723655845
145,4.799999999999999,9.145728643216081,0.3837555767152676
146,4.799999999999999,9.34673366834171,0.3908875088827338
147,4.799999999999999,9.547738693467338,0.448021655701647
148,4.799999999999999,9.748743718592966,0.4772040913453943
149,4.799999999999999,9.949748743718594,0.44523759752976516
150,4.799999999999999,10.150753768844222,0.460357885397383
151,4.799999999999999,10.35175879396985,0.40861672781670744
152,4.799999999999999,10.552763819095478,0.3955037392914872
153,4.799999999999999,10.753768844221106,0.3547968796085173
154,4.799999999999999,10.954773869346734,0.3153402438421489
155,4.799999999999999,11.155778894472363,0.2945683606552454
156,4.799999999999999,11.35678391959799,0.24557971461848652
157,4.799999999999999,11.557788944723619,0.2287797836729348
158,4.799999999999999,11.758793969849247,0.1872846744805993
159,4.799999999999999,11.959798994974875,0.18644881849514197
160,4.799999999999999,12.160804020100507,0.12088674057819392
161,4.799999999999999,12.361809045226131,0.16399763147833785
162,4.799999999999999,12.562814070351763,0.0986745575603368
163,4.799999999999999,12.763819095477388,0.09527353802386686
164,4.799999999999999,12.96482412060302,0.2167130047839608
165,4.799999999999999,13.165829145728644,0.020003965239692036
166,4.799999999999999,13.366834170854275,0.13190885906279187
167,4.799999999999999,13.5678391959799,0.27586722317469325
168,4.799999999999999,13.768844221105532,0.09635556776941914
169,4.799999999999999,13.969849246231156,0.03668812075492856
170,4.799999999999999,14.170854271356788,0.19312099774566113
171,4.799999999999999,14.371859296482413,0.1764775141568656
172,4.799999999999999,14.572864321608044,0.04746661600423763
173,4.799999999999999,14.773869346733669,0.038709239130706445
174,4.799999999999999,14.9748743718593,0.1398307574069671
175,4.799999999999999,15.175879396984925,0.14516603720191587
176,4.799999999999999,15.376884422110557,0.08458864625249786
177,4.799999999999999,15.577889447236181,0.05225525802192687
178,4.799999999999999,15.778894472361813,0.1275753983881264
179,4.799999999999999,15.979899497487438,0.17649595506383473
180,4.799999999999999,16.18090452261307,0.2272503954022222
181,4.799999999999999,16.381909547738694,0.1645293153758889
182,4.799999999999999,16.582914572864325,0.09650262569543588
183,4.799999999999999,16.78391959798995,0.2243739330490664
184,4.799999999999999,16.98492462311558,0.2604340767453805
185,4.799999999999999,17.185929648241206,0.11192239784074359
186,4.799999999999999,17.386934673366838,0.2509737050613897
187,4.799999999999999,17.587939698492463,0.4178534050330194
188,4.799999999999999,17.788944723618094,0.28544535031025675
189,4.799999999999999,17.98994974874372,0.07271198642980954
190,4.799999999999999,18.19095477386935,0.049088504326118255
191,4.799999999999999,18.391959798994975,0.2504012364276293
192,4.799999999999999,18.592964824120607,0.4118374027027783
193,4.799999999999999,18.79396984924623,0.3669166875435267
194,4.799999999999999,18.994974874371863,0.13499348560586663
195,4.799999999999999,19.195979899497488,0.012289110875098673
196,4.799999999999999,19.39698492462312,0.07404105907128362
197,4.799999999999999,19.597989949748744,0.23631847468714623
198,4.799999999999999,19.798994974874375,0.3555550299255328
199,4.799999999999999,20.0,0.30086831358475374
