,t,height,fid
0,4.249999999999999,-20.0,0.054200267316848856
1,4.249999999999999,-19.798994974874372,0.05724097044307852
2,4.249999999999999,-19.597989949748744,0.19426637245316036
3,4.249999999999999,-19.396984924623116,0.3053327788395598
4,4.249999999999999,-19.195979899497488,0.3771544897729058
5,4.249999999999999,-18.99497487437186,0.17958663169325945
6,4.249999999999999,-18.79396984924623,0.10900662782247525
7,4.249999999999999,-18.592964824120603,0.23711106413783087
8,4.249999999999999,-18.391959798994975,0.24437215183212696
9,4.249999999999999,-18.190954773869347,0.08928754378344375
10,4.249999999999999,-17.98994974874372,0.07907453998170237
11,4.249999999999999,-17.78894472361809,0.1776773026680304
12,4.249999999999999,-17.587939698492463,0.17473021783671236
13,4.249999999999999,-17.386934673366834,0.1575877213551144
14,4.249999999999999,-17.185929648241206,0.1363854271593387
15,4.249999999999999,-16.984924623115578,0.055808893883953464
16,4.249999999999999,-16.78391959798995,0.03526015324353102
17,4.249999999999999,-16.582914572864322,0.09372615183522724
18,4.249999999999999,-16.381909547738694,0.14491943330665388
19,4.249999999999999,-16.180904522613066,0.1366124722681187
20,4.249999999999999,-15.979899497487438,0.05646839693849608
21,4.249999999999999,-15.77889447236181,0.01832913279514986
22,4.249999999999999,-15.577889447236181,0.15141244725791073
23,4.249999999999999,-15.376884422110553,0.22153640301753255
24,4.249999999999999,-15.175879396984925,0.17481742176922416
25,4.249999999999999,-14.974874371859297,0.01869082109691881
26,4.249999999999999,-14.773869346733669,0.10902680611664874
27,4.249999999999999,-14.57286432160804,0.2397940089727472
28,4.249999999999999,-14.371859296482413,0.16797220369256266
29,4.249999999999999,-14.170854271356784,0.009676575235938857
30,4.249999999999999,-13.969849246231156,0.14971097930050883
31,4.249999999999999,-13.768844221105528,0.15841328717871045
32,4.249999999999999,-13.5678391959799,0.0658636063032416
33,4.249999999999999,-13.366834170854272,0.1741127950414934
34,4.249999999999999,-13.165829145728644,0.1463695911012868
35,4.249999999999999,-12.964824120603016,0.16096073090828833
36,4.249999999999999,-12.763819095477388,0.20242674522353782
37,4.249999999999999,-12.56281407035176,0.21107622976038592
38,4.249999999999999,-12.361809045226131,0.2405314869253976
39,4.249999999999999,-12.160804020100503,0.2734810495577225
40,4.249999999999999,-11.959798994974873,0.2891838165665521
41,4.249999999999999,-11.758793969849245,0.32426476507760416
42,4.249999999999999,-11.557788944723617,0.3610387131743728
43,4.249999999999999,-11.356783919597989,0.3633074795119754
44,4.249999999999999,-11.15577889447236,0.41573395456078355
45,4.249999999999999,-10.954773869346733,0.41763066208826183
46,4.249999999999999,-10.753768844221105,0.4270933770156534
47,4.249999999999999,-10.552763819095476,0.4547188386693598
48,4.249999999999999,-10.351758793969848,0.40895666914220535
49,4.249999999999999,-10.15075376884422,0.4225881046391063
50,4.249999999999999,-9.949748743718592,0.3603569240748215
51,4.249999999999999,-9.748743718592964,0.29969893136566733
52,4.249999999999999,-9.547738693467336,0.2673635780889919
53,4.249999999999999,-9.346733668341708,0.13386236736610124
54,4.249999999999999,-9.14572864321608,0.11135779981112995
55,4.249999999999999,-8.944723618090451,0.05391597773193393
56,4.249999999999999,-8.743718592964823,0.00667854011480532
57,4.249999999999999,-8.542713567839195,0.0008602993378668848
58,4.249999999999999,-8.341708542713567,0.003348406354084905
59,4.249999999999999,-8.140703517587939,0.004354282661735334
60,4.249999999999999,-7.939698492462311,0.005315901647637128
61,4.249999999999999,-7.738693467336683,0.006778811384152073
62,4.249999999999999,-7.537688442211055,0.008786303628516588
63,4.249999999999999,-7.3366834170854265,0.011481918638703011
64,4.249999999999999,-7.135678391959798,0.015129522709228732
65,4.249999999999999,-6.93467336683417,0.02013510348019534
66,4.249999999999999,-6.733668341708542,0.02711666963616857
67,4.249999999999999,-6.532663316582914,0.03702002008419473
68,4.249999999999999,-6.331658291457286,0.051297941344793596
69,4.249999999999999,-6.130653266331658,0.07220115287036873
70,4.249999999999999,-5.92964824120603,0.10338472114417147
71,4.249999999999999,-5.7286432160804015,0.15130865057321385
72,4.249999999999999,-5.527638190954773,0.22857929739897545
73,4.249999999999999,-5.326633165829145,0.3612745820430643
74,4.249999999999999,-5.125628140703517,0.5764942711132224
75,4.249999999999999,-4.924623115577889,0.8093236650575355
76,4.249999999999999,-4.723618090452261,0.929847664352053
77,4.249999999999999,-4.522613065326633,0.9251182121987856
78,4.249999999999999,-4.321608040201005,0.869309847208841
79,4.249999999999999,-4.1206030150753765,0.8150896090715067
80,4.249999999999999,-3.9195979899497466,0.7781139767549489
81,4.249999999999999,-3.7185929648241185,0.7576563788457688
82,4.249999999999999,-3.5175879396984904,0.7492218673779516
83,4.249999999999999,-3.3165829145728623,0.7484870200439775
84,4.249999999999999,-3.115577889447234,0.7520506957012261
85,4.249999999999999,-2.914572864321606,0.7574262417921386
86,4.249999999999999,-2.713567839195978,0.7629173852682705
87,4.249999999999999,-2.5125628140703498,0.7674929315661457
88,4.249999999999999,-2.3115577889447216,0.7706473625325366
89,4.249999999999999,-2.1105527638190935,0.7722736435784455
90,4.249999999999999,-1.9095477386934654,0.772520320516763
91,4.249999999999999,-1.7085427135678373,0.7716751784361661
92,4.249999999999999,-1.5075376884422091,0.7700751829497782
93,4.249999999999999,-1.306532663316581,0.7680492499012925
94,4.249999999999999,-1.105527638190953,0.7658852519222304
95,4.249999999999999,-0.9045226130653248,0.7638195082759277
96,4.249999999999999,-0.7035175879396967,0.7620369477499878
97,4.249999999999999,-0.5025125628140685,0.7606728206893321
98,4.249999999999999,-0.3015075376884404,0.7598251336299069
99,4.249999999999999,-0.10050251256281229,0.759557930855989
100,4.249999999999999,0.10050251256281584,0.7599085104156726
101,4.249999999999999,0.30150753768844396,0.7608882105531812
102,4.249999999999999,0.5025125628140721,0.762482668691716
103,4.249999999999999,0.7035175879397002,0.7646483013008858
104,4.249999999999999,0.9045226130653283,0.7673062482009156
105,4.249999999999999,1.1055276381909565,0.7703292362248978
106,4.249999999999999,1.3065326633165846,0.7735366073023409
107,4.249999999999999,1.5075376884422127,0.7766843844994373
108,4.249999999999999,1.7085427135678408,0.7794643933220607
109,4.249999999999999,1.909547738693469,0.7815112951063686
110,4.249999999999999,2.110552763819097,0.7824421207046007
111,4.249999999999999,2.311557788944725,0.7819087913199954
112,4.249999999999999,2.5125628140703533,0.779701456225759
113,4.249999999999999,2.7135678391959814,0.7758688085836121
114,4.249999999999999,2.9145728643216096,0.7708793707746701
115,4.249999999999999,3.1155778894472377,0.7657600184945059
116,4.249999999999999,3.316582914572866,0.7622463652674502
117,4.249999999999999,3.517587939698494,0.762925694502698
118,4.249999999999999,3.718592964824122,0.7713865017422099
119,4.249999999999999,3.91959798994975,0.7922987145283173
120,4.249999999999999,4.120603015075378,0.8308263524715204
121,4.249999999999999,4.321608040201006,0.8888151579798165
122,4.249999999999999,4.5226130653266345,0.9516490257909531
123,4.249999999999999,4.723618090452263,0.9644545902834699
124,4.249999999999999,4.924623115577891,0.8437230968496497
125,4.249999999999999,5.125628140703519,0.5966708577259371
126,4.249999999999999,5.326633165829147,0.36701893167432764
127,4.249999999999999,5.527638190954775,0.22950210130053694
128,4.249999999999999,5.728643216080403,0.15194051843513914
129,4.249999999999999,5.929648241206031,0.10470727558964595
130,4.249999999999999,6.1306532663316595,0.07419072318197134
131,4.249999999999999,6.331658291457288,0.05364702464383012
132,4.249999999999999,6.532663316582916,0.039405941978852874
133,4.249999999999999,6.733668341708544,0.029316787068371982
134,4.249999999999999,6.934673366834172,0.022043519265714576
135,4.249999999999999,7.1356783919598,0.016724066084074025
136,4.249999999999999,7.336683417085428,0.012785674091975271
137,4.249999999999999,7.537688442211056,0.009839552733813905
138,4.249999999999999,7.7386934673366845,0.007622072262818986
139,4.249999999999999,7.939698492462313,0.005981313891973352
140,4.249999999999999,8.14070351758794,0.004853958639214433
141,4.249999999999999,8.341708542713569,0.00365593994628264
142,4.249999999999999,8.542713567839197,0.0009651749126170923
143,4.249999999999999,8.743718592964825,0.00685319758582024
144,4.249999999999999,8.944723618090453,0.05572838402524279
145,4.249999999999999,9.145728643216081,0.11959400222251852
146,4.249999999999999,9.34673366834171,0.14502491454507707
147,4.249999999999999,9.547738693467338,0.2689139393950815
148,4.249999999999999,9.748743718592966,0.3169642946041261
149,4.249999999999999,9.949748743718594,0.36824468184195824
150,4.249999999999999,10.150753768844222,0.42705248058501805
151,4.249999999999999,10.35175879396985,0.42560760046838864
152,4.249999999999999,10.552763819095478,0.4504962553252959
153,4.249999999999999,10.753768844221106,0.4432511822207816
154,4.249999999999999,10.954773869346734,0.4154424763800361
155,4.249999999999999,11.155778894472363,0.42239464228534873
156,4.249999999999999,11.35678391959799,0.36992503091773704
157,4.249999999999999,11.557788944723619,0.35786154849334917
158,4.249999999999999,11.758793969849247,0.33235000048496105
159,4.249999999999999,11.959798994974875,0.290332498779959
160,4.249999999999999,12.160804020100507,0.2712025799240034
161,4.249999999999999,12.361809045226131,0.2466530626923232
162,4.249999999999999,12.562814070351763,0.21212713771035355
163,4.249999999999999,12.763819095477388,0.1987833099430638
164,4.249999999999999,12.96482412060302,0.1654426439284077
165,4.249999999999999,13.165829145728644,0.14893071711958808
166,4.249999999999999,13.366834170854275,0.17409587622584694
167,4.249999999999999,13.5678391959799,0.06078366008496397
168,4.249999999999999,13.768844221105532,0.17029707673253885
169,4.249999999999999,13.969849246231156,0.15463625595010214
170,4.249999999999999,14.170854271356788,0.005664202404813802
171,4.249999999999999,14.371859296482413,0.16829719191439949
172,4.249999999999999,14.572864321608044,0.26344994138107797
173,4.249999999999999,14.773869346733669,0.10539046216507636
174,4.249999999999999,14.9748743718593,0.020205717082256994
175,4.249999999999999,15.175879396984925,0.17690441179357858
176,4.249999999999999,15.376884422110557,0.2403438330778258
177,4.249999999999999,15.577889447236181,0.14803249212112587
178,4.249999999999999,15.778894472361813,0.023077283282560677
179,4.249999999999999,15.979899497487438,0.05739842556102136
180,4.249999999999999,16.18090452261307,0.1424196501654101
181,4.249999999999999,16.381909547738694,0.15356393216535028
182,4.249999999999999,16.582914572864325,0.09577986920172135
183,4.249999999999999,16.78391959798995,0.038824115072033316
184,4.249999999999999,16.98492462311558,0.05716669460721507
185,4.249999999999999,17.185929648241206,0.13722478477584046
186,4.249999999999999,17.386934673366838,0.16309092088149754
187,4.249999999999999,17.587939698492463,0.18240044073461634
188,4.249999999999999,17.788944723618094,0.17864971572915858
189,4.249999999999999,17.98994974874372,0.08065721728367033
190,4.249999999999999,18.19095477386935,0.09378342400194849
191,4.249999999999999,18.391959798994975,0.2434573126175192
192,4.249999999999999,18.592964824120607,0.24831898766118743
193,4.249999999999999,18.79396984924623,0.11393719267443626
194,4.249999999999999,18.994974874371863,0.17446988535273109
195,4.249999999999999,19.195979899497488,0.37317257880178845
196,4.249999999999999,19.39698492462312,0.3371087169792737
197,4.249999999999999,19.597989949748744,0.19674775229169753
198,4.249999999999999,19.798994974874375,0.04909304259693986
199,4.249999999999999,20.0,0.05085845904758482
