,t,height,fid
0,4.849999999999999,-20.0,0.3086229364657241
1,4.849999999999999,-19.798994974874372,0.3508965357553272
2,4.849999999999999,-19.597989949748744,0.2577650385547183
3,4.849999999999999,-19.396984924623116,0.09825263427087484
4,4.849999999999999,-19.195979899497488,0.01880920384009137
5,4.849999999999999,-18.99497487437186,0.09336270909261692
6,4.849999999999999,-18.79396984924623,0.29054853769140376
7,4.849999999999999,-18.592964824120603,0.3902284703317387
8,4.849999999999999,-18.391959798994975,0.3081001606325177
9,4.849999999999999,-18.190954773869347,0.07796802056269109
10,4.849999999999999,-17.98994974874372,0.03781389362841529
11,4.849999999999999,-17.78894472361809,0.22421674864262128
12,4.849999999999999,-17.587939698492463,0.4232778447167009
13,4.849999999999999,-17.386934673366834,0.31566504505298065
14,4.849999999999999,-17.185929648241206,0.10644679607945212
15,4.849999999999999,-16.984924623115578,0.2233757056727166
16,4.849999999999999,-16.78391959798995,0.2318569822046536
17,4.849999999999999,-16.582914572864322,0.14726497636649155
18,4.849999999999999,-16.381909547738694,0.14042216957138137
19,4.849999999999999,-16.180904522613066,0.2181460519997706
20,4.849999999999999,-15.979899497487438,0.21358145130693187
21,4.849999999999999,-15.77889447236181,0.12238707398880158
22,4.849999999999999,-15.577889447236181,0.06899443663756133
23,4.849999999999999,-15.376884422110553,0.07585683755505737
24,4.849999999999999,-15.175879396984925,0.1397454812571907
25,4.849999999999999,-14.974874371859297,0.14770177168833223
26,4.849999999999999,-14.773869346733669,0.042565700625754314
27,4.849999999999999,-14.57286432160804,0.035177740200886334
28,4.849999999999999,-14.371859296482413,0.1453378076276021
29,4.849999999999999,-14.170854271356784,0.1920123220941967
30,4.849999999999999,-13.969849246231156,0.04120987380862905
31,4.849999999999999,-13.768844221105528,0.07207487111377318
32,4.849999999999999,-13.5678391959799,0.2533099936571215
33,4.849999999999999,-13.366834170854272,0.1637897170815863
34,4.849999999999999,-13.165829145728644,0.009325476687167284
35,4.849999999999999,-12.964824120603016,0.1860288109481153
36,4.849999999999999,-12.763819095477388,0.13901537456755703
37,4.849999999999999,-12.56281407035176,0.0633293079768064
38,4.849999999999999,-12.361809045226131,0.16786603597484762
39,4.849999999999999,-12.160804020100503,0.11447102795180726
40,4.849999999999999,-11.959798994974873,0.17014431727452844
41,4.849999999999999,-11.758793969849245,0.1764867811104183
42,4.849999999999999,-11.557788944723617,0.22235072892622476
43,4.849999999999999,-11.356783919597989,0.22391748123239566
44,4.849999999999999,-11.15577889447236,0.2904906559220789
45,4.849999999999999,-10.954773869346733,0.29337320694191954
46,4.849999999999999,-10.753768844221105,0.3467938476757908
47,4.849999999999999,-10.552763819095476,0.37800375527530145
48,4.849999999999999,-10.351758793969848,0.3991349284311282
49,4.849999999999999,-10.15075376884422,0.44650470232230904
50,4.849999999999999,-9.949748743718592,0.44190675231233856
51,4.849999999999999,-9.748743718592964,0.4645336955186569
52,4.849999999999999,-9.547738693467336,0.4589005700827254
53,4.849999999999999,-9.346733668341708,0.3865710118406089
54,4.849999999999999,-9.14572864321608,0.38662143282749867
55,4.849999999999999,-8.944723618090451,0.28076397202100434
56,4.849999999999999,-8.743718592964823,0.1676259176959638
57,4.849999999999999,-8.542713567839195,0.09768489724673639
58,4.849999999999999,-8.341708542713567,0.04408800021809078
59,4.849999999999999,-8.140703517587939,0.014265819597605391
60,4.849999999999999,-7.939698492462311,0.005186485588092635
61,4.849999999999999,-7.738693467336683,0.0038653295054320545
62,4.849999999999999,-7.537688442211055,0.004925766597721835
63,4.849999999999999,-7.3366834170854265,0.006894850093652421
64,4.849999999999999,-7.135678391959798,0.00953946253391523
65,4.849999999999999,-6.93467336683417,0.013127965943376974
66,4.849999999999999,-6.733668341708542,0.018105607053898565
67,4.849999999999999,-6.532663316582914,0.025153031799311686
68,4.849999999999999,-6.331658291457286,0.03535549594188258
69,4.849999999999999,-6.130653266331658,0.05051573128691834
70,4.849999999999999,-5.92964824120603,0.07380532992721513
71,4.849999999999999,-5.7286432160804015,0.11124302265804223
72,4.849999999999999,-5.527638190954773,0.17558369846479913
73,4.849999999999999,-5.326633165829145,0.2986358133215843
74,4.849999999999999,-5.125628140703517,0.5379199809574903
75,4.849999999999999,-4.924623115577889,0.8021015701650337
76,4.849999999999999,-4.723618090452261,0.8967160951460613
77,4.849999999999999,-4.522613065326633,0.8570582297866554
78,4.849999999999999,-4.321608040201005,0.7961344688863979
79,4.849999999999999,-4.1206030150753765,0.7582302591338177
80,4.849999999999999,-3.9195979899497466,0.7451048130669011
81,4.849999999999999,-3.7185929648241185,0.7488046627554775
82,4.849999999999999,-3.5175879396984904,0.7615218304699891
83,4.849999999999999,-3.3165829145728623,0.7771758589158135
84,4.849999999999999,-3.115577889447234,0.7914945117722719
85,4.849999999999999,-2.914572864321606,0.8019833934699516
86,4.849999999999999,-2.713567839195978,0.8077202991925231
87,4.849999999999999,-2.5125628140703498,0.8089647578731229
88,4.849999999999999,-2.3115577889447216,0.8066518002089437
89,4.849999999999999,-2.1105527638190935,0.8019385402479449
90,4.849999999999999,-1.9095477386934654,0.7959086699937837
91,4.849999999999999,-1.7085427135678373,0.7894184430503803
92,4.849999999999999,-1.5075376884422091,0.7830731187028518
93,4.849999999999999,-1.306532663316581,0.777260439816121
94,4.849999999999999,-1.105527638190953,0.7721944815757709
95,4.849999999999999,-0.9045226130653248,0.767978217968339
96,4.849999999999999,-0.7035175879396967,0.7646402318209903
97,4.849999999999999,-0.5025125628140685,0.7621731252184446
98,4.849999999999999,-0.3015075376884404,0.7605521337990013
99,4.849999999999999,-0.10050251256281229,0.759751876198144
100,4.849999999999999,0.10050251256281584,0.7597586840327519
101,4.849999999999999,0.30150753768844396,0.7605734005130385
102,4.849999999999999,0.5025125628140721,0.7622125288392001
103,4.849999999999999,0.7035175879397002,0.7647055146331243
104,4.849999999999999,0.9045226130653283,0.768090477176093
105,4.849999999999999,1.1055276381909565,0.7723892102414763
106,4.849999999999999,1.3065326633165846,0.7775958313077601
107,4.849999999999999,1.5075376884422127,0.7836363390843489
108,4.849999999999999,1.7085427135678408,0.7903306134749841
109,4.849999999999999,1.909547738693469,0.7973290421864728
110,4.849999999999999,2.110552763819097,0.8040610763837621
111,4.849999999999999,2.311557788944725,0.8096947052557166
112,4.849999999999999,2.5125628140703533,0.8131651785806917
113,4.849999999999999,2.7135678391959814,0.813306998692576
114,4.849999999999999,2.9145728643216096,0.8091567931134019
115,4.849999999999999,3.1155778894472377,0.8004162780468356
116,4.849999999999999,3.316582914572866,0.7879755733735855
117,4.849999999999999,3.517587939698494,0.7743372184941559
118,4.849999999999999,3.718592964824122,0.7638183790323588
119,4.849999999999999,3.91959798994975,0.7626652473735286
120,4.849999999999999,4.120603015075378,0.7790898116017739
121,4.849999999999999,4.321608040201006,0.8220249761038632
122,4.849999999999999,4.5226130653266345,0.8914111327958867
123,4.849999999999999,4.723618090452263,0.9426189748982816
124,4.849999999999999,4.924623115577891,0.8509540465249955
125,4.849999999999999,5.125628140703519,0.566064497451901
126,4.849999999999999,5.326633165829147,0.3042602264239477
127,4.849999999999999,5.527638190954775,0.17470194003529185
128,4.849999999999999,5.728643216080403,0.1092144860459906
129,4.849999999999999,5.929648241206031,0.07180400937387993
130,4.849999999999999,6.1306532663316595,0.04883388031167122
131,4.849999999999999,6.331658291457288,0.034033464259082116
132,4.849999999999999,6.532663316582916,0.024160770484903303
133,4.849999999999999,6.733668341708544,0.017398708780784578
134,4.849999999999999,6.934673366834172,0.012668765352463852
135,4.849999999999999,7.1356783919598,0.009301379493820155
136,4.849999999999999,7.336683417085428,0.006861051830945319
137,4.849999999999999,7.537688442211056,0.005069779565001929
138,4.849999999999999,7.7386934673366845,0.0041447847224892085
139,4.849999999999999,7.939698492462313,0.00591203122266555
140,4.849999999999999,8.14070351758794,0.01666055783846791
141,4.849999999999999,8.341708542713569,0.04978464781578975
142,4.849999999999999,8.542713567839197,0.10559119714096028
143,4.849999999999999,8.743718592964825,0.17141548584167207
144,4.849999999999999,8.944723618090453,0.27988078113034104
145,4.849999999999999,9.145728643216081,0.398301018983935
146,4.849999999999999,9.34673366834171,0.40598991643742854
147,4.849999999999999,9.547738693467338,0.4593148970323551
148,4.849999999999999,9.748743718592966,0.47532395555567974
149,4.849999999999999,9.949748743718594,0.4471868049096478
150,4.849999999999999,10.150753768844222,0.45089654706468973
151,4.849999999999999,10.35175879396985,0.4035342822536325
152,4.849999999999999,10.552763819095478,0.3816889117352779
153,4.849999999999999,10.753768844221106,0.34701780749310673
154,4.849999999999999,10.954773869346734,0.2998602352390218
155,4.849999999999999,11.155778894472363,0.2855672312583377
156,4.849999999999999,11.35678391959799,0.23198648781210024
157,4.849999999999999,11.557788944723619,0.21900980929765784
158,4.849999999999999,11.758793969849247,0.17531703845219923
159,4.849999999999999,11.959798994974875,0.1799433325467995
160,4.849999999999999,12.160804020100507,0.10388665996213306
161,4.849999999999999,12.361809045226131,0.1795278086189034
162,4.849999999999999,12.562814070351763,0.06263276304178768
163,4.849999999999999,12.763819095477388,0.1289239946325915
164,4.849999999999999,12.96482412060302,0.20919933275193273
165,4.849999999999999,13.165829145728644,0.008524790754095237
166,4.849999999999999,13.366834170854275,0.16086097896305243
167,4.849999999999999,13.5678391959799,0.26889993698536646
168,4.849999999999999,13.768844221105532,0.07542324441060273
169,4.849999999999999,13.969849246231156,0.04552958649186983
170,4.849999999999999,14.170854271356788,0.19409444809201426
171,4.849999999999999,14.371859296482413,0.1550467585825169
172,4.849999999999999,14.572864321608044,0.03668854691308413
173,4.849999999999999,14.773869346733669,0.04741806893708323
174,4.849999999999999,14.9748743718593,0.14798749560785632
175,4.849999999999999,15.175879396984925,0.14721972956281093
176,4.849999999999999,15.376884422110557,0.07973653439605494
177,4.849999999999999,15.577889447236181,0.07062488952136457
178,4.849999999999999,15.778894472361813,0.12855445824186584
179,4.849999999999999,15.979899497487438,0.20384903821856618
180,4.849999999999999,16.18090452261307,0.23993323752781348
181,4.849999999999999,16.381909547738694,0.13328404038304306
182,4.849999999999999,16.582914572864325,0.1451406181552458
183,4.849999999999999,16.78391959798995,0.25099244156338507
184,4.849999999999999,16.98492462311558,0.2155068744423584
185,4.849999999999999,17.185929648241206,0.10796870811948352
186,4.849999999999999,17.386934673366838,0.322160370024699
187,4.849999999999999,17.587939698492463,0.4368133439439907
188,4.849999999999999,17.788944723618094,0.2309951666500779
189,4.849999999999999,17.98994974874372,0.03767121350359577
190,4.849999999999999,18.19095477386935,0.07946917792242368
191,4.849999999999999,18.391959798994975,0.30706771208661887
192,4.849999999999999,18.592964824120607,0.4110835366917318
193,4.849999999999999,18.79396984924623,0.2987425016097612
194,4.849999999999999,18.994974874371863,0.09080857659538631
195,4.849999999999999,19.195979899497488,0.015211072970901454
196,4.849999999999999,19.39698492462312,0.10222358074045344
197,4.849999999999999,19.597989949748744,0.26895049044811475
198,4.849999999999999,19.798994974874375,0.34068047526338713
199,4.849999999999999,20.0,0.32461008258542706
