,t,height,fid
0,4.949999999999999,-20.0,0.2942929685137246
1,4.949999999999999,-19.798994974874372,0.3515859578737512
2,4.949999999999999,-19.597989949748744,0.23877480084091926
3,4.949999999999999,-19.396984924623116,0.20622316439929161
4,4.949999999999999,-19.195979899497488,0.034884325807716825
5,4.949999999999999,-18.99497487437186,0.022513280598626836
6,4.949999999999999,-18.79396984924623,0.16462571146848348
7,4.949999999999999,-18.592964824120603,0.38107208788452235
8,4.949999999999999,-18.391959798994975,0.3569339817409186
9,4.949999999999999,-18.190954773869347,0.1594934034788022
10,4.949999999999999,-17.98994974874372,0.03394790353064566
11,4.949999999999999,-17.78894472361809,0.12415020017001734
12,4.949999999999999,-17.587939698492463,0.3535674552539029
13,4.949999999999999,-17.386934673366834,0.440543021305194
14,4.949999999999999,-17.185929648241206,0.20461666160590103
15,4.949999999999999,-16.984924623115578,0.10956325559033678
16,4.949999999999999,-16.78391959798995,0.2116037243096749
17,4.949999999999999,-16.582914572864322,0.26861882062638437
18,4.949999999999999,-16.381909547738694,0.11387755215459464
19,4.949999999999999,-16.180904522613066,0.21218755110253956
20,4.949999999999999,-15.979899497487438,0.27066835307852516
21,4.949999999999999,-15.77889447236181,0.12285084992193522
22,4.949999999999999,-15.577889447236181,0.10949445583044429
23,4.949999999999999,-15.376884422110553,0.07637789962173963
24,4.949999999999999,-15.175879396984925,0.15796788787469151
25,4.949999999999999,-14.974874371859297,0.14623528775985722
26,4.949999999999999,-14.773869346733669,0.0744988896471673
27,4.949999999999999,-14.57286432160804,0.021057459217312457
28,4.949999999999999,-14.371859296482413,0.12115525264721844
29,4.949999999999999,-14.170854271356784,0.17012094640759134
30,4.949999999999999,-13.969849246231156,0.06515221373988626
31,4.949999999999999,-13.768844221105528,0.03724552896319625
32,4.949999999999999,-13.5678391959799,0.23692575593593734
33,4.949999999999999,-13.366834170854272,0.18894837455500102
34,4.949999999999999,-13.165829145728644,0.006030627619028266
35,4.949999999999999,-12.964824120603016,0.18091897807195714
36,4.949999999999999,-12.763819095477388,0.18186397239463165
37,4.949999999999999,-12.56281407035176,0.013043000650859567
38,4.949999999999999,-12.361809045226131,0.2006550224376268
39,4.949999999999999,-12.160804020100503,0.08281595367887283
40,4.949999999999999,-11.959798994974873,0.15402760560349682
41,4.949999999999999,-11.758793969849245,0.16803243100564735
42,4.949999999999999,-11.557788944723617,0.1819176553673115
43,4.949999999999999,-11.356783919597989,0.22117938198346837
44,4.949999999999999,-11.15577889447236,0.2520490318059269
45,4.949999999999999,-10.954773869346733,0.2764923719170201
46,4.949999999999999,-10.753768844221105,0.32417000107427296
47,4.949999999999999,-10.552763819095476,0.3502551797272396
48,4.949999999999999,-10.351758793969848,0.38924310941383833
49,4.949999999999999,-10.15075376884422,0.4231970852076314
50,4.949999999999999,-9.949748743718592,0.44039529244716896
51,4.949999999999999,-9.748743718592964,0.46738939426446885
52,4.949999999999999,-9.547738693467336,0.4543924104779931
53,4.949999999999999,-9.346733668341708,0.4380277153925843
54,4.949999999999999,-9.14572864321608,0.409714431225838
55,4.949999999999999,-8.944723618090451,0.2986574251113807
56,4.949999999999999,-8.743718592964823,0.2179529020744056
57,4.949999999999999,-8.542713567839195,0.1537453492146751
58,4.949999999999999,-8.341708542713567,0.08003366436183054
59,4.949999999999999,-8.140703517587939,0.029635218635215243
60,4.949999999999999,-7.939698492462311,0.010345019555070969
61,4.949999999999999,-7.738693467336683,0.0056799511579795105
62,4.949999999999999,-7.537688442211055,0.0057918760881565876
63,4.949999999999999,-7.3366834170854265,0.00717958149533272
64,4.949999999999999,-7.135678391959798,0.009148021874472051
65,4.949999999999999,-6.93467336683417,0.011951061267957606
66,4.949999999999999,-6.733668341708542,0.015995304054531596
67,4.949999999999999,-6.532663316582914,0.021892758633324204
68,4.949999999999999,-6.331658291457286,0.03063122298291875
69,4.949999999999999,-6.130653266331658,0.04388733523349829
70,4.949999999999999,-5.92964824120603,0.06467000126802284
71,4.949999999999999,-5.7286432160804015,0.09881681432119413
72,4.949999999999999,-5.527638190954773,0.15895887647002482
73,4.949999999999999,-5.326633165829145,0.27754257220145273
74,4.949999999999999,-5.125628140703517,0.5197124661831314
75,4.949999999999999,-4.924623115577889,0.7952861483765553
76,4.949999999999999,-4.723618090452261,0.8960568066250315
77,4.949999999999999,-4.522613065326633,0.8600278390631022
78,4.949999999999999,-4.321608040201005,0.8035357824730255
79,4.949999999999999,-4.1206030150753765,0.769757022539291
80,4.949999999999999,-3.9195979899497466,0.7595103082584787
81,4.949999999999999,-3.7185929648241185,0.7646297234884816
82,4.949999999999999,-3.5175879396984904,0.7773344411962619
83,4.949999999999999,-3.3165829145728623,0.7916624820763625
84,4.949999999999999,-3.115577889447234,0.8035951994543379
85,4.949999999999999,-2.914572864321606,0.811021589636403
86,4.949999999999999,-2.713567839195978,0.8134970280424207
87,4.949999999999999,-2.5125628140703498,0.8117024104186311
88,4.949999999999999,-2.3115577889447216,0.8068679582558004
89,4.949999999999999,-2.1105527638190935,0.8002872948020177
90,4.949999999999999,-1.9095477386934654,0.7930474241000425
91,4.949999999999999,-1.7085427135678373,0.7859255029642743
92,4.949999999999999,-1.5075376884422091,0.7794128716048717
93,4.949999999999999,-1.306532663316581,0.7737699880578998
94,4.949999999999999,-1.105527638190953,0.7691033469877183
95,4.949999999999999,-0.9045226130653248,0.7654217255617425
96,4.949999999999999,-0.7035175879396967,0.762682942878371
97,4.949999999999999,-0.5025125628140685,0.7608238892498449
98,4.949999999999999,-0.3015075376884404,0.759782665910586
99,4.949999999999999,-0.10050251256281229,0.759511149526728
100,4.949999999999999,0.10050251256281584,0.7599825798355596
101,4.949999999999999,0.30150753768844396,0.7611937821171951
102,4.949999999999999,0.5025125628140721,0.7631649916254258
103,4.949999999999999,0.7035175879397002,0.7659374083530466
104,4.949999999999999,0.9045226130653283,0.7695597556115888
105,4.949999999999999,1.1055276381909565,0.774083674163985
106,4.949999999999999,1.3065326633165846,0.7795369522254899
107,4.949999999999999,1.5075376884422127,0.7858882648617573
108,4.949999999999999,1.7085427135678408,0.7930104494015616
109,4.949999999999999,1.909547738693469,0.8006058744472525
110,4.949999999999999,2.110552763819097,0.8081415630161516
111,4.949999999999999,2.311557788944725,0.8147856311188242
112,4.949999999999999,2.5125628140703533,0.8193864770808237
113,4.949999999999999,2.7135678391959814,0.8205843223730581
114,4.949999999999999,2.9145728643216096,0.8171057264422062
115,4.949999999999999,3.1155778894472377,0.808286679174146
116,4.949999999999999,3.316582914572866,0.7947096345103689
117,4.949999999999999,3.517587939698494,0.7787663494153089
118,4.949999999999999,3.718592964824122,0.7649170132181795
119,4.949999999999999,3.91959798994975,0.7597428264718377
120,4.949999999999999,4.120603015075378,0.7719502748945589
121,4.949999999999999,4.321608040201006,0.811382879610192
122,4.949999999999999,4.5226130653266345,0.8802130171355285
123,4.949999999999999,4.723618090452263,0.936846484236196
124,4.949999999999999,4.924623115577891,0.85158049976553
125,4.949999999999999,5.125628140703519,0.5610422826939478
126,4.949999999999999,5.326633165829147,0.294079295008164
127,4.949999999999999,5.527638190954775,0.16639469772727802
128,4.949999999999999,5.728643216080403,0.10288065035110004
129,4.949999999999999,5.929648241206031,0.06699422653457644
130,4.949999999999999,6.1306532663316595,0.04517667854638611
131,4.949999999999999,6.331658291457288,0.03125286576457705
132,4.949999999999999,6.532663316582916,0.022056355018302425
133,4.949999999999999,6.733668341708544,0.015824244825157773
134,4.949999999999999,6.934673366834172,0.01151912648995293
135,4.949999999999999,7.1356783919598,0.008499594780507007
136,4.949999999999999,7.336683417085428,0.0063472261048308975
137,4.949999999999999,7.537688442211056,0.004793942914408977
138,4.949999999999999,7.7386934673366845,0.004433911551021639
139,4.949999999999999,7.939698492462313,0.008616047539264437
140,4.949999999999999,8.14070351758794,0.027598290574319236
141,4.949999999999999,8.341708542713569,0.0780963422887103
142,4.949999999999999,8.542713567839197,0.1513297053708513
143,4.949999999999999,8.743718592964825,0.21941251788356836
144,4.949999999999999,8.944723618090453,0.31481539116242385
145,4.949999999999999,9.145728643216081,0.42913996909074326
146,4.949999999999999,9.34673366834171,0.4391357327624787
147,4.949999999999999,9.547738693467338,0.46456670045509296
148,4.949999999999999,9.748743718592966,0.4765534202247085
149,4.949999999999999,9.949748743718594,0.4415095617298254
150,4.949999999999999,10.150753768844222,0.4327928489302915
151,4.949999999999999,10.35175879396985,0.38787534508373744
152,4.949999999999999,10.552763819095478,0.3574872994842721
153,4.949999999999999,10.753768844221106,0.32354650928675666
154,4.949999999999999,10.954773869346734,0.2788671441578945
155,4.949999999999999,11.155778894472363,0.25628848540220583
156,4.949999999999999,11.35678391959799,0.21540060401057706
157,4.949999999999999,11.557788944723619,0.1928164256137432
158,4.949999999999999,11.758793969849247,0.15901171582837464
159,4.949999999999999,11.959798994974875,0.16189310242541946
160,4.949999999999999,12.160804020100507,0.0838108580678477
161,4.949999999999999,12.361809045226131,0.19771045410482585
162,4.949999999999999,12.562814070351763,0.014649125127336862
163,4.949999999999999,12.763819095477388,0.18806176565966526
164,4.949999999999999,12.96482412060302,0.1899757869791137
165,4.949999999999999,13.165829145728644,0.006180550849620081
166,4.949999999999999,13.366834170854275,0.19784038414422778
167,4.949999999999999,13.5678391959799,0.2419256638472259
168,4.949999999999999,13.768844221105532,0.04229468049774249
169,4.949999999999999,13.969849246231156,0.06770474460243339
170,4.949999999999999,14.170854271356788,0.1790025386523106
171,4.949999999999999,14.371859296482413,0.123002667396578
172,4.949999999999999,14.572864321608044,0.025025548568158466
173,4.949999999999999,14.773869346733669,0.0755205709716633
174,4.949999999999999,14.9748743718593,0.15595896739990342
175,4.949999999999999,15.175879396984925,0.15550548189830532
176,4.949999999999999,15.376884422110557,0.08572200173758404
177,4.949999999999999,15.577889447236181,0.10552224968044482
178,4.949999999999999,15.778894472361813,0.12918759366409788
179,4.949999999999999,15.979899497487438,0.2752163642348595
180,4.949999999999999,16.18090452261307,0.2107765289480562
181,4.949999999999999,16.381909547738694,0.12231293138107015
182,4.949999999999999,16.582914572864325,0.2636195875697114
183,4.949999999999999,16.78391959798995,0.23198805185008115
184,4.949999999999999,16.98492462311558,0.10237351041881651
185,4.949999999999999,17.185929648241206,0.2019750011001312
186,4.949999999999999,17.386934673366838,0.45367472330043146
187,4.949999999999999,17.587939698492463,0.3719658699832136
188,4.949999999999999,17.788944723618094,0.12059477099694649
189,4.949999999999999,17.98994974874372,0.02982277726652518
190,4.949999999999999,18.19095477386935,0.16782910357085776
191,4.949999999999999,18.391959798994975,0.3669165577014343
192,4.949999999999999,18.592964824120607,0.3834423398124804
193,4.949999999999999,18.79396984924623,0.1775078677231657
194,4.949999999999999,18.994974874371863,0.021992717699536774
195,4.949999999999999,19.195979899497488,0.032839066375614144
196,4.949999999999999,19.39698492462312,0.20074451554541337
197,4.949999999999999,19.597989949748744,0.25284436938160526
198,4.949999999999999,19.798994974874375,0.3573317196563675
199,4.949999999999999,20.0,0.29189254113708923
