,t,height,fid
0,4.599999999999999,-20.0,0.35442015160997487
1,4.599999999999999,-19.798994974874372,0.22240000308572175
2,4.599999999999999,-19.597989949748744,0.06410761107250414
3,4.599999999999999,-19.396984924623116,0.024580445133464673
4,4.599999999999999,-19.195979899497488,0.1673971575156951
5,4.599999999999999,-18.99497487437186,0.38106932602942273
6,4.599999999999999,-18.79396984924623,0.44804514464696127
7,4.599999999999999,-18.592964824120603,0.23204917554319526
8,4.599999999999999,-18.391959798994975,0.06914563839267453
9,4.599999999999999,-18.190954773869347,0.12151157938173082
10,4.599999999999999,-17.98994974874372,0.23028824815128393
11,4.599999999999999,-17.78894472361809,0.32679668524962974
12,4.599999999999999,-17.587939698492463,0.15014165547216468
13,4.599999999999999,-17.386934673366834,0.15336711309059245
14,4.599999999999999,-17.185929648241206,0.3121845526445097
15,4.599999999999999,-16.984924623115578,0.15328179445549797
16,4.599999999999999,-16.78391959798995,0.07772710523536573
17,4.599999999999999,-16.582914572864322,0.12230456280443408
18,4.599999999999999,-16.381909547738694,0.12820197511671408
19,4.599999999999999,-16.180904522613066,0.17718043831872868
20,4.599999999999999,-15.979899497487438,0.1436589800930413
21,4.599999999999999,-15.77889447236181,0.05094752353408918
22,4.599999999999999,-15.577889447236181,0.03532495586438669
23,4.599999999999999,-15.376884422110553,0.09795280821228941
24,4.599999999999999,-15.175879396984925,0.1737339692135945
25,4.599999999999999,-14.974874371859297,0.09792602603062839
26,4.599999999999999,-14.773869346733669,0.017555837535629226
27,4.599999999999999,-14.57286432160804,0.11543884711525917
28,4.599999999999999,-14.371859296482413,0.24581486621818774
29,4.599999999999999,-14.170854271356784,0.15839985300498682
30,4.599999999999999,-13.969849246231156,0.008980522851078771
31,4.599999999999999,-13.768844221105528,0.15425025322280472
32,4.599999999999999,-13.5678391959799,0.2541548480543579
33,4.599999999999999,-13.366834170854272,0.02113236590032483
34,4.599999999999999,-13.165829145728644,0.10228419340619545
35,4.599999999999999,-12.964824120603016,0.17839637627656277
36,4.599999999999999,-12.763819095477388,0.08322295894992833
37,4.599999999999999,-12.56281407035176,0.16478542772893182
38,4.599999999999999,-12.361809045226131,0.15229248224531083
39,4.599999999999999,-12.160804020100503,0.2002408453396047
40,4.599999999999999,-11.959798994974873,0.1930992263453266
41,4.599999999999999,-11.758793969849245,0.25278997358223365
42,4.599999999999999,-11.557788944723617,0.2687722380362894
43,4.599999999999999,-11.356783919597989,0.2864431421057979
44,4.599999999999999,-11.15577889447236,0.3520454338258113
45,4.599999999999999,-10.954773869346733,0.345468334759614
46,4.599999999999999,-10.753768844221105,0.4045064283360068
47,4.599999999999999,-10.552763819095476,0.4176387822982075
48,4.599999999999999,-10.351758793969848,0.4351967117890136
49,4.599999999999999,-10.15075376884422,0.45638128471508105
50,4.599999999999999,-9.949748743718592,0.4470587961059034
51,4.599999999999999,-9.748743718592964,0.41624824303184094
52,4.599999999999999,-9.547738693467336,0.4085200542437392
53,4.599999999999999,-9.346733668341708,0.3088012312191468
54,4.599999999999999,-9.14572864321608,0.26284522738361443
55,4.599999999999999,-8.944723618090451,0.1599461871789964
56,4.599999999999999,-8.743718592964823,0.07224595732356313
57,4.599999999999999,-8.542713567839195,0.033502494599757765
58,4.599999999999999,-8.341708542713567,0.014418137283770649
59,4.599999999999999,-8.140703517587939,0.006393060525317568
60,4.599999999999999,-7.939698492462311,0.0046456249301000604
61,4.599999999999999,-7.738693467336683,0.005353763636428847
62,4.599999999999999,-7.537688442211055,0.007063450348394776
63,4.599999999999999,-7.3366834170854265,0.009444922067204209
64,4.599999999999999,-7.135678391959798,0.012640594646519017
65,4.599999999999999,-6.93467336683417,0.016981316905418053
66,4.599999999999999,-6.733668341708542,0.022963655048444536
67,4.599999999999999,-6.532663316582914,0.03133682708435005
68,4.599999999999999,-6.331658291457286,0.04327132526400624
69,4.599999999999999,-6.130653266331658,0.060666748626272804
70,4.599999999999999,-5.92964824120603,0.08679137724872185
71,4.599999999999999,-5.7286432160804015,0.12773836759538054
72,4.599999999999999,-5.527638190954773,0.19611528154936528
73,4.599999999999999,-5.326633165829145,0.3215245376767151
74,4.599999999999999,-5.125628140703517,0.5473079637136973
75,4.599999999999999,-4.924623115577889,0.7954124854162331
76,4.599999999999999,-4.723618090452261,0.9024243188491268
77,4.599999999999999,-4.522613065326633,0.8787836581932414
78,4.599999999999999,-4.321608040201005,0.820633745170879
79,4.599999999999999,-4.1206030150753765,0.7767162653451911
80,4.599999999999999,-3.9195979899497466,0.7545320768041937
81,4.599999999999999,-3.7185929648241185,0.7489844041449493
82,4.599999999999999,-3.5175879396984904,0.7537080175914498
83,4.599999999999999,-3.3165829145728623,0.763487986807448
84,4.599999999999999,-3.115577889447234,0.7744909683621202
85,4.599999999999999,-2.914572864321606,0.7841469158619733
86,4.599999999999999,-2.713567839195978,0.7910415128001566
87,4.599999999999999,-2.5125628140703498,0.7947053160471718
88,4.599999999999999,-2.3115577889447216,0.7953471469182989
89,4.599999999999999,-2.1105527638190935,0.7935606682376919
90,4.599999999999999,-1.9095477386934654,0.7900824908558864
91,4.599999999999999,-1.7085427135678373,0.7856202545874654
92,4.599999999999999,-1.5075376884422091,0.780764286491257
93,4.599999999999999,-1.306532663316581,0.7759671133924758
94,4.599999999999999,-1.105527638190953,0.7715396050592405
95,4.599999999999999,-0.9045226130653248,0.7676881456706324
96,4.599999999999999,-0.7035175879396967,0.7645319602148529
97,4.599999999999999,-0.5025125628140685,0.7621396990466612
98,4.599999999999999,-0.3015075376884404,0.7605413744227362
99,4.599999999999999,-0.10050251256281229,0.7597481661390325
100,4.599999999999999,0.10050251256281584,0.759763530238469
101,4.599999999999999,0.30150753768844396,0.7605866442903021
102,4.599999999999999,0.5025125628140721,0.7622149155922077
103,4.599999999999999,0.7035175879397002,0.764639516117608
104,4.599999999999999,0.9045226130653283,0.7678375992448454
105,4.599999999999999,1.1055276381909565,0.7717526558139063
106,4.599999999999999,1.3065326633165846,0.7762837086211044
107,4.599999999999999,1.5075376884422127,0.7812469910161297
108,4.599999999999999,1.7085427135678408,0.7863584960314642
109,4.599999999999999,1.909547738693469,0.7911924795188146
110,4.599999999999999,2.110552763819097,0.7951832889243863
111,4.599999999999999,2.311557788944725,0.79764175579467
112,4.599999999999999,2.5125628140703533,0.797836633409356
113,4.599999999999999,2.7135678391959814,0.7951744740675084
114,4.599999999999999,2.9145728643216096,0.7894467267606683
115,4.599999999999999,3.1155778894472377,0.7811295495081233
116,4.599999999999999,3.316582914572866,0.7716859638077813
117,4.599999999999999,3.517587939698494,0.7637733637525951
118,4.599999999999999,3.718592964824122,0.7614147143603125
119,4.599999999999999,3.91959798994975,0.7701626347021283
120,4.599999999999999,4.120603015075378,0.7970361951615942
121,4.599999999999999,4.321608040201006,0.8483398246704243
122,4.599999999999999,4.5226130653266345,0.9179253333035994
123,4.599999999999999,4.723618090452263,0.9546818842050606
124,4.599999999999999,4.924623115577891,0.8487729264209012
125,4.599999999999999,5.125628140703519,0.5784728500610575
126,4.599999999999999,5.326633165829147,0.32955853393328804
127,4.599999999999999,5.527638190954775,0.1958974950553684
128,4.599999999999999,5.728643216080403,0.12545418859186921
129,4.599999999999999,5.929648241206031,0.08419554897373766
130,4.599999999999999,6.1306532663316595,0.05833906755790499
131,4.599999999999999,6.331658291457288,0.04136811684720635
132,4.599999999999999,6.532663316582916,0.029854002614812906
133,4.599999999999999,6.733668341708544,0.02184397650060009
134,4.599999999999999,6.934673366834172,0.016160221623063707
135,4.599999999999999,7.1356783919598,0.012062107675731256
136,4.599999999999999,7.336683417085428,0.00906641705626605
137,4.599999999999999,7.537688442211056,0.00685162666650131
138,4.599999999999999,7.7386934673366845,0.005272944750394508
139,4.599999999999999,7.939698492462313,0.004659511499866139
140,4.599999999999999,8.14070351758794,0.006490644774018651
141,4.599999999999999,8.341708542713569,0.014445346855601874
142,4.599999999999999,8.542713567839197,0.032748506252592006
143,4.599999999999999,8.743718592964825,0.07142339847705953
144,4.599999999999999,8.944723618090453,0.16812644182962927
145,4.599999999999999,9.145728643216081,0.285218023298297
146,4.599999999999999,9.34673366834171,0.31758912503658426
147,4.599999999999999,9.547738693467338,0.40695937423823314
148,4.599999999999999,9.748743718592966,0.4391528332379444
149,4.599999999999999,9.949748743718594,0.4464557614612896
150,4.599999999999999,10.150753768844222,0.46689204113336424
151,4.599999999999999,10.35175879396985,0.43812138206141504
152,4.599999999999999,10.552763819095478,0.4254277966700553
153,4.599999999999999,10.753768844221106,0.40362688327970436
154,4.599999999999999,10.954773869346734,0.35423305229568214
155,4.599999999999999,11.155778894472363,0.34862237371243454
156,4.599999999999999,11.35678391959799,0.2924030550641831
157,4.599999999999999,11.557788944723619,0.2701635942093704
158,4.599999999999999,11.758793969849247,0.24999105478960787
159,4.599999999999999,11.959798994974875,0.1993676473305143
160,4.599999999999999,12.160804020100507,0.19938017943862033
161,4.599999999999999,12.361809045226131,0.14693363743128734
162,4.599999999999999,12.562814070351763,0.17756180671769592
163,4.599999999999999,12.763819095477388,0.07686315789667028
164,4.599999999999999,12.96482412060302,0.17549012431402683
165,4.599999999999999,13.165829145728644,0.11710450147077761
166,4.599999999999999,13.366834170854275,0.020063970163988858
167,4.599999999999999,13.5678391959799,0.2489284517498077
168,4.599999999999999,13.768844221105532,0.17532883998114435
169,4.599999999999999,13.969849246231156,0.00948253967335682
170,4.599999999999999,14.170854271356788,0.15656881513029985
171,4.599999999999999,14.371859296482413,0.25876271289127745
172,4.599999999999999,14.572864321608044,0.12080039964556587
173,4.599999999999999,14.773869346733669,0.01936892685184915
174,4.599999999999999,14.9748743718593,0.10322901429952108
175,4.599999999999999,15.175879396984925,0.17608445621899352
176,4.599999999999999,15.376884422110557,0.10648875972554997
177,4.599999999999999,15.577889447236181,0.036421859533132206
178,4.599999999999999,15.778894472361813,0.05550097156109577
179,4.599999999999999,15.979899497487438,0.14554650306782455
180,4.599999999999999,16.18090452261307,0.17807016555897381
181,4.599999999999999,16.381909547738694,0.13840640989861824
182,4.599999999999999,16.582914572864325,0.12212047875092166
183,4.599999999999999,16.78391959798995,0.07926902893999899
184,4.599999999999999,16.98492462311558,0.16027646205750423
185,4.599999999999999,17.185929648241206,0.3084042819162516
186,4.599999999999999,17.386934673366838,0.16179420215847526
187,4.599999999999999,17.587939698492463,0.15406607776577613
188,4.599999999999999,17.788944723618094,0.32109963802121155
189,4.599999999999999,17.98994974874372,0.2565175784431198
190,4.599999999999999,18.19095477386935,0.11740877435023762
191,4.599999999999999,18.391959798994975,0.05970629310634217
192,4.599999999999999,18.592964824120607,0.24217915836682383
193,4.599999999999999,18.79396984924623,0.46034571943618346
194,4.599999999999999,18.994974874371863,0.3956846760922441
195,4.599999999999999,19.195979899497488,0.1658588971248898
196,4.599999999999999,19.39698492462312,0.02216062116347105
197,4.599999999999999,19.597989949748744,0.06821464689905733
198,4.599999999999999,19.798994974874375,0.22707187711891114
199,4.599999999999999,20.0,0.35638415109081445
