,t,height,fid
0,4.299999999999999,-20.0,0.10107723942221025
1,4.299999999999999,-19.798994974874372,0.03284184574981356
2,4.299999999999999,-19.597989949748744,0.11834100988665065
3,4.299999999999999,-19.396984924623116,0.29061667760012033
4,4.299999999999999,-19.195979899497488,0.4422563036168618
5,4.299999999999999,-18.99497487437186,0.23101761012222963
6,4.299999999999999,-18.79396984924623,0.09172968774956104
7,4.299999999999999,-18.592964824120603,0.20278061413800022
8,4.299999999999999,-18.391959798994975,0.2658845481589606
9,4.299999999999999,-18.190954773869347,0.1328858676966692
10,4.299999999999999,-17.98994974874372,0.0888037111378126
11,4.299999999999999,-17.78894472361809,0.15454040794807675
12,4.299999999999999,-17.587939698492463,0.19488976333173263
13,4.299999999999999,-17.386934673366834,0.17351690203066028
14,4.299999999999999,-17.185929648241206,0.15064923944884182
15,4.299999999999999,-16.984924623115578,0.06655667635051869
16,4.299999999999999,-16.78391959798995,0.041762746337638997
17,4.299999999999999,-16.582914572864322,0.08293823968954794
18,4.299999999999999,-16.381909547738694,0.1354697184649947
19,4.299999999999999,-16.180904522613066,0.14806628800041582
20,4.299999999999999,-15.979899497487438,0.06359142122825677
21,4.299999999999999,-15.77889447236181,0.016789500361446594
22,4.299999999999999,-15.577889447236181,0.1169547100290406
23,4.299999999999999,-15.376884422110553,0.20237799043975396
24,4.299999999999999,-15.175879396984925,0.19944624771637112
25,4.299999999999999,-14.974874371859297,0.02512398303659239
26,4.299999999999999,-14.773869346733669,0.08330501297047557
27,4.299999999999999,-14.57286432160804,0.2264263623012372
28,4.299999999999999,-14.371859296482413,0.2207063036424768
29,4.299999999999999,-14.170854271356784,0.00871752345606386
30,4.299999999999999,-13.969849246231156,0.10633612218790846
31,4.299999999999999,-13.768844221105528,0.1919492921500744
32,4.299999999999999,-13.5678391959799,0.06835056101326335
33,4.299999999999999,-13.366834170854272,0.14095912782516323
34,4.299999999999999,-13.165829145728644,0.15313963734164526
35,4.299999999999999,-12.964824120603016,0.14664226973691696
36,4.299999999999999,-12.763819095477388,0.1970921836477581
37,4.299999999999999,-12.56281407035176,0.18864009740000326
38,4.299999999999999,-12.361809045226131,0.2370349994148558
39,4.299999999999999,-12.160804020100503,0.26214216866553824
40,4.299999999999999,-11.959798994974873,0.26815436728854136
41,4.299999999999999,-11.758793969849245,0.3214278164101771
42,4.299999999999999,-11.557788944723617,0.3475068986433306
43,4.299999999999999,-11.356783919597989,0.3470860866075023
44,4.299999999999999,-11.15577889447236,0.42194136069287114
45,4.299999999999999,-10.954773869346733,0.3934861566478301
46,4.299999999999999,-10.753768844221105,0.4466442998702652
47,4.299999999999999,-10.552763819095476,0.43388602869372195
48,4.299999999999999,-10.351758793969848,0.43879666404154055
49,4.299999999999999,-10.15075376884422,0.4127595897832736
50,4.299999999999999,-9.949748743718592,0.3928775025536983
51,4.299999999999999,-9.748743718592964,0.31525024401613677
52,4.299999999999999,-9.547738693467336,0.28430489375316254
53,4.299999999999999,-9.346733668341708,0.1666839127756537
54,4.299999999999999,-9.14572864321608,0.12794592407946861
55,4.299999999999999,-8.944723618090451,0.06063082254085384
56,4.299999999999999,-8.743718592964823,0.010317595731769586
57,4.299999999999999,-8.542713567839195,0.0022147787239236807
58,4.299999999999999,-8.341708542713567,0.003468710985544881
59,4.299999999999999,-8.140703517587939,0.00407751237719295
60,4.299999999999999,-7.939698492462311,0.00500037602783582
61,4.299999999999999,-7.738693467336683,0.0065606311927389966
62,4.299999999999999,-7.537688442211055,0.008728035662303171
63,4.299999999999999,-7.3366834170854265,0.011640829145068811
64,4.299999999999999,-7.135678391959798,0.015577284924626839
65,4.299999999999999,-6.93467336683417,0.020955580871332823
66,4.299999999999999,-6.733668341708542,0.02838283572700136
67,4.299999999999999,-6.532663316582914,0.03875218345789703
68,4.299999999999999,-6.331658291457286,0.05339337658895111
69,4.299999999999999,-6.130653266331658,0.07435836397534287
70,4.299999999999999,-5.92964824120603,0.10505946887509467
71,4.299999999999999,-5.7286432160804015,0.1517150935783415
72,4.299999999999999,-5.527638190954773,0.2267749902297752
73,4.299999999999999,-5.326633165829145,0.35664043814398744
74,4.299999999999999,-5.125628140703517,0.570012084937261
75,4.299999999999999,-4.924623115577889,0.8007930609786856
76,4.299999999999999,-4.723618090452261,0.9170700898645912
77,4.299999999999999,-4.522613065326633,0.9094741938827796
78,4.299999999999999,-4.321608040201005,0.8542907694972819
79,4.299999999999999,-4.1206030150753765,0.8029159259403905
80,4.299999999999999,-3.9195979899497466,0.7694795153985395
81,4.299999999999999,-3.7185929648241185,0.7524921687371215
82,4.299999999999999,-3.5175879396984904,0.7471706720886153
83,4.299999999999999,-3.3165829145728623,0.7490660049789257
84,4.299999999999999,-3.115577889447234,0.7547220103420936
85,4.299999999999999,-2.914572864321606,0.7616283758255828
86,4.299999999999999,-2.713567839195978,0.7681019252990443
87,4.299999999999999,-2.5125628140703498,0.7731575982595295
88,4.299999999999999,-2.3115577889447216,0.776378219365301
89,4.299999999999999,-2.1105527638190935,0.7777515263545347
90,4.299999999999999,-1.9095477386934654,0.7775258462960711
91,4.299999999999999,-1.7085427135678373,0.7760779667973348
92,4.299999999999999,-1.5075376884422091,0.7738171943897557
93,4.299999999999999,-1.306532663316581,0.7711257659888676
94,4.299999999999999,-1.105527638190953,0.768326773389551
95,4.299999999999999,-0.9045226130653248,0.7656776028111023
96,4.299999999999999,-0.7035175879396967,0.7633733277056376
97,4.299999999999999,-0.5025125628140685,0.7615521586933479
98,4.299999999999999,-0.3015075376884404,0.7603090700796785
99,4.299999999999999,-0.10050251256281229,0.7597054376655411
100,4.299999999999999,0.10050251256281584,0.7597747507555538
101,4.299999999999999,0.30150753768844396,0.7605272467986665
102,4.299999999999999,0.5025125628140721,0.7619502653124731
103,4.299999999999999,0.7035175879397002,0.7640053497579138
104,4.299999999999999,0.9045226130653283,0.7666206834264919
105,4.299999999999999,1.1055276381909565,0.7696794827432001
106,4.299999999999999,1.3065326633165846,0.7730121720125986
107,4.299999999999999,1.5075376884422127,0.7763816035611516
108,4.299999999999999,1.7085427135678408,0.7794771737137514
109,4.299999999999999,1.909547738693469,0.7819184233164694
110,4.299999999999999,2.110552763819097,0.7832891666795587
111,4.299999999999999,2.311557788944725,0.7831872773959124
112,4.299999999999999,2.5125628140703533,0.7813242351211
113,4.299999999999999,2.7135678391959814,0.7776695028838427
114,4.299999999999999,2.9145728643216096,0.7726008437038373
115,4.299999999999999,3.1155778894472377,0.7670862472348251
116,4.299999999999999,3.316582914572866,0.7628296281185284
117,4.299999999999999,3.517587939698494,0.7624265930070333
118,4.299999999999999,3.718592964824122,0.76951744564654
119,4.299999999999999,3.91959798994975,0.7889008695640943
120,4.299999999999999,4.120603015075378,0.8260281804537134
121,4.299999999999999,4.321608040201006,0.8834309129481104
122,4.299999999999999,4.5226130653266345,0.9476272393010482
123,4.299999999999999,4.723618090452263,0.9638377425236074
124,4.299999999999999,4.924623115577891,0.8446144572712387
125,4.299999999999999,5.125628140703519,0.5940063883445338
126,4.299999999999999,5.326633165829147,0.36158331087142354
127,4.299999999999999,5.527638190954775,0.22456724880984233
128,4.299999999999999,5.728643216080403,0.14812280898198535
129,4.299999999999999,5.929648241206031,0.1018538727792125
130,4.299999999999999,6.1306532663316595,0.07207737668145753
131,4.299999999999999,6.331658291457288,0.05207155764653888
132,4.299999999999999,6.532663316582916,0.03820840247648763
133,4.299999999999999,6.733668341708544,0.028380951731460196
134,4.299999999999999,6.934673366834172,0.02128996627911214
135,4.299999999999999,7.1356783919598,0.01609966836143874
136,4.299999999999999,7.336683417085428,0.01225652288571447
137,4.299999999999999,7.537688442211056,0.00938185201307148
138,4.299999999999999,7.7386934673366845,0.007220339927811314
139,4.299999999999999,7.939698492462313,0.005643372647486996
140,4.299999999999999,8.14070351758794,0.004654867192733265
141,4.299999999999999,8.341708542713569,0.003785459486106709
142,4.299999999999999,8.542713567839197,0.0019353518222783295
143,4.299999999999999,8.743718592964825,0.010421233289753385
144,4.299999999999999,8.944723618090453,0.06605458443449477
145,4.299999999999999,9.145728643216081,0.14047731801862634
146,4.299999999999999,9.34673366834171,0.17199662069134491
147,4.299999999999999,9.547738693467338,0.289861811927137
148,4.299999999999999,9.748743718592966,0.3379144309231246
149,4.299999999999999,9.949748743718594,0.38946236172313464
150,4.299999999999999,10.150753768844222,0.43202947506435174
151,4.299999999999999,10.35175879396985,0.4394463662874939
152,4.299999999999999,10.552763819095478,0.4446110676791239
153,4.299999999999999,10.753768844221106,0.4478588167297499
154,4.299999999999999,10.954773869346734,0.4035241486755562
155,4.299999999999999,11.155778894472363,0.4186657624666036
156,4.299999999999999,11.35678391959799,0.3576402856686183
157,4.299999999999999,11.557788944723619,0.3455736053810805
158,4.299999999999999,11.758793969849247,0.32334072739487957
159,4.299999999999999,11.959798994974875,0.2746006654809947
160,4.299999999999999,12.160804020100507,0.2589050168434856
161,4.299999999999999,12.361809045226131,0.2385865199598818
162,4.299999999999999,12.562814070351763,0.19348682107034113
163,4.299999999999999,12.763819095477388,0.19553849049140054
164,4.299999999999999,12.96482412060302,0.1440405125119193
165,4.299999999999999,13.165829145728644,0.15979551369340889
166,4.299999999999999,13.366834170854275,0.14417663965037994
167,4.299999999999999,13.5678391959799,0.0595145812035027
168,4.299999999999999,13.768844221105532,0.20226667074593394
169,4.299999999999999,13.969849246231156,0.1161358182089214
170,4.299999999999999,14.170854271356788,0.007391078092381957
171,4.299999999999999,14.371859296482413,0.2146397315931165
172,4.299999999999999,14.572864321608044,0.2523144277816784
173,4.299999999999999,14.773869346733669,0.08081142038933489
174,4.299999999999999,14.9748743718593,0.03004968653664088
175,4.299999999999999,15.175879396984925,0.195567861460901
176,4.299999999999999,15.376884422110557,0.22122613993214327
177,4.299999999999999,15.577889447236181,0.11705251218944059
178,4.299999999999999,15.778894472361813,0.01989325522805316
179,4.299999999999999,15.979899497487438,0.06631025904235417
180,4.299999999999999,16.18090452261307,0.15036304950916693
181,4.299999999999999,16.381909547738694,0.14455625739071085
182,4.299999999999999,16.582914572864325,0.08658512359410969
183,4.299999999999999,16.78391959798995,0.04337191532791989
184,4.299999999999999,16.98492462311558,0.07111327289851267
185,4.299999999999999,17.185929648241206,0.15053182376106308
186,4.299999999999999,17.386934673366838,0.1725940237043384
187,4.299999999999999,17.587939698492463,0.21022484586794496
188,4.299999999999999,17.788944723618094,0.1548531271832099
189,4.299999999999999,17.98994974874372,0.08278191982114888
190,4.299999999999999,18.19095477386935,0.14567637472660414
191,4.299999999999999,18.391959798994975,0.2710202684581849
192,4.299999999999999,18.592964824120607,0.19938970841979592
193,4.299999999999999,18.79396984924623,0.0940359476858381
194,4.299999999999999,18.994974874371863,0.24253627977519548
195,4.299999999999999,19.195979899497488,0.4366138221474622
196,4.299999999999999,19.39698492462312,0.31298003304873323
197,4.299999999999999,19.597989949748744,0.12389214869722374
198,4.299999999999999,19.798994974874375,0.025838638153621637
199,4.299999999999999,20.0,0.09654088623852006
