,t,height,fid
0,4.099999999999999,-20.0,0.06566424817676887
1,4.099999999999999,-19.798994974874372,0.17447710422824608
2,4.099999999999999,-19.597989949748744,0.320847989524902
3,4.099999999999999,-19.396984924623116,0.23730029790271373
4,4.099999999999999,-19.195979899497488,0.10881804547984804
5,4.099999999999999,-18.99497487437186,0.1662525761198494
6,4.099999999999999,-18.79396984924623,0.29245165216096153
7,4.099999999999999,-18.592964824120603,0.1793513792451041
8,4.099999999999999,-18.391959798994975,0.07636689560933586
9,4.099999999999999,-18.190954773869347,0.08845753349906293
10,4.099999999999999,-17.98994974874372,0.102061717849848
11,4.099999999999999,-17.78894472361809,0.11460471621802826
12,4.099999999999999,-17.587939698492463,0.16664131562575843
13,4.099999999999999,-17.386934673366834,0.1488058468362618
14,4.099999999999999,-17.185929648241206,0.07242602405931946
15,4.099999999999999,-16.984924623115578,0.026524502862764976
16,4.099999999999999,-16.78391959798995,0.050700889544463196
17,4.099999999999999,-16.582914572864322,0.122551794638837
18,4.099999999999999,-16.381909547738694,0.18972534751399775
19,4.099999999999999,-16.180904522613066,0.12835270208735636
20,4.099999999999999,-15.979899497487438,0.02084552953041388
21,4.099999999999999,-15.77889447236181,0.06151008769058983
22,4.099999999999999,-15.577889447236181,0.2048655166629433
23,4.099999999999999,-15.376884422110553,0.29046085546496725
24,4.099999999999999,-15.175879396984925,0.08161307028913092
25,4.099999999999999,-14.974874371859297,0.008824582121855155
26,4.099999999999999,-14.773869346733669,0.1569184126699751
27,4.099999999999999,-14.57286432160804,0.2457114554276241
28,4.099999999999999,-14.371859296482413,0.04998267346304432
29,4.099999999999999,-14.170854271356784,0.06602734058304904
30,4.099999999999999,-13.969849246231156,0.18907050219665064
31,4.099999999999999,-13.768844221105528,0.11092545814066739
32,4.099999999999999,-13.5678391959799,0.1415581539648807
33,4.099999999999999,-13.366834170854272,0.16864737138412927
34,4.099999999999999,-13.165829145728644,0.17784785448787227
35,4.099999999999999,-12.964824120603016,0.22108589940389298
36,4.099999999999999,-12.763819095477388,0.2149271318277989
37,4.099999999999999,-12.56281407035176,0.24668336355421183
38,4.099999999999999,-12.361809045226131,0.2968533232173635
39,4.099999999999999,-12.160804020100503,0.3000521843318691
40,4.099999999999999,-11.959798994974873,0.314686472601715
41,4.099999999999999,-11.758793969849245,0.3871174225203269
42,4.099999999999999,-11.557788944723617,0.36391508961573715
43,4.099999999999999,-11.356783919597989,0.4029237579402508
44,4.099999999999999,-11.15577889447236,0.4383595232380672
45,4.099999999999999,-10.954773869346733,0.40573457614802527
46,4.099999999999999,-10.753768844221105,0.4503867169212526
47,4.099999999999999,-10.552763819095476,0.4076918646508303
48,4.099999999999999,-10.351758793969848,0.3969032282045079
49,4.099999999999999,-10.15075376884422,0.36159548055896257
50,4.099999999999999,-9.949748743718592,0.29419906731181394
51,4.099999999999999,-9.748743718592964,0.2412896647851777
52,4.099999999999999,-9.547738693467336,0.1760968392247404
53,4.099999999999999,-9.346733668341708,0.08016890400826657
54,4.099999999999999,-9.14572864321608,0.06291871926996628
55,4.099999999999999,-8.944723618090451,0.025366262214645784
56,4.099999999999999,-8.743718592964823,0.001396831473333142
57,4.099999999999999,-8.542713567839195,0.0018916962213043735
58,4.099999999999999,-8.341708542713567,0.004807011279546433
59,4.099999999999999,-8.140703517587939,0.006337762379869111
60,4.099999999999999,-7.939698492462311,0.008016492445895815
61,4.099999999999999,-7.738693467336683,0.010260793382689355
62,4.099999999999999,-7.537688442211055,0.01319924772876856
63,4.099999999999999,-7.3366834170854265,0.017033597877389475
64,4.099999999999999,-7.135678391959798,0.022041875883481995
65,4.099999999999999,-6.93467336683417,0.02858345093893285
66,4.099999999999999,-6.733668341708542,0.03713845699000341
67,4.099999999999999,-6.532663316582914,0.04842307574487934
68,4.099999999999999,-6.331658291457286,0.06361134462962405
69,4.099999999999999,-6.130653266331658,0.08475032801152081
70,4.099999999999999,-5.92964824120603,0.11544890508579003
71,4.099999999999999,-5.7286432160804015,0.16223256061303454
72,4.099999999999999,-5.527638190954773,0.23754002805412858
73,4.099999999999999,-5.326633165829145,0.36522755677546187
74,4.099999999999999,-5.125628140703517,0.566532101537838
75,4.099999999999999,-4.924623115577889,0.7859339349689476
76,4.099999999999999,-4.723618090452261,0.9121498809667747
77,4.099999999999999,-4.522613065326633,0.9235451189736823
78,4.099999999999999,-4.321608040201005,0.8792648590216766
79,4.099999999999999,-4.1206030150753765,0.8293813459028179
80,4.099999999999999,-3.9195979899497466,0.792407446051309
81,4.099999999999999,-3.7185929648241185,0.7700549553919036
82,4.099999999999999,-3.5175879396984904,0.7590905681039793
83,4.099999999999999,-3.3165829145728623,0.7558078287071807
84,4.099999999999999,-3.115577889447234,0.7571215642960575
85,4.099999999999999,-2.914572864321606,0.7606995402475408
86,4.099999999999999,-2.713567839195978,0.764894824386358
87,4.099999999999999,-2.5125628140703498,0.7686415904626386
88,4.099999999999999,-2.3115577889447216,0.7713493185670576
89,4.099999999999999,-2.1105527638190935,0.7727990616049871
90,4.099999999999999,-1.9095477386934654,0.7730328168741948
91,4.099999999999999,-1.7085427135678373,0.7722521636747369
92,4.099999999999999,-1.5075376884422091,0.7707336571227161
93,4.099999999999999,-1.306532663316581,0.7687697577895395
94,4.099999999999999,-1.105527638190953,0.7666318153861886
95,4.099999999999999,-0.9045226130653248,0.7645474932592649
96,4.099999999999999,-0.7035175879396967,0.7626993321934705
97,4.099999999999999,-0.5025125628140685,0.7612202197239818
98,4.099999999999999,-0.3015075376884404,0.7602027228476991
99,4.099999999999999,-0.10050251256281229,0.7597021433607324
100,4.099999999999999,0.10050251256281584,0.7597434995704583
101,4.099999999999999,0.30150753768844396,0.7603231841393303
102,4.099999999999999,0.5025125628140721,0.7614099470785723
103,4.099999999999999,0.7035175879397002,0.762943637300842
104,4.099999999999999,0.9045226130653283,0.764830638190346
105,4.099999999999999,1.1055276381909565,0.7669411599928825
106,4.099999999999999,1.3065326633165846,0.7691011678273458
107,4.099999999999999,1.5075376884422127,0.7710961158974172
108,4.099999999999999,1.7085427135678408,0.7726743729607
109,4.099999999999999,1.909547738693469,0.773566581698436
110,4.099999999999999,2.110552763819097,0.7735213936759339
111,4.099999999999999,2.311557788944725,0.7723641262373299
112,4.099999999999999,2.5125628140703533,0.7700783352449615
113,4.099999999999999,2.7135678391959814,0.7669092006927354
114,4.099999999999999,2.9145728643216096,0.763474050487931
115,4.099999999999999,3.1155778894472377,0.7608918238222028
116,4.099999999999999,3.316582914572866,0.7608856871078354
117,4.099999999999999,3.517587939698494,0.7659363233013683
118,4.099999999999999,3.718592964824122,0.7793972372529268
119,4.099999999999999,3.91959798994975,0.8054845612039904
120,4.099999999999999,4.120603015075378,0.848334428583448
121,4.099999999999999,4.321608040201006,0.9075390948189588
122,4.099999999999999,4.5226130653266345,0.9651471929253662
123,4.099999999999999,4.723618090452263,0.9667663449233307
124,4.099999999999999,4.924623115577891,0.8411831162807694
125,4.099999999999999,5.125628140703519,0.6043613294407847
126,4.099999999999999,5.326633165829147,0.3832724241743387
127,4.099999999999999,5.527638190954775,0.24509645184376944
128,4.099999999999999,5.728643216080403,0.1648672821158146
129,4.099999999999999,5.929648241206031,0.11530195712561384
130,4.099999999999999,6.1306532663316595,0.08295222894231546
131,4.099999999999999,6.331658291457288,0.06096447770142655
132,4.099999999999999,6.532663316582916,0.04554024255924987
133,4.099999999999999,6.733668341708544,0.034447246312308076
134,4.099999999999999,6.934673366834172,0.02630951930457362
135,4.099999999999999,7.1356783919598,0.0202477446130208
136,4.099999999999999,7.336683417085428,0.015680093987334595
137,4.099999999999999,7.537688442211056,0.012209282716268716
138,4.099999999999999,7.7386934673366845,0.00955292708400701
139,4.099999999999999,7.939698492462313,0.007518458257676073
140,4.099999999999999,8.14070351758794,0.005967803228836588
141,4.099999999999999,8.341708542713569,0.004420603678126706
142,4.099999999999999,8.542713567839197,0.0015200901244907963
143,4.099999999999999,8.743718592964825,0.002404725158830531
144,4.099999999999999,8.944723618090453,0.029110609876039546
145,4.099999999999999,9.145728643216081,0.06463973106556953
146,4.099999999999999,9.34673366834171,0.08308085763109793
147,4.099999999999999,9.547738693467338,0.19217291113089083
148,4.099999999999999,9.748743718592966,0.24511369120468351
149,4.099999999999999,9.949748743718594,0.30849253589884473
150,4.099999999999999,10.150753768844222,0.3732192944942145
151,4.099999999999999,10.35175879396985,0.40297480600070773
152,4.099999999999999,10.552763819095478,0.4223391756269435
153,4.099999999999999,10.753768844221106,0.45246104896178524
154,4.099999999999999,10.954773869346734,0.4153716217283164
155,4.099999999999999,11.155778894472363,0.44466408459856244
156,4.099999999999999,11.35678391959799,0.4008132327716869
157,4.099999999999999,11.557788944723619,0.37763201499440546
158,4.099999999999999,11.758793969849247,0.3801576122984638
159,4.099999999999999,11.959798994974875,0.3220045629976395
160,4.099999999999999,12.160804020100507,0.30435459069460225
161,4.099999999999999,12.361809045226131,0.29323431448808385
162,4.099999999999999,12.562814070351763,0.2502047635455893
163,4.099999999999999,12.763819095477388,0.21939831515257666
164,4.099999999999999,12.96482412060302,0.21892813513803513
165,4.099999999999999,13.165829145728644,0.17584847745739196
166,4.099999999999999,13.366834170854275,0.1747656118851183
167,4.099999999999999,13.5678391959799,0.14400542771685312
168,4.099999999999999,13.768844221105532,0.10329248243584631
169,4.099999999999999,13.969849246231156,0.19693616170178418
170,4.099999999999999,14.170854271356788,0.07214030916095947
171,4.099999999999999,14.371859296482413,0.049445615736004894
172,4.099999999999999,14.572864321608044,0.24471834672656595
173,4.099999999999999,14.773869346733669,0.17271124350684952
174,4.099999999999999,14.9748743718593,0.009476290739240922
175,4.099999999999999,15.175879396984925,0.09225849620130468
176,4.099999999999999,15.376884422110557,0.284175667052546
177,4.099999999999999,15.577889447236181,0.2202288896911166
178,4.099999999999999,15.778894472361813,0.06532407096478078
179,4.099999999999999,15.979899497487438,0.025508579871953728
180,4.099999999999999,16.18090452261307,0.12919768553089414
181,4.099999999999999,16.381909547738694,0.19242090062347203
182,4.099999999999999,16.582914572864325,0.1328737165073939
183,4.099999999999999,16.78391959798995,0.05291001696987488
184,4.099999999999999,16.98492462311558,0.028164046682330007
185,4.099999999999999,17.185929648241206,0.07758740819235117
186,4.099999999999999,17.386934673366838,0.1504570703211099
187,4.099999999999999,17.587939698492463,0.16893400295934846
188,4.099999999999999,17.788944723618094,0.1211662169596159
189,4.099999999999999,17.98994974874372,0.10737064077399508
190,4.099999999999999,18.19095477386935,0.08838562899607598
191,4.099999999999999,18.391959798994975,0.07784971497549435
192,4.099999999999999,18.592964824120607,0.1867956355906551
193,4.099999999999999,18.79396984924623,0.2945616546838825
194,4.099999999999999,18.994974874371863,0.16653393899968005
195,4.099999999999999,19.195979899497488,0.11309713438853285
196,4.099999999999999,19.39698492462312,0.24579243121319796
197,4.099999999999999,19.597989949748744,0.32164634307948003
198,4.099999999999999,19.798994974874375,0.19304584294712146
199,4.099999999999999,20.0,0.06709091651248693
