,t,height,fid
0,4.749999999999999,-20.0,0.3076010783941278
1,4.749999999999999,-19.798994974874372,0.32505384501503215
2,4.749999999999999,-19.597989949748744,0.20469315740334265
3,4.749999999999999,-19.396984924623116,0.04952395421808494
4,4.749999999999999,-19.195979899497488,0.026470177271533436
5,4.749999999999999,-18.99497487437186,0.17848748909133008
6,4.749999999999999,-18.79396984924623,0.4215573486143344
7,4.749999999999999,-18.592964824120603,0.3825080166476257
8,4.749999999999999,-18.391959798994975,0.1857257880975916
9,4.749999999999999,-18.190954773869347,0.03384583774930264
10,4.749999999999999,-17.98994974874372,0.12151254281948759
11,4.749999999999999,-17.78894472361809,0.32151956659484093
12,4.749999999999999,-17.587939698492463,0.34169282805127765
13,4.749999999999999,-17.386934673366834,0.2052888864798913
14,4.749999999999999,-17.185929648241206,0.15361495621211863
15,4.749999999999999,-16.984924623115578,0.2589452936946786
16,4.749999999999999,-16.78391959798995,0.18407149085759641
17,4.749999999999999,-16.582914572864322,0.07216008379720133
18,4.749999999999999,-16.381909547738694,0.1867347797211421
19,4.749999999999999,-16.180904522613066,0.19851525922442204
20,4.749999999999999,-15.979899497487438,0.15857435372312484
21,4.749999999999999,-15.77889447236181,0.11521280586121152
22,4.749999999999999,-15.577889447236181,0.036760836243968
23,4.749999999999999,-15.376884422110553,0.08807296743338057
24,4.749999999999999,-15.175879396984925,0.14072447122271664
25,4.749999999999999,-14.974874371859297,0.12416337150379612
26,4.749999999999999,-14.773869346733669,0.030781747189566996
27,4.749999999999999,-14.57286432160804,0.05868039171658507
28,4.749999999999999,-14.371859296482413,0.1934297257173266
29,4.749999999999999,-14.170854271356784,0.17864183718224688
30,4.749999999999999,-13.969849246231156,0.02785765384780547
31,4.749999999999999,-13.768844221105528,0.11245989861721668
32,4.749999999999999,-13.5678391959799,0.26839487435174736
33,4.749999999999999,-13.366834170854272,0.09650595641299906
34,4.749999999999999,-13.165829145728644,0.037025172018230273
35,4.749999999999999,-12.964824120603016,0.210274296387805
36,4.749999999999999,-12.763819095477388,0.06751402379415078
37,4.749999999999999,-12.56281407035176,0.1363430728892475
38,4.749999999999999,-12.361809045226131,0.14683588086065374
39,4.749999999999999,-12.160804020100503,0.1353777584422681
40,4.749999999999999,-11.959798994974873,0.19608505814698063
41,4.749999999999999,-11.758793969849245,0.19684426151842196
42,4.749999999999999,-11.557788944723617,0.23595379235063654
43,4.749999999999999,-11.356783919597989,0.26246721333222917
44,4.749999999999999,-11.15577889447236,0.2961222011345291
45,4.749999999999999,-10.954773869346733,0.3325741029024023
46,4.749999999999999,-10.753768844221105,0.3564393482872807
47,4.749999999999999,-10.552763819095476,0.40622847426927
48,4.749999999999999,-10.351758793969848,0.4075922144056128
49,4.749999999999999,-10.15075376884422,0.46384031454558383
50,4.749999999999999,-9.949748743718592,0.4320330426442251
51,4.749999999999999,-9.748743718592964,0.47691498636060103
52,4.749999999999999,-9.547738693467336,0.4137837966264302
53,4.749999999999999,-9.346733668341708,0.37072162336944187
54,4.749999999999999,-9.14572864321608,0.3658158223184314
55,4.749999999999999,-8.944723618090451,0.21842076780191463
56,4.749999999999999,-8.743718592964823,0.10917469490949912
57,4.749999999999999,-8.542713567839195,0.06410047425560184
58,4.749999999999999,-8.341708542713567,0.030521784044557857
59,4.749999999999999,-8.140703517587939,0.01101995827005885
60,4.749999999999999,-7.939698492462311,0.004925271252109253
61,4.749999999999999,-7.738693467336683,0.004180257869449389
62,4.749999999999999,-7.537688442211055,0.00511184241072376
63,4.749999999999999,-7.3366834170854265,0.006758750842399628
64,4.749999999999999,-7.135678391959798,0.009108088911788855
65,4.749999999999999,-6.93467336683417,0.012433692704367038
66,4.749999999999999,-6.733668341708542,0.01717044617465224
67,4.749999999999999,-6.532663316582914,0.023998898611730213
68,4.749999999999999,-6.331658291457286,0.03402123373327676
69,4.749999999999999,-6.130653266331658,0.04909543737534436
70,4.749999999999999,-5.92964824120603,0.07251297199367294
71,4.749999999999999,-5.7286432160804015,0.1105279622362346
72,4.749999999999999,-5.527638190954773,0.17628182404222925
73,4.749999999999999,-5.326633165829145,0.3017198183151281
74,4.749999999999999,-5.125628140703517,0.5412264124367547
75,4.749999999999999,-4.924623115577889,0.8103662524275593
76,4.749999999999999,-4.723618090452261,0.918968499907372
77,4.749999999999999,-4.522613065326633,0.8867222278460741
78,4.749999999999999,-4.321608040201005,0.8232454958536618
79,4.749999999999999,-4.1206030150753765,0.7780203209951178
80,4.749999999999999,-3.9195979899497466,0.7564158855285378
81,4.749999999999999,-3.7185929648241185,0.7520681834861322
82,4.749999999999999,-3.5175879396984904,0.7579550113261717
83,4.749999999999999,-3.3165829145728623,0.7684544839266816
84,4.749999999999999,-3.115577889447234,0.7794865603049439
85,4.749999999999999,-2.914572864321606,0.788451913291956
86,4.749999999999999,-2.713567839195978,0.7941079304179135
87,4.749999999999999,-2.5125628140703498,0.796265683077051
88,4.749999999999999,-2.3115577889447216,0.7954245166789247
89,4.749999999999999,-2.1105527638190935,0.7923955790153735
90,4.749999999999999,-1.9095477386934654,0.7880347842584797
91,4.749999999999999,-1.7085427135678373,0.783068096658881
92,4.749999999999999,-1.5075376884422091,0.7780478149390199
93,4.749999999999999,-1.306532663316581,0.7733479328525803
94,4.749999999999999,-1.105527638190953,0.7692027363598749
95,4.749999999999999,-0.9045226130653248,0.7657446938560395
96,4.749999999999999,-0.7035175879396967,0.763033719932024
97,4.749999999999999,-0.5025125628140685,0.7610961552061432
98,4.749999999999999,-0.3015075376884404,0.7599353771600935
99,4.749999999999999,-0.10050251256281229,0.7595530716866563
100,4.749999999999999,0.10050251256281584,0.7599532062475772
101,4.749999999999999,0.30150753768844396,0.7611470401182104
102,4.749999999999999,0.5025125628140721,0.7631515252916373
103,4.749999999999999,0.7035175879397002,0.7659872861413345
104,4.749999999999999,0.9045226130653283,0.7696629234485851
105,4.749999999999999,1.1055276381909565,0.7741671829567739
106,4.749999999999999,1.3065326633165846,0.7794430507114924
107,4.749999999999999,1.5075376884422127,0.7853530968850173
108,4.749999999999999,1.7085427135678408,0.7916494164395319
109,4.749999999999999,1.909547738693469,0.7979220690493763
110,4.749999999999999,2.110552763819097,0.8035648337119702
111,4.749999999999999,2.311557788944725,0.807772560961408
112,4.749999999999999,2.5125628140703533,0.8095832167521776
113,4.749999999999999,2.7135678391959814,0.808059445314606
114,4.749999999999999,2.9145728643216096,0.8025735951031887
115,4.749999999999999,3.1155778894472377,0.7932097667491723
116,4.749999999999999,3.316582914572866,0.7811764137781375
117,4.749999999999999,3.517587939698494,0.769131609693214
118,4.749999999999999,3.718592964824122,0.7613371776041912
119,4.749999999999999,3.91959798994975,0.7638034167676186
120,4.749999999999999,4.120603015075378,0.7843174544223998
121,4.749999999999999,4.321608040201006,0.8308580468792676
122,4.749999999999999,4.5226130653266345,0.9010226125823091
123,4.749999999999999,4.723618090452263,0.947282152029108
124,4.749999999999999,4.924623115577891,0.8501335982456535
125,4.749999999999999,5.125628140703519,0.5709680990984283
126,4.749999999999999,5.326633165829147,0.3140459144620681
127,4.749999999999999,5.527638190954775,0.18254248947163726
128,4.749999999999999,5.728643216080403,0.1149699327400007
129,4.749999999999999,5.929648241206031,0.07600009237903518
130,4.749999999999999,6.1306532663316595,0.051905970535088095
131,4.749999999999999,6.331658291457288,0.03629664350762086
132,4.749999999999999,6.532663316582916,0.02584168517098607
133,4.749999999999999,6.733668341708544,0.01866040058405396
134,4.749999999999999,6.934673366834172,0.013630385195775242
135,4.749999999999999,7.1356783919598,0.010054580518926935
136,4.749999999999999,7.336683417085428,0.0074812143813222575
137,4.749999999999999,7.537688442211056,0.005616448506703213
138,4.749999999999999,7.7386934673366845,0.004465031749610142
139,4.749999999999999,7.939698492462313,0.005047775453207422
140,4.749999999999999,8.14070351758794,0.01118922663628665
141,4.749999999999999,8.341708542713569,0.031855718318018963
142,4.749999999999999,8.542713567839197,0.07004229892601438
143,4.749999999999999,8.743718592964825,0.12293852326515003
144,4.749999999999999,8.944723618090453,0.23120162492904578
145,4.749999999999999,9.145728643216081,0.3640243950980838
146,4.749999999999999,9.34673366834171,0.37840637147097606
147,4.749999999999999,9.547738693467338,0.43422609967366366
148,4.749999999999999,9.748743718592966,0.47470052546887453
149,4.749999999999999,9.949748743718594,0.44578493603756175
150,4.749999999999999,10.150753768844222,0.4644030038722552
151,4.749999999999999,10.35175879396985,0.4170128933927488
152,4.749999999999999,10.552763819095478,0.4048729797609664
153,4.749999999999999,10.753768844221106,0.3654884013445773
154,4.749999999999999,10.954773869346734,0.32878204397335786
155,4.749999999999999,11.155778894472363,0.30354389711724605
156,4.749999999999999,11.35678391959799,0.26158280789457644
157,4.749999999999999,11.557788944723619,0.2352006853772808
158,4.749999999999999,11.758793969849247,0.20404685905307832
159,4.749999999999999,11.959798994974875,0.18969326810084847
160,4.749999999999999,12.160804020100507,0.1395787103763029
161,4.749999999999999,12.361809045226131,0.15253852311255814
162,4.749999999999999,12.562814070351763,0.13175481755838517
163,4.749999999999999,12.763819095477388,0.06696892798513089
164,4.749999999999999,12.96482412060302,0.22190262590485288
165,4.749999999999999,13.165829145728644,0.03719786925558864
166,4.749999999999999,13.366834170854275,0.09655495415970566
167,4.749999999999999,13.5678391959799,0.281793166461613
168,4.749999999999999,13.768844221105532,0.11678329462133595
169,4.749999999999999,13.969849246231156,0.028401991926495927
170,4.749999999999999,14.170854271356788,0.1865464504241163
171,4.749999999999999,14.371859296482413,0.20208738603799822
172,4.749999999999999,14.572864321608044,0.060459166876246556
173,4.749999999999999,14.773869346733669,0.032226722733634354
174,4.749999999999999,14.9748743718593,0.12846764289705656
175,4.749999999999999,15.175879396984925,0.1499562996326609
176,4.749999999999999,15.376884422110557,0.0885047647439864
177,4.749999999999999,15.577889447236181,0.04191480875369089
178,4.749999999999999,15.778894472361813,0.11270839024560912
179,4.749999999999999,15.979899497487438,0.16558944389177951
180,4.749999999999999,16.18090452261307,0.20560942956334136
181,4.749999999999999,16.381909547738694,0.18469479982476056
182,4.749999999999999,16.582914572864325,0.07850965772030724
183,4.749999999999999,16.78391959798995,0.17875227858855888
184,4.749999999999999,16.98492462311558,0.27405979649446227
185,4.749999999999999,17.185929648241206,0.15732021400736948
186,4.749999999999999,17.386934673366838,0.18938031161550073
187,4.749999999999999,17.587939698492463,0.362783762212055
188,4.749999999999999,17.788944723618094,0.3328612717429052
189,4.749999999999999,17.98994974874372,0.12243731369594789
190,4.749999999999999,18.19095477386935,0.03141243418636812
191,4.749999999999999,18.391959798994975,0.1875005112972338
192,4.749999999999999,18.592964824120607,0.40132883387585744
193,4.749999999999999,18.79396984924623,0.42253702456657466
194,4.749999999999999,18.994974874371863,0.1879744554829144
195,4.749999999999999,19.195979899497488,0.026518567643938326
196,4.749999999999999,19.39698492462312,0.05020043382464188
197,4.749999999999999,19.597989949748744,0.2006651770446945
198,4.749999999999999,19.798994974874375,0.33419154544044644
199,4.749999999999999,20.0,0.3230756114136363
