,t,height,fid
0,4.199999999999999,-20.0,0.022405752975829002
1,4.199999999999999,-19.798994974874372,0.09207012428114536
2,4.199999999999999,-19.597989949748744,0.2702944325458706
3,4.199999999999999,-19.396984924623116,0.30269247719934184
4,4.199999999999999,-19.195979899497488,0.2746974355173122
5,4.199999999999999,-18.99497487437186,0.1474926851402231
6,4.199999999999999,-18.79396984924623,0.17690366732997276
7,4.199999999999999,-18.592964824120603,0.24505891293689436
8,4.199999999999999,-18.391959798994975,0.18074675733677686
9,4.199999999999999,-18.190954773869347,0.0747424402725965
10,4.199999999999999,-17.98994974874372,0.08947189671663094
11,4.199999999999999,-17.78894472361809,0.1668375443954429
12,4.199999999999999,-17.587939698492463,0.16470472441166759
13,4.199999999999999,-17.386934673366834,0.15703196177716805
14,4.199999999999999,-17.185929648241206,0.10912676039976205
15,4.199999999999999,-16.984924623115578,0.04781036414553711
16,4.199999999999999,-16.78391959798995,0.033537834028459744
17,4.199999999999999,-16.582914572864322,0.10338305131619457
18,4.199999999999999,-16.381909547738694,0.16219705562676895
19,4.199999999999999,-16.180904522613066,0.1270790945611607
20,4.199999999999999,-15.979899497487438,0.04579756984520338
21,4.199999999999999,-15.77889447236181,0.024526562822489766
22,4.199999999999999,-15.577889447236181,0.1796874143687717
23,4.199999999999999,-15.376884422110553,0.2506971606500652
24,4.199999999999999,-15.175879396984925,0.1395568830868168
25,4.199999999999999,-14.974874371859297,0.0121094403398135
26,4.199999999999999,-14.773869346733669,0.1294052227936357
27,4.199999999999999,-14.57286432160804,0.25690612948608244
28,4.199999999999999,-14.371859296482413,0.11308648982302205
29,4.199999999999999,-14.170854271356784,0.016454078389546944
30,4.199999999999999,-13.969849246231156,0.18363780183708886
31,4.199999999999999,-13.768844221105528,0.13460470630956284
32,4.199999999999999,-13.5678391959799,0.07584356565597453
33,4.199999999999999,-13.366834170854272,0.18579611937922005
34,4.199999999999999,-13.165829145728644,0.15380643604634855
35,4.199999999999999,-12.964824120603016,0.17933523039101942
36,4.199999999999999,-12.763819095477388,0.2003614095291791
37,4.199999999999999,-12.56281407035176,0.23284975896574883
38,4.199999999999999,-12.361809045226131,0.25467715309783046
39,4.199999999999999,-12.160804020100503,0.276214964578491
40,4.199999999999999,-11.959798994974873,0.30889233718131365
41,4.199999999999999,-11.758793969849245,0.3381520447263466
42,4.199999999999999,-11.557788944723617,0.3600021234269899
43,4.199999999999999,-11.356783919597989,0.38885259596501337
44,4.199999999999999,-11.15577889447236,0.40634937285991246
45,4.199999999999999,-10.954773869346733,0.4346650796501154
46,4.199999999999999,-10.753768844221105,0.41649757712760543
47,4.199999999999999,-10.552763819095476,0.45997088727397567
48,4.199999999999999,-10.351758793969848,0.3884237251354457
49,4.199999999999999,-10.15075376884422,0.42213274257508115
50,4.199999999999999,-9.949748743718592,0.32525397576162784
51,4.199999999999999,-9.748743718592964,0.29070554232218154
52,4.199999999999999,-9.547738693467336,0.2371115364376447
53,4.199999999999999,-9.346733668341708,0.10942912701711724
54,4.199999999999999,-9.14572864321608,0.0983169135412791
55,4.199999999999999,-8.944723618090451,0.04493815400945393
56,4.199999999999999,-8.743718592964823,0.0037204689216919114
57,4.199999999999999,-8.542713567839195,0.0011414448204786832
58,4.199999999999999,-8.341708542713567,0.004419196857506428
59,4.199999999999999,-8.140703517587939,0.005684630265372138
60,4.199999999999999,-7.939698492462311,0.006826922892404696
61,4.199999999999999,-7.738693467336683,0.008434223548556012
62,4.199999999999999,-7.537688442211055,0.010568470779533523
63,4.199999999999999,-7.3366834170854265,0.013362142639302162
64,4.199999999999999,-7.135678391959798,0.017043522367076194
65,4.199999999999999,-6.93467336683417,0.02196232197315522
66,4.199999999999999,-6.733668341708542,0.028669002427819064
67,4.199999999999999,-6.532663316582914,0.038050653462859386
68,4.199999999999999,-6.331658291457286,0.05154648620451661
69,4.199999999999999,-6.130653266331658,0.07147363980771987
70,4.199999999999999,-5.92964824120603,0.10164752100888177
71,4.199999999999999,-5.7286432160804015,0.14873400457232933
72,4.199999999999999,-5.527638190954773,0.22548467573455266
73,4.199999999999999,-5.326633165829145,0.3575852674286887
74,4.199999999999999,-5.125628140703517,0.5709348203545297
75,4.199999999999999,-4.924623115577889,0.804153686917339
76,4.199999999999999,-4.723618090452261,0.9313273701638053
77,4.199999999999999,-4.522613065326633,0.9341918781600188
78,4.199999999999999,-4.321608040201005,0.882217800921669
79,4.199999999999999,-4.1206030150753765,0.8284361486469387
80,4.199999999999999,-3.9195979899497466,0.7901641103856445
81,4.199999999999999,-3.7185929648241185,0.7677397733193421
82,4.199999999999999,-3.5175879396984904,0.7571638058595181
83,4.199999999999999,-3.3165829145728623,0.7543483089373058
84,4.199999999999999,-3.115577889447234,0.7560163833636753
85,4.199999999999999,-2.914572864321606,0.7597644513003428
86,4.199999999999999,-2.713567839195978,0.7639311450983912
87,4.199999999999999,-2.5125628140703498,0.7674979214005134
88,4.199999999999999,-2.3115577889447216,0.7699341570063505
89,4.199999999999999,-2.1105527638190935,0.7710987883932267
90,4.199999999999999,-1.9095477386934654,0.7710964643134294
91,4.199999999999999,-1.7085427135678373,0.7701687519305209
92,4.199999999999999,-1.5075376884422091,0.7686093565193363
93,4.199999999999999,-1.306532663316581,0.7667108272403901
94,4.199999999999999,-1.105527638190953,0.7647311722326828
95,4.199999999999999,-0.9045226130653248,0.7628844754094811
96,4.199999999999999,-0.7035175879396967,0.7613337306922695
97,4.199999999999999,-0.5025125628140685,0.7601989410951056
98,4.199999999999999,-0.3015075376884404,0.7595635883320898
99,4.199999999999999,-0.10050251256281229,0.7594803283882106
100,4.199999999999999,0.10050251256281584,0.759974576113951
101,4.199999999999999,0.30150753768844396,0.7610467901444533
102,4.199999999999999,0.5025125628140721,0.7626711546414513
103,4.199999999999999,0.7035175879397002,0.7647923088765608
104,4.199999999999999,0.9045226130653283,0.7673199859893521
105,4.199999999999999,1.1055276381909565,0.7701182946300572
106,4.199999999999999,1.3065326633165846,0.7730038143606213
107,4.199999999999999,1.5075376884422127,0.7757361292820498
108,4.199999999999999,1.7085427135678408,0.7780215909875388
109,4.199999999999999,1.909547738693469,0.7795283065438441
110,4.199999999999999,2.110552763819097,0.7799208380615462
111,4.199999999999999,2.311557788944725,0.778921499040276
112,4.199999999999999,2.5125628140703533,0.7764015851726164
113,4.199999999999999,2.7135678391959814,0.77249904443822
114,4.199999999999999,2.9145728643216096,0.7677570294170826
115,4.199999999999999,3.1155778894472377,0.7632528724840004
116,4.199999999999999,3.316582914572866,0.7607376314455333
117,4.199999999999999,3.517587939698494,0.7627685658025888
118,4.199999999999999,3.718592964824122,0.7728659306892612
119,4.199999999999999,3.91959798994975,0.7955585382002127
120,4.199999999999999,4.120603015075378,0.8356844426651683
121,4.199999999999999,4.321608040201006,0.8943669585592419
122,4.199999999999999,4.5226130653266345,0.9558419654867767
123,4.199999999999999,4.723618090452263,0.9652058815473119
124,4.199999999999999,4.924623115577891,0.8428923449803225
125,4.199999999999999,5.125628140703519,0.5991925501053719
126,4.199999999999999,5.326633165829147,0.37223356824694975
127,4.199999999999999,5.527638190954775,0.234297409814781
128,4.199999999999999,5.728643216080403,0.15572447762988567
129,4.199999999999999,5.929648241206031,0.10765914174766612
130,4.199999999999999,6.1306532663316595,0.07653588829350999
131,4.199999999999999,6.331658291457288,0.05556891602022413
132,4.199999999999999,6.532663316582916,0.04102876612970738
133,4.199999999999999,6.733668341708544,0.030715475338169804
134,4.199999999999999,6.934673366834172,0.023264484892029334
135,4.199999999999999,7.1356783919598,0.01779479146163093
136,4.199999999999999,7.336683417085428,0.01372571595604834
137,4.199999999999999,7.537688442211056,0.010666711643579413
138,4.199999999999999,7.7386934673366845,0.008349561054828928
139,4.199999999999999,7.939698492462313,0.006609654328765423
140,4.199999999999999,8.14070351758794,0.005347471502389139
141,4.199999999999999,8.341708542713569,0.0039627831266167484
142,4.199999999999999,8.542713567839197,0.0008549962145039758
143,4.199999999999999,8.743718592964825,0.004380176429757348
144,4.199999999999999,8.944723618090453,0.04594358223993656
145,4.199999999999999,9.145728643216081,0.10085057137250075
146,4.199999999999999,9.34673366834171,0.12127858892547616
147,4.199999999999999,9.547738693467338,0.2434939107964017
148,4.199999999999999,9.748743718592966,0.2970994538253104
149,4.199999999999999,9.949748743718594,0.34506656931085283
150,4.199999999999999,10.150753768844222,0.41720097962625974
151,4.199999999999999,10.35175879396985,0.41369536135142404
152,4.199999999999999,10.552763819095478,0.44974919918435946
153,4.199999999999999,10.753768844221106,0.44083922305724144
154,4.199999999999999,10.954773869346734,0.42400005955454906
155,4.199999999999999,11.155778894472363,0.4242715617458973
156,4.199999999999999,11.35678391959799,0.38538626349785926
157,4.199999999999999,11.557788944723619,0.3641535511532572
158,4.199999999999999,11.758793969849247,0.34563702303479443
159,4.199999999999999,11.959798994974875,0.305540424281272
160,4.199999999999999,12.160804020100507,0.279819047224703
161,4.199999999999999,12.361809045226131,0.259806662478016
162,4.199999999999999,12.562814070351763,0.2298673480929713
163,4.199999999999999,12.763819095477388,0.20048763461101193
164,4.199999999999999,12.96482412060302,0.18638030104836473
165,4.199999999999999,13.165829145728644,0.14998968947688993
166,4.199999999999999,13.366834170854275,0.18669209140782733
167,4.199999999999999,13.5678391959799,0.07701275208975385
168,4.199999999999999,13.768844221105532,0.14073231123859423
169,4.199999999999999,13.969849246231156,0.18538233655961311
170,4.199999999999999,14.170854271356788,0.014655174846903258
171,4.199999999999999,14.371859296482413,0.11914028607145326
172,4.199999999999999,14.572864321608044,0.270909074630212
173,4.199999999999999,14.773869346733669,0.129186255831801
174,4.199999999999999,14.9748743718593,0.01191604830371
175,4.199999999999999,15.175879396984925,0.14962066657902923
176,4.199999999999999,15.376884422110557,0.26196651399837506
177,4.199999999999999,15.577889447236181,0.1770989786234006
178,4.199999999999999,15.778894472361813,0.030738205206374557
179,4.199999999999999,15.979899497487438,0.046963526006742494
180,4.199999999999999,16.18090452261307,0.13515934987264097
181,4.199999999999999,16.381909547738694,0.1674558171868165
182,4.199999999999999,16.582914572864325,0.1063239558870592
183,4.199999999999999,16.78391959798995,0.03794054989397029
184,4.199999999999999,16.98492462311558,0.04760035397750615
185,4.199999999999999,17.185929648241206,0.11227621044051093
186,4.199999999999999,17.386934673366838,0.1654656851157692
187,4.199999999999999,17.587939698492463,0.16511535932978003
188,4.199999999999999,17.788944723618094,0.1696074591136739
189,4.199999999999999,17.98994974874372,0.09773223509685074
190,4.199999999999999,18.19095477386935,0.07181164360764127
191,4.199999999999999,18.391959798994975,0.17792702946141126
192,4.199999999999999,18.592964824120607,0.26545511672980315
193,4.199999999999999,18.79396984924623,0.18038838185971473
194,4.199999999999999,18.994974874371863,0.13286865629007813
195,4.199999999999999,19.195979899497488,0.27616871904451235
196,4.199999999999999,19.39698492462312,0.3352202474022711
197,4.199999999999999,19.597989949748744,0.2685639665527088
198,4.199999999999999,19.798994974874375,0.08904114747004704
199,4.199999999999999,20.0,0.022795187235712975
