,t,height,fid
0,4.449999999999999,-20.0,0.23630047519292707
1,4.449999999999999,-19.798994974874372,0.08799448072627343
2,4.449999999999999,-19.597989949748744,0.02059610026702794
3,4.449999999999999,-19.396984924623116,0.1418526966817645
4,4.449999999999999,-19.195979899497488,0.35364554855695224
5,4.449999999999999,-18.99497487437186,0.4203718257916634
6,4.449999999999999,-18.79396984924623,0.31075245991492334
7,4.449999999999999,-18.592964824120603,0.08466967277745552
8,4.449999999999999,-18.391959798994975,0.11151594639999647
9,4.449999999999999,-18.190954773869347,0.27050784165250097
10,4.449999999999999,-17.98994974874372,0.21343445559059776
11,4.449999999999999,-17.78894472361809,0.10457074543317735
12,4.449999999999999,-17.587939698492463,0.18252900835872826
13,4.449999999999999,-17.386934673366834,0.2688594485172189
14,4.449999999999999,-17.185929648241206,0.1554571419248879
15,4.449999999999999,-16.984924623115578,0.11553563810950046
16,4.449999999999999,-16.78391959798995,0.07535854898092204
17,4.449999999999999,-16.582914572864322,0.07429647852209251
18,4.449999999999999,-16.381909547738694,0.14143004878850166
19,4.449999999999999,-16.180904522613066,0.1498005894887496
20,4.449999999999999,-15.979899497487438,0.09620219827041478
21,4.449999999999999,-15.77889447236181,0.02824677531706721
22,4.449999999999999,-15.577889447236181,0.05025352951823806
23,4.449999999999999,-15.376884422110553,0.1622944281808515
24,4.449999999999999,-15.175879396984925,0.18356804842025243
25,4.449999999999999,-14.974874371859297,0.06689478850937348
26,4.449999999999999,-14.773869346733669,0.023542458583799414
27,4.449999999999999,-14.57286432160804,0.2097866819542866
28,4.449999999999999,-14.371859296482413,0.253437206423419
29,4.449999999999999,-14.170854271356784,0.07363928254090878
30,4.449999999999999,-13.969849246231156,0.025333503117591763
31,4.449999999999999,-13.768844221105528,0.2416674823416668
32,4.449999999999999,-13.5678391959799,0.11249702129329733
33,4.449999999999999,-13.366834170854272,0.03980682063272357
34,4.449999999999999,-13.165829145728644,0.19710365833128266
35,4.449999999999999,-12.964824120603016,0.10392299806187555
36,4.449999999999999,-12.763819095477388,0.14596469280173724
37,4.449999999999999,-12.56281407035176,0.18450389376090862
38,4.449999999999999,-12.361809045226131,0.19331069742653106
39,4.449999999999999,-12.160804020100503,0.2129649609950521
40,4.449999999999999,-11.959798994974873,0.24926023436541392
41,4.449999999999999,-11.758793969849245,0.2778929441589096
42,4.449999999999999,-11.557788944723617,0.3010998861760924
43,4.449999999999999,-11.356783919597989,0.3359670330023275
44,4.449999999999999,-11.15577889447236,0.3678535483104615
45,4.449999999999999,-10.954773869346733,0.39001313461699516
46,4.449999999999999,-10.753768844221105,0.417330115797423
47,4.449999999999999,-10.552763819095476,0.44020882460190075
48,4.449999999999999,-10.351758793969848,0.431508084983804
49,4.449999999999999,-10.15075376884422,0.46402324044919907
50,4.449999999999999,-9.949748743718592,0.3923113994708487
51,4.449999999999999,-9.748743718592964,0.4167853540308678
52,4.449999999999999,-9.547738693467336,0.3260305926466362
53,4.449999999999999,-9.346733668341708,0.23302562326638382
54,4.449999999999999,-9.14572864321608,0.21949688984379118
55,4.449999999999999,-8.944723618090451,0.10479627568836428
56,4.449999999999999,-8.743718592964823,0.02473318175876973
57,4.449999999999999,-8.542713567839195,0.009410235885602332
58,4.449999999999999,-8.341708542713567,0.007244236005080311
59,4.449999999999999,-8.140703517587939,0.005729753525836739
60,4.449999999999999,-7.939698492462311,0.005644021582938988
61,4.449999999999999,-7.738693467336683,0.006666314638980396
62,4.449999999999999,-7.537688442211055,0.008342314430691087
63,4.449999999999999,-7.3366834170854265,0.010634205443903495
64,4.449999999999999,-7.135678391959798,0.01372764425285716
65,4.449999999999999,-6.93467336683417,0.017935506230453393
66,4.449999999999999,-6.733668341708542,0.02372782760374609
67,4.449999999999999,-6.532663316582914,0.03183731341816367
68,4.449999999999999,-6.331658291457286,0.04344879078127452
69,4.449999999999999,-6.130653266331658,0.060557784575270814
70,4.449999999999999,-5.92964824120603,0.0866770681733653
71,4.449999999999999,-5.7286432160804015,0.12834461069635256
72,4.449999999999999,-5.527638190954773,0.19872618388386237
73,4.449999999999999,-5.326633165829145,0.32695025794292987
74,4.449999999999999,-5.125628140703517,0.5512974469634324
75,4.449999999999999,-4.924623115577889,0.8017080436076047
76,4.449999999999999,-4.723618090452261,0.9244734886908084
77,4.449999999999999,-4.522613065326633,0.9132313583246979
78,4.449999999999999,-4.321608040201005,0.8556787253992673
79,4.449999999999999,-4.1206030150753765,0.805182605958927
80,4.449999999999999,-3.9195979899497466,0.7741208502842932
81,4.449999999999999,-3.7185929648241185,0.75969939381467
82,4.449999999999999,-3.5175879396984904,0.7565113837855575
83,4.449999999999999,-3.3165829145728623,0.75981973832778
84,4.449999999999999,-3.115577889447234,0.7660245250541341
85,4.449999999999999,-2.914572864321606,0.7726061476317604
86,4.449999999999999,-2.713567839195978,0.7779976686742611
87,4.449999999999999,-2.5125628140703498,0.7814357129581662
88,4.449999999999999,-2.3115577889447216,0.7827622073495341
89,4.449999999999999,-2.1105527638190935,0.7822179227899171
90,4.449999999999999,-1.9095477386934654,0.7802529704101441
91,4.449999999999999,-1.7085427135678373,0.7773670052321304
92,4.449999999999999,-1.5075376884422091,0.7740194535622527
93,4.449999999999999,-1.306532663316581,0.7705914460726567
94,4.449999999999999,-1.105527638190953,0.7673718468076932
95,4.449999999999999,-0.9045226130653248,0.7645644345675288
96,4.449999999999999,-0.7035175879396967,0.7623044912509379
97,4.449999999999999,-0.5025125628140685,0.760677219336611
98,4.449999999999999,-0.3015075376884404,0.7597334800968598
99,4.449999999999999,-0.10050251256281229,0.7595006167268076
100,4.449999999999999,0.10050251256281584,0.7599905819900157
101,4.449999999999999,0.30150753768844396,0.7612027944393069
102,4.449999999999999,0.5025125628140721,0.7631235456216685
103,4.449999999999999,0.7035175879397002,0.7657218171551269
104,4.449999999999999,0.9045226130653283,0.7689361746908948
105,4.449999999999999,1.1055276381909565,0.7726687310654035
106,4.449999999999999,1.3065326633165846,0.7767656344560622
107,4.449999999999999,1.5075376884422127,0.7809948888928818
108,4.449999999999999,1.7085427135678408,0.7850382639353124
109,4.449999999999999,1.909547738693469,0.7884747174910274
110,4.449999999999999,2.110552763819097,0.7907978761470769
111,4.449999999999999,2.311557788944725,0.7914627871823271
112,4.449999999999999,2.5125628140703533,0.7899833086710731
113,4.449999999999999,2.7135678391959814,0.7860912762022005
114,4.449999999999999,2.9145728643216096,0.7799458514035867
115,4.449999999999999,3.1155778894472377,0.7723447182843498
116,4.449999999999999,3.316582914572866,0.7649424127475213
117,4.449999999999999,3.517587939698494,0.7604138647936992
118,4.449999999999999,3.718592964824122,0.7626126521641287
119,4.449999999999999,3.91959798994975,0.7767376022962379
120,4.449999999999999,4.120603015075378,0.8090859793644635
121,4.449999999999999,4.321608040201006,0.864198618884282
122,4.449999999999999,4.5226130653266345,0.9322480687710241
123,4.449999999999999,4.723618090452263,0.9596018214394056
124,4.449999999999999,4.924623115577891,0.8468572714044874
125,4.449999999999999,5.125628140703519,0.5860839667068167
126,4.449999999999999,5.326633165829147,0.3449941140303579
127,4.449999999999999,5.527638190954775,0.20918302334204247
128,4.449999999999999,5.728643216080403,0.13560295068230788
129,4.449999999999999,5.929648241206031,0.09187384871406845
130,4.449999999999999,6.1306532663316595,0.06418854387688323
131,4.449999999999999,6.331658291457288,0.045881230772420914
132,4.449999999999999,6.532663316582916,0.0333829149798095
133,4.449999999999999,6.733668341708544,0.02463955419774481
134,4.449999999999999,6.934673366834172,0.01840368208995475
135,4.449999999999999,7.1356783919598,0.013886336942256727
136,4.449999999999999,7.336683417085428,0.010573783631862267
137,4.449999999999999,7.537688442211056,0.008120898829056651
138,4.449999999999999,7.7386934673366845,0.006315765909937654
139,4.449999999999999,7.939698492462313,0.005167027867259163
140,4.449999999999999,8.14070351758794,0.0050848667874734445
141,4.449999999999999,8.341708542713569,0.006528396076934725
142,4.449999999999999,8.542713567839197,0.010016053550087424
143,4.449999999999999,8.743718592964825,0.029680438919424037
144,4.449999999999999,8.944723618090453,0.1111021741864874
145,4.449999999999999,9.145728643216081,0.2192620105605278
146,4.449999999999999,9.34673366834171,0.24470285001422049
147,4.449999999999999,9.547738693467338,0.34628570219520693
148,4.449999999999999,9.748743718592966,0.41066438807926126
149,4.449999999999999,9.949748743718594,0.414322541732396
150,4.449999999999999,10.150753768844222,0.4651715124236754
151,4.449999999999999,10.35175879396985,0.44119343131916916
152,4.449999999999999,10.552763819095478,0.44434981080063635
153,4.449999999999999,10.753768844221106,0.42537923041111503
154,4.449999999999999,10.954773869346734,0.38882947443271343
155,4.449999999999999,11.155778894472363,0.37760718956896
156,4.449999999999999,11.35678391959799,0.33318116948427134
157,4.449999999999999,11.557788944723619,0.3054313709649483
158,4.449999999999999,11.758793969849247,0.2821552269754019
159,4.449999999999999,11.959798994974875,0.24551992451794152
160,4.449999999999999,12.160804020100507,0.21761469397154704
161,4.449999999999999,12.361809045226131,0.19621948608056805
162,4.449999999999999,12.562814070351763,0.1786204625883915
163,4.449999999999999,12.763819095477388,0.1527864721328105
164,4.449999999999999,12.96482412060302,0.10500401275029146
165,4.449999999999999,13.165829145728644,0.19622841827746149
166,4.449999999999999,13.366834170854275,0.039546132689491996
167,4.449999999999999,13.5678391959799,0.12276555421694726
168,4.449999999999999,13.768844221105532,0.24221936048058623
169,4.449999999999999,13.969849246231156,0.030566286583916313
170,4.449999999999999,14.170854271356788,0.07482767385754187
171,4.449999999999999,14.371859296482413,0.2680157174499359
172,4.449999999999999,14.572864321608044,0.20947290104450547
173,4.449999999999999,14.773869346733669,0.02827559722066711
174,4.449999999999999,14.9748743718593,0.07202019284592469
175,4.449999999999999,15.175879396984925,0.190649294207359
176,4.449999999999999,15.376884422110557,0.16705523839832104
177,4.449999999999999,15.577889447236181,0.0538774439872597
178,4.449999999999999,15.778894472361813,0.028979446456455227
179,4.449999999999999,15.979899497487438,0.10085634169181569
180,4.449999999999999,16.18090452261307,0.15722536386305616
181,4.449999999999999,16.381909547738694,0.14262440805664425
182,4.449999999999999,16.582914572864325,0.07861772715431661
183,4.449999999999999,16.78391959798995,0.07925582432029754
184,4.449999999999999,16.98492462311558,0.113011351822642
185,4.449999999999999,17.185929648241206,0.16315368983297193
186,4.449999999999999,17.386934673366838,0.27732668487489714
187,4.449999999999999,17.587939698492463,0.17608514080765297
188,4.449999999999999,17.788944723618094,0.10959283733970893
189,4.449999999999999,17.98994974874372,0.22271230281970947
190,4.449999999999999,18.19095477386935,0.27100024243984644
191,4.449999999999999,18.391959798994975,0.12424665409066982
192,4.449999999999999,18.592964824120607,0.0800903900537895
193,4.449999999999999,18.79396984924623,0.29876378250035984
194,4.449999999999999,18.994974874371863,0.4477653445693489
195,4.449999999999999,19.195979899497488,0.36537102862902865
196,4.449999999999999,19.39698492462312,0.14073032846988345
197,4.449999999999999,19.597989949748744,0.019186392520068637
198,4.449999999999999,19.798994974874375,0.0868384154376755
199,4.449999999999999,20.0,0.24520424362706014
