,t,height,fid
0,4.8999999999999995,-20.0,0.328158464073688
1,4.8999999999999995,-19.798994974874372,0.34524063477744416
2,4.8999999999999995,-19.597989949748744,0.2525592552720034
3,4.8999999999999995,-19.396984924623116,0.14871768276903274
4,4.8999999999999995,-19.195979899497488,0.029989339501611208
5,4.8999999999999995,-18.99497487437186,0.054315091554804115
6,4.8999999999999995,-18.79396984924623,0.21902927072428344
7,4.8999999999999995,-18.592964824120603,0.390521107758034
8,4.8999999999999995,-18.391959798994975,0.34515103004946895
9,4.8999999999999995,-18.190954773869347,0.11272878110745795
10,4.8999999999999995,-17.98994974874372,0.025308999563235048
11,4.8999999999999995,-17.78894472361809,0.17502430090020593
12,4.8999999999999995,-17.587939698492463,0.40247652579159504
13,4.8999999999999995,-17.386934673366834,0.37965301751878094
14,4.8999999999999995,-17.185929648241206,0.14604117195186392
15,4.8999999999999995,-16.984924623115578,0.16547862311159559
16,4.8999999999999995,-16.78391959798995,0.22845112233433454
17,4.8999999999999995,-16.582914572864322,0.21477742672442868
18,4.8999999999999995,-16.381909547738694,0.11285737273704916
19,4.8999999999999995,-16.180904522613066,0.22069777068162655
20,4.8999999999999995,-15.979899497487438,0.249821930388354
21,4.8999999999999995,-15.77889447236181,0.11354194957500498
22,4.8999999999999995,-15.577889447236181,0.0942096435051178
23,4.8999999999999995,-15.376884422110553,0.07079190271599772
24,4.8999999999999995,-15.175879396984925,0.1509503877796226
25,4.8999999999999995,-14.974874371859297,0.14791216483633027
26,4.8999999999999995,-14.773869346733669,0.05566564044518121
27,4.8999999999999995,-14.57286432160804,0.02610496648644823
28,4.8999999999999995,-14.371859296482413,0.13255291135388853
29,4.8999999999999995,-14.170854271356784,0.18394055376922475
30,4.8999999999999995,-13.969849246231156,0.05154671664408262
31,4.8999999999999995,-13.768844221105528,0.051769298851030064
32,4.8999999999999995,-13.5678391959799,0.24979065316330423
33,4.8999999999999995,-13.366834170854272,0.17862514594521148
34,4.8999999999999995,-13.165829145728644,0.00399417654054335
35,4.8999999999999995,-12.964824120603016,0.1836801933308622
36,4.8999999999999995,-12.763819095477388,0.1651847303117811
37,4.8999999999999995,-12.56281407035176,0.029678233285217775
38,4.8999999999999995,-12.361809045226131,0.18954180658297232
39,4.8999999999999995,-12.160804020100503,0.0972407070881559
40,4.8999999999999995,-11.959798994974873,0.15838114823370392
41,4.8999999999999995,-11.758793969849245,0.1757529381043831
42,4.8999999999999995,-11.557788944723617,0.20082052211513812
43,4.8999999999999995,-11.356783919597989,0.22050337738344333
44,4.8999999999999995,-11.15577889447236,0.27595340796995327
45,4.8999999999999995,-10.954773869346733,0.27891235215745863
46,4.8999999999999995,-10.753768844221105,0.3417452588000454
47,4.8999999999999995,-10.552763819095476,0.3584629332379203
48,4.8999999999999995,-10.351758793969848,0.400078297930602
49,4.8999999999999995,-10.15075376884422,0.4294192670425343
50,4.8999999999999995,-9.949748743718592,0.4481461410828281
51,4.8999999999999995,-9.748743718592964,0.4595909706496195
52,4.8999999999999995,-9.547738693467336,0.4627305267252713
53,4.8999999999999995,-9.346733668341708,0.4133807622844687
54,4.8999999999999995,-9.14572864321608,0.3911234566601465
55,4.8999999999999995,-8.944723618090451,0.29282095260678165
56,4.8999999999999995,-8.743718592964823,0.19838312251723408
57,4.8999999999999995,-8.542713567839195,0.12668888454034552
58,4.8999999999999995,-8.341708542713567,0.06082928450909666
59,4.8999999999999995,-8.140703517587939,0.021266932153520792
60,4.8999999999999995,-7.939698492462311,0.007910541869210036
61,4.8999999999999995,-7.738693467336683,0.005222854931871385
62,4.8999999999999995,-7.537688442211055,0.00594571705827665
63,4.8999999999999995,-7.3366834170854265,0.007749729419138807
64,4.8999999999999995,-7.135678391959798,0.010165165007876046
65,4.8999999999999995,-6.93467336683417,0.013451152144531547
66,4.8999999999999995,-6.733668341708542,0.018035986398198794
67,4.8999999999999995,-6.532663316582914,0.024563485973602982
68,4.8999999999999995,-6.331658291457286,0.03406059311522114
69,4.8999999999999995,-6.130653266331658,0.04824478079191499
70,4.8999999999999995,-5.92964824120603,0.07016420598729105
71,4.8999999999999995,-5.7286432160804015,0.10567181204953682
72,4.8999999999999995,-5.527638190954773,0.16733196950641205
73,4.8999999999999995,-5.326633165829145,0.2870105085516832
74,4.8999999999999995,-5.125628140703517,0.5254014628176639
75,4.8999999999999995,-4.924623115577889,0.7924209146892477
76,4.8999999999999995,-4.723618090452261,0.8896014040251807
77,4.8999999999999995,-4.522613065326633,0.8533978517816788
78,4.8999999999999995,-4.321608040201005,0.7968778680064866
79,4.8999999999999995,-4.1206030150753765,0.7630496419380368
80,4.8999999999999995,-3.9195979899497466,0.7530299613325463
81,4.8999999999999995,-3.7185929648241185,0.758719575550012
82,4.8999999999999995,-3.5175879396984904,0.7723275108714217
83,4.8999999999999995,-3.3165829145728623,0.7878480896819776
84,4.8999999999999995,-3.115577889447234,0.8011796678191374
85,4.8999999999999995,-2.914572864321606,0.8100752934169465
86,4.8999999999999995,-2.713567839195978,0.8139184148450574
87,4.8999999999999995,-2.5125628140703498,0.8132541671177225
88,4.8999999999999995,-2.3115577889447216,0.809229440171936
89,4.8999999999999995,-2.1105527638190935,0.80311958785317
90,4.8999999999999995,-1.9095477386934654,0.7960475336237793
91,4.8999999999999995,-1.7085427135678373,0.7888548819175405
92,4.8999999999999995,-1.5075376884422091,0.7820977999225438
93,4.8999999999999995,-1.306532663316581,0.776107997643177
94,4.8999999999999995,-1.105527638190953,0.7710398488243924
95,4.8999999999999995,-0.9045226130653248,0.7669437771435634
96,4.8999999999999995,-0.7035175879396967,0.7638026082007365
97,4.8999999999999995,-0.5025125628140685,0.7615732159433366
98,4.8999999999999995,-0.3015075376884404,0.7602012808622537
99,4.8999999999999995,-0.10050251256281229,0.7596407010430765
100,4.8999999999999995,0.10050251256281584,0.7598624926548821
101,4.8999999999999995,0.30150753768844396,0.7608577401738638
102,4.8999999999999995,0.5025125628140721,0.7626392597577791
103,4.8999999999999995,0.7035175879397002,0.7652377055062392
104,4.8999999999999995,0.9045226130653283,0.7686926006611103
105,4.8999999999999995,1.1055276381909565,0.7730393123489359
106,4.8999999999999995,1.3065326633165846,0.7782896129488586
107,4.8999999999999995,1.5075376884422127,0.7843927875696224
108,4.8999999999999995,1.7085427135678408,0.7911986810919321
109,4.8999999999999995,1.909547738693469,0.798387617617981
110,4.8999999999999995,2.110552763819097,0.8054153083899276
111,4.8999999999999995,2.311557788944725,0.8114571730698322
112,4.8999999999999995,2.5125628140703533,0.8154100861656018
113,4.8999999999999995,2.7135678391959814,0.8160224163105871
114,4.8999999999999995,2.9145728643216096,0.8121892306677544
115,4.8999999999999995,3.1155778894472377,0.8034421087052793
116,4.8999999999999995,3.316582914572866,0.7905273637912483
117,4.8999999999999995,3.517587939698494,0.7758899348573948
118,4.8999999999999995,3.718592964824122,0.7639046607289914
119,4.8999999999999995,3.91959798994975,0.7609553679168836
120,4.8999999999999995,4.120603015075378,0.7754731223855044
121,4.8999999999999995,4.321608040201006,0.8168248483869779
122,4.8999999999999995,4.5226130653266345,0.8860570223209597
123,4.8999999999999995,4.723618090452263,0.9399827696644982
124,4.8999999999999995,4.924623115577891,0.851338360710353
125,4.8999999999999995,5.125628140703519,0.5635017177772689
126,4.8999999999999995,5.326633165829147,0.2991165434573095
127,4.8999999999999995,5.527638190954775,0.17051412839591282
128,4.8999999999999995,5.728643216080403,0.10605602292898957
129,4.8999999999999995,5.929648241206031,0.06944863280503219
130,4.8999999999999995,6.1306532663316595,0.04708596596210813
131,4.8999999999999995,6.331658291457288,0.03274735313333926
132,4.8999999999999995,6.532663316582916,0.02322866995614746
133,4.8999999999999995,6.733668341708544,0.01674144303460725
134,4.8999999999999995,6.934673366834172,0.0122278722799407
135,4.8999999999999995,7.1356783919598,0.009032784227119534
136,4.8999999999999995,7.336683417085428,0.006728204112008505
137,4.8999999999999995,7.537688442211056,0.005041004048367604
138,4.8999999999999995,7.7386934673366845,0.004359684772214305
139,4.8999999999999995,7.939698492462313,0.007184480268518593
140,4.8999999999999995,8.14070351758794,0.021605580995956594
141,4.8999999999999995,8.341708542713569,0.06304446793780571
142,4.8999999999999995,8.542713567839197,0.12826072166535107
143,4.8999999999999995,8.743718592964825,0.1967978767987535
144,4.8999999999999995,8.944723618090453,0.29842889527243505
145,4.8999999999999995,9.145728643216081,0.41224807645692574
146,4.8999999999999995,9.34673366834171,0.42354266425032255
147,4.8999999999999995,9.547738693467338,0.46433923313683695
148,4.8999999999999995,9.748743718592966,0.4744248920728717
149,4.8999999999999995,9.949748743718594,0.44701773643095416
150,4.8999999999999995,10.150753768844222,0.4403069337782371
151,4.8999999999999995,10.35175879396985,0.3979143125903019
152,4.8999999999999995,10.552763819095478,0.36770563957781277
153,4.8999999999999995,10.753768844221106,0.3375641591132982
154,4.8999999999999995,10.954773869346734,0.2871604281834053
155,4.8999999999999995,11.155778894472363,0.2725353785850379
156,4.8999999999999995,11.35678391959799,0.22284508461265318
157,4.8999999999999995,11.557788944723619,0.20591886190440742
158,4.8999999999999995,11.758793969849247,0.16663916208263055
159,4.8999999999999995,11.959798994974875,0.17184616648710735
160,4.8999999999999995,12.160804020100507,0.08990226847033994
161,4.8999999999999995,12.361809045226131,0.19334235422371596
162,4.8999999999999995,12.562814070351763,0.03256123052270015
163,4.8999999999999995,12.763819095477388,0.16045416798867312
164,4.8999999999999995,12.96482412060302,0.20102420252670247
165,4.8999999999999995,13.165829145728644,0.004079373836343131
166,4.8999999999999995,13.366834170854275,0.181825003559719
167,4.8999999999999995,13.5678391959799,0.25881891052207734
168,4.8999999999999995,13.768844221105532,0.05672547309997668
169,4.8999999999999995,13.969849246231156,0.055931929732779474
170,4.8999999999999995,14.170854271356788,0.1884058990456538
171,4.8999999999999995,14.371859296482413,0.1380509089243554
172,4.8999999999999995,14.572864321608044,0.028954973620232343
173,4.8999999999999995,14.773869346733669,0.05979544238322458
174,4.8999999999999995,14.9748743718593,0.1520761464507826
175,4.8999999999999995,15.175879396984925,0.15284091067243427
176,4.8999999999999995,15.376884422110557,0.07822139689612988
177,4.8999999999999995,15.577889447236181,0.0921244295728592
178,4.8999999999999995,15.778894472361813,0.12281460739082777
179,4.8999999999999995,15.979899497487438,0.24248668868093937
180,4.8999999999999995,16.18090452261307,0.23422490497406187
181,4.8999999999999995,16.381909547738694,0.11303091184643736
182,4.8999999999999995,16.582914572864325,0.20845657142570898
183,4.8999999999999995,16.78391959798995,0.2529591275217247
184,4.8999999999999995,16.98492462311558,0.15523375338604647
185,4.8999999999999995,17.185929648241206,0.14297572251659615
186,4.8999999999999995,17.386934673366838,0.39349658234638246
187,4.8999999999999995,17.587939698492463,0.41806659425572107
188,4.8999999999999995,17.788944723618094,0.17500872356364006
189,4.8999999999999995,17.98994974874372,0.023701718279883464
190,4.8999999999999995,18.19095477386935,0.11922309783365337
191,4.8999999999999995,18.391959798994975,0.3469397008344326
192,4.8999999999999995,18.592964824120607,0.40281482830433324
193,4.8999999999999995,18.79396984924623,0.23205551212472408
194,4.8999999999999995,18.994974874371863,0.05140530579711849
195,4.8999999999999995,19.195979899497488,0.025354925622995177
196,4.8999999999999995,19.39698492462312,0.14788582297992342
197,4.8999999999999995,19.597989949748744,0.27080507800723114
198,4.8999999999999995,19.798994974874375,0.3357457945249011
199,4.8999999999999995,20.0,0.33824979295075486
