,t,height,fid
0,5.1499999999999995,-20.0,0.14435280214059137
1,5.1499999999999995,-19.798994974874372,0.1455785442339241
2,5.1499999999999995,-19.597989949748744,0.35948913841234714
3,5.1499999999999995,-19.396984924623116,0.20722019709432382
4,5.1499999999999995,-19.195979899497488,0.09752472443249392
5,5.1499999999999995,-18.99497487437186,0.02068666118973623
6,5.1499999999999995,-18.79396984924623,0.06116135415720076
7,5.1499999999999995,-18.592964824120603,0.1802547003594907
8,5.1499999999999995,-18.391959798994975,0.37381560846756523
9,5.1499999999999995,-18.190954773869347,0.338199807157453
10,5.1499999999999995,-17.98994974874372,0.13778506670750001
11,5.1499999999999995,-17.78894472361809,0.030559790899348946
12,5.1499999999999995,-17.587939698492463,0.14238447457021752
13,5.1499999999999995,-17.386934673366834,0.3910923063290783
14,5.1499999999999995,-17.185929648241206,0.43184683240417804
15,5.1499999999999995,-16.984924623115578,0.17312933774468475
16,5.1499999999999995,-16.78391959798995,0.057452339928374674
17,5.1499999999999995,-16.582914572864322,0.2277268206164574
18,5.1499999999999995,-16.381909547738694,0.33608274681721917
19,5.1499999999999995,-16.180904522613066,0.18334386116684642
20,5.1499999999999995,-15.979899497487438,0.19332839159802442
21,5.1499999999999995,-15.77889447236181,0.2989597894384429
22,5.1499999999999995,-15.577889447236181,0.10581118818254304
23,5.1499999999999995,-15.376884422110553,0.13099588140813767
24,5.1499999999999995,-15.175879396984925,0.15582330401459235
25,5.1499999999999995,-14.974874371859297,0.20605649929266126
26,5.1499999999999995,-14.773869346733669,0.11772598180819238
27,5.1499999999999995,-14.57286432160804,0.050602754186240224
28,5.1499999999999995,-14.371859296482413,0.06402816619288478
29,5.1499999999999995,-14.170854271356784,0.16283469158466388
30,5.1499999999999995,-13.969849246231156,0.09238846288220043
31,5.1499999999999995,-13.768844221105528,0.01909454281069638
32,5.1499999999999995,-13.5678391959799,0.1336172070824618
33,5.1499999999999995,-13.366834170854272,0.2219576562161495
34,5.1499999999999995,-13.165829145728644,0.04039591372421587
35,5.1499999999999995,-12.964824120603016,0.0958158500257016
36,5.1499999999999995,-12.763819095477388,0.27412582634838556
37,5.1499999999999995,-12.56281407035176,0.037189056907456566
38,5.1499999999999995,-12.361809045226131,0.10053685574537871
39,5.1499999999999995,-12.160804020100503,0.1821361170593208
40,5.1499999999999995,-11.959798994974873,0.06137415621432793
41,5.1499999999999995,-11.758793969849245,0.17123520692087318
42,5.1499999999999995,-11.557788944723617,0.1397278723115099
43,5.1499999999999995,-11.356783919597989,0.16899655484701095
44,5.1499999999999995,-11.15577889447236,0.22429457243338938
45,5.1499999999999995,-10.954773869346733,0.21941446999301714
46,5.1499999999999995,-10.753768844221105,0.28354949034466315
47,5.1499999999999995,-10.552763819095476,0.30331753849793214
48,5.1499999999999995,-10.351758793969848,0.3476488417466216
49,5.1499999999999995,-10.15075376884422,0.38645417843605046
50,5.1499999999999995,-9.949748743718592,0.41719328540509243
51,5.1499999999999995,-9.748743718592964,0.44808870162889863
52,5.1499999999999995,-9.547738693467336,0.4718968173916362
53,5.1499999999999995,-9.346733668341708,0.4525463368452295
54,5.1499999999999995,-9.14572864321608,0.46626104354732334
55,5.1499999999999995,-8.944723618090451,0.38931888045882596
56,5.1499999999999995,-8.743718592964823,0.30359553717672855
57,5.1499999999999995,-8.542713567839195,0.2262535529837769
58,5.1499999999999995,-8.341708542713567,0.1300336956397715
59,5.1499999999999995,-8.140703517587939,0.050695657860002526
60,5.1499999999999995,-7.939698492462311,0.014871976336155545
61,5.1499999999999995,-7.738693467336683,0.005357478557031122
62,5.1499999999999995,-7.537688442211055,0.00419471281561594
63,5.1499999999999995,-7.3366834170854265,0.005854700907375136
64,5.1499999999999995,-7.135678391959798,0.008064132622353925
65,5.1499999999999995,-6.93467336683417,0.010909122105047837
66,5.1499999999999995,-6.733668341708542,0.014813393599184665
67,5.1499999999999995,-6.532663316582914,0.0203783283848351
68,5.1499999999999995,-6.331658291457286,0.028560520463799685
69,5.1499999999999995,-6.130653266331658,0.04097457479355415
70,5.1499999999999995,-5.92964824120603,0.060517486311694915
71,5.1499999999999995,-5.7286432160804015,0.09284169890695435
72,5.1499999999999995,-5.527638190954773,0.15035548126396087
73,5.1499999999999995,-5.326633165829145,0.2659960963794895
74,5.1499999999999995,-5.125628140703517,0.5157474805299976
75,5.1499999999999995,-4.924623115577889,0.7959974204477144
76,5.1499999999999995,-4.723618090452261,0.8781385562709607
77,5.1499999999999995,-4.522613065326633,0.8294130010985549
78,5.1499999999999995,-4.321608040201005,0.7747356463917457
79,5.1499999999999995,-4.1206030150753765,0.750008777776249
80,5.1499999999999995,-3.9195979899497466,0.7509679899504941
81,5.1499999999999995,-3.7185929648241185,0.7669183757682339
82,5.1499999999999995,-3.5175879396984904,0.7884222163678318
83,5.1499999999999995,-3.3165829145728623,0.8084288208515767
84,5.1499999999999995,-3.115577889447234,0.8226268722999892
85,5.1499999999999995,-2.914572864321606,0.8294453115578393
86,5.1499999999999995,-2.713567839195978,0.8294633234975465
87,5.1499999999999995,-2.5125628140703498,0.8244311923533135
88,5.1499999999999995,-2.3115577889447216,0.8163763685027492
89,5.1499999999999995,-2.1105527638190935,0.8070359535435406
90,5.1499999999999995,-1.9095477386934654,0.797656570110678
91,5.1499999999999995,-1.7085427135678373,0.7889960602747177
92,5.1499999999999995,-1.5075376884422091,0.7814461730854042
93,5.1499999999999995,-1.306532663316581,0.7751494260332874
94,5.1499999999999995,-1.105527638190953,0.7700898999562582
95,5.1499999999999995,-0.9045226130653248,0.7661801987217691
96,5.1499999999999995,-0.7035175879396967,0.7632925976145781
97,5.1499999999999995,-0.5025125628140685,0.761307514203537
98,5.1499999999999995,-0.3015075376884404,0.760116695134165
99,5.1499999999999995,-0.10050251256281229,0.7596404514419305
100,5.1499999999999995,0.10050251256281584,0.7598335108998066
101,5.1499999999999995,0.30150753768844396,0.760686558662562
102,5.1499999999999995,0.5025125628140721,0.7622280476841083
103,5.1499999999999995,0.7035175879397002,0.7645211411556546
104,5.1499999999999995,0.9045226130653283,0.7676602039324073
105,5.1499999999999995,1.1055276381909565,0.7717614607037776
106,5.1499999999999995,1.3065326633165846,0.7769466125654311
107,5.1499999999999995,1.5075376884422127,0.7833090634528035
108,5.1499999999999995,1.7085427135678408,0.7908778474211237
109,5.1499999999999995,1.909547738693469,0.7995335378870183
110,5.1499999999999995,2.110552763819097,0.8089175256188015
111,5.1499999999999995,2.311557788944725,0.8183137984553123
112,5.1499999999999995,2.5125628140703533,0.8265264461892045
113,5.1499999999999995,2.7135678391959814,0.8318752070024132
114,5.1499999999999995,2.9145728643216096,0.83238830881811
115,5.1499999999999995,3.1155778894472377,0.8263784671483324
116,5.1499999999999995,3.316582914572866,0.8133338657122703
117,5.1499999999999995,3.517587939698494,0.7949042704915145
118,5.1499999999999995,3.718592964824122,0.7754980632641286
119,5.1499999999999995,3.91959798994975,0.7622876183820614
120,5.1499999999999995,4.120603015075378,0.7650588842389429
121,5.1499999999999995,4.321608040201006,0.7954955176932689
122,5.1499999999999995,4.5226130653266345,0.8601243985214908
123,5.1499999999999995,4.723618090452263,0.9245505100703508
124,5.1499999999999995,4.924623115577891,0.8521723712806484
125,5.1499999999999995,5.125628140703519,0.5516488653361353
126,5.1499999999999995,5.326633165829147,0.2752535792419902
127,5.1499999999999995,5.527638190954775,0.15195392839667288
128,5.1499999999999995,5.728643216080403,0.09234558495707568
129,5.1499999999999995,5.929648241206031,0.05928795251263971
130,5.1499999999999995,6.1306532663316595,0.03949149082138009
131,5.1499999999999995,6.331658291457288,0.027025203060215625
132,5.1499999999999995,6.532663316582916,0.018883661525756358
133,5.1499999999999995,6.733668341708544,0.013417501479453142
134,5.1499999999999995,6.934673366834172,0.009661837454275264
135,5.1499999999999995,7.1356783919598,0.007024815081481634
136,5.1499999999999995,7.336683417085428,0.00509478993742295
137,5.1499999999999995,7.537688442211056,0.003663658225505322
138,5.1499999999999995,7.7386934673366845,0.0050135568681323565
139,5.1499999999999995,7.939698492462313,0.01676788613609867
140,5.1499999999999995,8.14070351758794,0.0579857704262409
141,5.1499999999999995,8.341708542713569,0.14307197442531946
142,5.1499999999999995,8.542713567839197,0.2404262727270754
143,5.1499999999999995,8.743718592964825,0.31087207402029376
144,5.1499999999999995,8.944723618090453,0.39186298676879555
145,5.1499999999999995,9.145728643216081,0.4792151299742769
146,5.1499999999999995,9.34673366834171,0.4643673409889128
147,5.1499999999999995,9.547738693467338,0.4715375332803618
148,5.1499999999999995,9.748743718592966,0.4600493401285851
149,5.1499999999999995,9.949748743718594,0.4159104617960514
150,5.1499999999999995,10.150753768844222,0.3944386715319344
151,5.1499999999999995,10.35175879396985,0.345638800676866
152,5.1499999999999995,10.552763819095478,0.3106445125918712
153,5.1499999999999995,10.753768844221106,0.27826543465282166
154,5.1499999999999995,10.954773869346734,0.22879579358557703
155,5.1499999999999995,11.155778894472363,0.2155129706533361
156,5.1499999999999995,11.35678391959799,0.17967247440408277
157,5.1499999999999995,11.557788944723619,0.13174406390702847
158,5.1499999999999995,11.758793969849247,0.17677674989389816
159,5.1499999999999995,11.959798994974875,0.06116252268890804
160,5.1499999999999995,12.160804020100507,0.17597206635926438
161,5.1499999999999995,12.361809045226131,0.11314702845259536
162,5.1499999999999995,12.562814070351763,0.03825931563605277
163,5.1499999999999995,12.763819095477388,0.2803383426840346
164,5.1499999999999995,12.96482412060302,0.10444016327409611
165,5.1499999999999995,13.165829145728644,0.044045009210143926
166,5.1499999999999995,13.366834170854275,0.22601666440356427
167,5.1499999999999995,13.5678391959799,0.14134075888097883
168,5.1499999999999995,13.768844221105532,0.019670017814198304
169,5.1499999999999995,13.969849246231156,0.10018145311561094
170,5.1499999999999995,14.170854271356788,0.16286327358893815
171,5.1499999999999995,14.371859296482413,0.07277513044050897
172,5.1499999999999995,14.572864321608044,0.048816592143951065
173,5.1499999999999995,14.773869346733669,0.1281077067595519
174,5.1499999999999995,14.9748743718593,0.19751208472399093
175,5.1499999999999995,15.175879396984925,0.17325952092374367
176,5.1499999999999995,15.376884422110557,0.12325349808481699
177,5.1499999999999995,15.577889447236181,0.11372188767040213
178,5.1499999999999995,15.778894472361813,0.29758982536909917
179,5.1499999999999995,15.979899497487438,0.19837139452797137
180,5.1499999999999995,16.18090452261307,0.18533960748644548
181,5.1499999999999995,16.381909547738694,0.3459455410161496
182,5.1499999999999995,16.582914572864325,0.23632742821929517
183,5.1499999999999995,16.78391959798995,0.0569259222367277
184,5.1499999999999995,16.98492462311558,0.16962423051408734
185,5.1499999999999995,17.185929648241206,0.445579362762434
186,5.1499999999999995,17.386934673366838,0.4067501438223443
187,5.1499999999999995,17.587939698492463,0.13958939828795475
188,5.1499999999999995,17.788944723618094,0.026524485185987663
189,5.1499999999999995,17.98994974874372,0.14716189950050343
190,5.1499999999999995,18.19095477386935,0.3404885656944168
191,5.1499999999999995,18.391959798994975,0.3792241802883296
192,5.1499999999999995,18.592964824120607,0.19498274632865786
193,5.1499999999999995,18.79396984924623,0.05706796556026124
194,5.1499999999999995,18.994974874371863,0.01769118810174783
195,5.1499999999999995,19.195979899497488,0.09591542345141985
196,5.1499999999999995,19.39698492462312,0.22283709271261867
197,5.1499999999999995,19.597989949748744,0.35599311610887885
198,5.1499999999999995,19.798994974874375,0.14954971664780217
199,5.1499999999999995,20.0,0.14810057316000527
