,t,height,fid
0,4.999999999999999,-20.0,0.22072086751148262
1,4.999999999999999,-19.798994974874372,0.3359576515320423
2,4.999999999999999,-19.597989949748744,0.26525270241951726
3,4.999999999999999,-19.396984924623116,0.22685794372098977
4,4.999999999999999,-19.195979899497488,0.04483038066401314
5,4.999999999999999,-18.99497487437186,0.00586773914006396
6,4.999999999999999,-18.79396984924623,0.12589733521562668
7,4.999999999999999,-18.592964824120603,0.35344568524351333
8,4.999999999999999,-18.391959798994975,0.35323477969731343
9,4.999999999999999,-18.190954773869347,0.21789264065424732
10,4.999999999999999,-17.98994974874372,0.05396529758536887
11,4.999999999999999,-17.78894472361809,0.07529730499924593
12,4.999999999999999,-17.587939698492463,0.29633105340594407
13,4.999999999999999,-17.386934673366834,0.48113128068647243
14,4.999999999999999,-17.185929648241206,0.2650877740240246
15,4.999999999999999,-16.984924623115578,0.08065458070566715
16,4.999999999999999,-16.78391959798995,0.1823478718378317
17,4.999999999999999,-16.582914572864322,0.2921961872309546
18,4.999999999999999,-16.381909547738694,0.1534329441648749
19,4.999999999999999,-16.180904522613066,0.19291334966056248
20,4.999999999999999,-15.979899497487438,0.2679120157113591
21,4.999999999999999,-15.77889447236181,0.16299231773219586
22,4.999999999999999,-15.577889447236181,0.10551851236546927
23,4.999999999999999,-15.376884422110553,0.09528301998950198
24,4.999999999999999,-15.175879396984925,0.15465981059114847
25,4.999999999999999,-14.974874371859297,0.15257651734508473
26,4.999999999999999,-14.773869346733669,0.09374321806413953
27,4.999999999999999,-14.57286432160804,0.02085520141931997
28,4.999999999999999,-14.371859296482413,0.10634868778787698
29,4.999999999999999,-14.170854271356784,0.1596570134142384
30,4.999999999999999,-13.969849246231156,0.07830936105524412
31,4.999999999999999,-13.768844221105528,0.028715625617677418
32,4.999999999999999,-13.5678391959799,0.21154790006684562
33,4.999999999999999,-13.366834170854272,0.20246907369826364
34,4.999999999999999,-13.165829145728644,0.012174492471789325
35,4.999999999999999,-12.964824120603016,0.1692384192696856
36,4.999999999999999,-12.763819095477388,0.1993075932965296
37,4.999999999999999,-12.56281407035176,0.011971572320367713
38,4.999999999999999,-12.361809045226131,0.1909457035394783
39,4.999999999999999,-12.160804020100503,0.08481755042124979
40,4.999999999999999,-11.959798994974873,0.1486441801096648
41,4.999999999999999,-11.758793969849245,0.15371381539736823
42,4.999999999999999,-11.557788944723617,0.17397106245596058
43,4.999999999999999,-11.356783919597989,0.21324767531193922
44,4.999999999999999,-11.15577889447236,0.2320960692667154
45,4.999999999999999,-10.954773869346733,0.2763898030715275
46,4.999999999999999,-10.753768844221105,0.3004219808890908
47,4.999999999999999,-10.552763819095476,0.35054011898735027
48,4.999999999999999,-10.351758793969848,0.36857461347882736
49,4.999999999999999,-10.15075376884422,0.4258781050902154
50,4.999999999999999,-9.949748743718592,0.4239734497197805
51,4.999999999999999,-9.748743718592964,0.47780281983179546
52,4.999999999999999,-9.547738693467336,0.44935009453203495
53,4.999999999999999,-9.346733668341708,0.4474854772678025
54,4.999999999999999,-9.14572864321608,0.43851573646340186
55,4.999999999999999,-8.944723618090451,0.3123867518041102
56,4.999999999999999,-8.743718592964823,0.2290178487676468
57,4.999999999999999,-8.542713567839195,0.17158583997097124
58,4.999999999999999,-8.341708542713567,0.09493352632778242
59,4.999999999999999,-8.140703517587939,0.03562421494722514
60,4.999999999999999,-7.939698492462311,0.010822185912664201
61,4.999999999999999,-7.738693467336683,0.004603955469449372
62,4.999999999999999,-7.537688442211055,0.004297864475126063
63,4.999999999999999,-7.3366834170854265,0.005428863142575434
64,4.999999999999999,-7.135678391959798,0.00717794054054403
65,4.999999999999999,-6.93467336683417,0.00978536250711905
66,4.999999999999999,-6.733668341708542,0.013639806736350965
67,4.999999999999999,-6.532663316582914,0.019339628181363023
68,4.999999999999999,-6.331658291457286,0.027869735881384014
69,4.999999999999999,-6.130653266331658,0.04091852669874335
70,4.999999999999999,-5.92964824120603,0.06152800909245789
71,4.999999999999999,-5.7286432160804015,0.0956122989113112
72,4.999999999999999,-5.527638190954773,0.15598393569549981
73,4.999999999999999,-5.326633165829145,0.2757753585012782
74,4.999999999999999,-5.125628140703517,0.5241964942356042
75,4.999999999999999,-4.924623115577889,0.8069246953010543
76,4.999999999999999,-4.723618090452261,0.9048951001128431
77,4.999999999999999,-4.522613065326633,0.8628787418409418
78,4.999999999999999,-4.321608040201005,0.8025968034838185
79,4.999999999999999,-4.1206030150753765,0.766978366629256
80,4.999999999999999,-3.9195979899497466,0.7559751769582316
81,4.999999999999999,-3.7185929648241185,0.7609820756334649
82,4.999999999999999,-3.5175879396984904,0.7739426973719308
83,4.999999999999999,-3.3165829145728623,0.7886615561667812
84,4.999999999999999,-3.115577889447234,0.8009518053106811
85,4.999999999999999,-2.914572864321606,0.808631035392588
86,4.999999999999999,-2.713567839195978,0.8112755921938982
87,4.999999999999999,-2.5125628140703498,0.8096330685172025
88,4.999999999999999,-2.3115577889447216,0.8049821868073621
89,4.999999999999999,-2.1105527638190935,0.7986414962202353
90,4.999999999999999,-1.9095477386934654,0.7916829468921569
91,4.999999999999999,-1.7085427135678373,0.7848615650183995
92,4.999999999999999,-1.5075376884422091,0.7786456130179817
93,4.999999999999999,-1.306532663316581,0.7732683818257052
94,4.999999999999999,-1.105527638190953,0.7688199022646052
95,4.999999999999999,-0.9045226130653248,0.7653018747710423
96,4.999999999999999,-0.7035175879396967,0.7626704241913255
97,4.999999999999999,-0.5025125628140685,0.7608648918459745
98,4.999999999999999,-0.3015075376884404,0.7598319617371012
99,4.999999999999999,-0.10050251256281229,0.7595340313923591
100,4.999999999999999,0.10050251256281584,0.759955546310742
101,4.999999999999999,0.30150753768844396,0.7611080415687357
102,4.999999999999999,0.5025125628140721,0.7630248304245667
103,4.999999999999999,0.7035175879397002,0.7657635481822325
104,4.999999999999999,0.9045226130653283,0.769391444443495
105,4.999999999999999,1.1055276381909565,0.7739785170928938
106,4.999999999999999,1.3065326633165846,0.7795770181383552
107,4.999999999999999,1.5075376884422127,0.7861816663736221
108,4.999999999999999,1.7085427135678408,0.7936937089465691
109,4.999999999999999,1.909547738693469,0.8018463368603548
110,4.999999999999999,2.110552763819097,0.810120379286806
111,4.999999999999999,2.311557788944725,0.8176756083524922
112,4.999999999999999,2.5125628140703533,0.8233112932485108
113,4.999999999999999,2.7135678391959814,0.8255388166381689
114,4.999999999999999,2.9145728643216096,0.8228815730817285
115,4.999999999999999,3.1155778894472377,0.814418289258018
116,4.999999999999999,3.316582914572866,0.8005005668145939
117,4.999999999999999,3.517587939698494,0.783407411865626
118,4.999999999999999,3.718592964824122,0.7676623241507862
119,4.999999999999999,3.91959798994975,0.7600542990389543
120,4.999999999999999,4.120603015075378,0.7696049961233694
121,4.999999999999999,4.321608040201006,0.8066737095869911
122,4.999999999999999,4.5226130653266345,0.8745974238746218
123,4.999999999999999,4.723618090452263,0.9335380092835065
124,4.999999999999999,4.924623115577891,0.8517093832863362
125,4.999999999999999,5.125628140703519,0.558730353193184
126,4.999999999999999,5.326633165829147,0.28933289340830126
127,4.999999999999999,5.527638190954775,0.1626209497780459
128,4.999999999999999,5.728643216080403,0.10002183716020795
129,4.999999999999999,5.929648241206031,0.0647981243031721
130,4.999999999999999,6.1306532663316595,0.04345444434338952
131,4.999999999999999,6.331658291457288,0.02987354418629898
132,4.999999999999999,6.532663316582916,0.02092841442477659
133,4.999999999999999,6.733668341708544,0.0148834505064863
134,4.999999999999999,6.934673366834172,0.010720438206902012
135,4.999999999999999,7.1356783919598,0.00781457081106431
136,4.999999999999999,7.336683417085428,0.005756404227341572
137,4.999999999999999,7.537688442211056,0.0042883280830472055
138,4.999999999999999,7.7386934673366845,0.004244360538537372
139,4.999999999999999,7.939698492462313,0.009892065494694206
140,4.999999999999999,8.14070351758794,0.033855163866470556
141,4.999999999999999,8.341708542713569,0.09325469180696411
142,4.999999999999999,8.542713567839197,0.17278695033593167
143,4.999999999999999,8.743718592964825,0.23985654279884397
144,4.999999999999999,8.944723618090453,0.3328458716253519
145,4.999999999999999,9.145728643216081,0.4477550887532861
146,4.999999999999999,9.34673366834171,0.4489207143045997
147,4.999999999999999,9.547738693467338,0.4648221791612136
148,4.999999999999999,9.748743718592966,0.4785390321212957
149,4.999999999999999,9.949748743718594,0.43248374907143494
150,4.999999999999999,10.150753768844222,0.42777511106801713
151,4.999999999999999,10.35175879396985,0.3741273117852924
152,4.999999999999999,10.552763819095478,0.3501179402774224
153,4.999999999999999,10.753768844221106,0.3072541212791111
154,4.999999999999999,10.954773869346734,0.2714436045144887
155,4.999999999999999,11.155778894472363,0.2417334621271153
156,4.999999999999999,11.35678391959799,0.20555515870904173
157,4.999999999999999,11.557788944723619,0.1817093307051525
158,4.999999999999999,11.758793969849247,0.15341643767253324
159,4.999999999999999,11.959798994974875,0.1466727820608345
160,4.999999999999999,12.160804020100507,0.09116838578634147
161,4.999999999999999,12.361809045226131,0.1881905398692922
162,4.999999999999999,12.562814070351763,0.009278308636833274
163,4.999999999999999,12.763819095477388,0.21426199872561633
164,4.999999999999999,12.96482412060302,0.17333000953287572
165,4.999999999999999,13.165829145728644,0.012621534182698265
166,4.999999999999999,13.366834170854275,0.21199077010600617
167,4.999999999999999,13.5678391959799,0.21762569920823704
168,4.999999999999999,13.768844221105532,0.032329808215694686
169,4.999999999999999,13.969849246231156,0.07903723102227428
170,4.999999999999999,14.170854271356788,0.17067948101480424
171,4.999999999999999,14.371859296482413,0.10778396754558406
172,4.999999999999999,14.572864321608044,0.025252301156647568
173,4.999999999999999,14.773869346733669,0.09163038099850794
174,4.999999999999999,14.9748743718593,0.16472804212862796
175,4.999999999999999,15.175879396984925,0.1527535288836546
176,4.999999999999999,15.376884422110557,0.1028045018584763
177,4.999999999999999,15.577889447236181,0.10357336970962996
178,4.999999999999999,15.778894472361813,0.16150898375122424
179,4.999999999999999,15.979899497487438,0.2861396671894784
180,4.999999999999999,16.18090452261307,0.17967037200828365
181,4.999999999999999,16.381909547738694,0.16572082475416694
182,4.999999999999999,16.582914572864325,0.2940001426557767
183,4.999999999999999,16.78391959798995,0.19318237080851236
184,4.999999999999999,16.98492462311558,0.07627452402864793
185,4.999999999999999,17.185929648241206,0.2693268844680563
186,4.999999999999999,17.386934673366838,0.4896647474459643
187,4.999999999999999,17.587939698492463,0.31334071147739107
188,4.999999999999999,17.788944723618094,0.07262987494951736
189,4.999999999999999,17.98994974874372,0.04949440214739014
190,4.999999999999999,18.19095477386935,0.22266408388482453
191,4.999999999999999,18.391959798994975,0.37233755931243734
192,4.999999999999999,18.592964824120607,0.35163795116051494
193,4.999999999999999,18.79396984924623,0.13239507499802136
194,4.999999999999999,18.994974874371863,0.007258594615547357
195,4.999999999999999,19.195979899497488,0.04916244409989925
196,4.999999999999999,19.39698492462312,0.2180820252793083
197,4.999999999999999,19.597989949748744,0.2703201867971388
198,4.999999999999999,19.798994974874375,0.35803101542508114
199,4.999999999999999,20.0,0.207901940894403
