,t,height,fid
0,5.049999999999999,-20.0,0.15643704226474714
1,5.049999999999999,-19.798994974874372,0.2766870428103168
2,5.049999999999999,-19.597989949748744,0.333504933632398
3,5.049999999999999,-19.396984924623116,0.2044891891029009
4,5.049999999999999,-19.195979899497488,0.0672923629559407
5,5.049999999999999,-18.99497487437186,0.001416627987377169
6,5.049999999999999,-18.79396984924623,0.09973689559029567
7,5.049999999999999,-18.592964824120603,0.30567995658931607
8,5.049999999999999,-18.391959798994975,0.3488768364692743
9,5.049999999999999,-18.190954773869347,0.2777504082116643
10,5.049999999999999,-17.98994974874372,0.07669969187558395
11,5.049999999999999,-17.78894472361809,0.03877873772712808
12,5.049999999999999,-17.587939698492463,0.24288965834254173
13,5.049999999999999,-17.386934673366834,0.4852910153648733
14,5.049999999999999,-17.185929648241206,0.32277475481948215
15,5.049999999999999,-16.984924623115578,0.0889352171562316
16,5.049999999999999,-16.78391959798995,0.14127056791881087
17,5.049999999999999,-16.582914572864322,0.28598329129984895
18,5.049999999999999,-16.381909547738694,0.22051515410966213
19,5.049999999999999,-16.180904522613066,0.17115890149146937
20,5.049999999999999,-15.979899497487438,0.24698733341455983
21,5.049999999999999,-15.77889447236181,0.22326036908019606
22,5.049999999999999,-15.577889447236181,0.08957504022784232
23,5.049999999999999,-15.376884422110553,0.11969158251599436
24,5.049999999999999,-15.175879396984925,0.14583900099153485
25,5.049999999999999,-14.974874371859297,0.17020544570238055
26,5.049999999999999,-14.773869346733669,0.10675739570999312
27,5.049999999999999,-14.57286432160804,0.026144603009386175
28,5.049999999999999,-14.371859296482413,0.08861213182948455
29,5.049999999999999,-14.170854271356784,0.1576998953510624
30,5.049999999999999,-13.969849246231156,0.08671669342022208
31,5.049999999999999,-13.768844221105528,0.023941927148405186
32,5.049999999999999,-13.5678391959799,0.18022904669221973
33,5.049999999999999,-13.366834170854272,0.21786062169085285
34,5.049999999999999,-13.165829145728644,0.019471601928798623
35,5.049999999999999,-12.964824120603016,0.14687887015838186
36,5.049999999999999,-12.763819095477388,0.2247045467279982
37,5.049999999999999,-12.56281407035176,0.017977917301867756
38,5.049999999999999,-12.361809045226131,0.16305770782165055
39,5.049999999999999,-12.160804020100503,0.10905014533011861
40,5.049999999999999,-11.959798994974873,0.13064681045217816
41,5.049999999999999,-11.758793969849245,0.1444448024050824
42,5.049999999999999,-11.557788944723617,0.17217044100687148
43,5.049999999999999,-11.356783919597989,0.19395857574418218
44,5.049999999999999,-11.15577889447236,0.2259458744686246
45,5.049999999999999,-10.954773869346733,0.2655229463974628
46,5.049999999999999,-10.753768844221105,0.2844271406822108
47,5.049999999999999,-10.552763819095476,0.3459165214770424
48,5.049999999999999,-10.351758793969848,0.35117598341622597
49,5.049999999999999,-10.15075376884422,0.4240331784135484
50,5.049999999999999,-9.949748743718592,0.41292486428913483
51,5.049999999999999,-9.748743718592964,0.47677433891281534
52,5.049999999999999,-9.547738693467336,0.45650334356670014
53,5.049999999999999,-9.346733668341708,0.4442367162198139
54,5.049999999999999,-9.14572864321608,0.46175736899303105
55,5.049999999999999,-8.944723618090451,0.33907206446782656
56,5.049999999999999,-8.743718592964823,0.2433753834073699
57,5.049999999999999,-8.542713567839195,0.1830319572449813
58,5.049999999999999,-8.341708542713567,0.10382664619785466
59,5.049999999999999,-8.140703517587939,0.03837540541011513
60,5.049999999999999,-7.939698492462311,0.00999566775931746
61,5.049999999999999,-7.738693467336683,0.003225811495051269
62,5.049999999999999,-7.537688442211055,0.00289886854305956
63,5.049999999999999,-7.3366834170854265,0.004182833789918765
64,5.049999999999999,-7.135678391959798,0.00614080842606341
65,5.049999999999999,-6.93467336683417,0.008966359781283406
66,5.049999999999999,-6.733668341708542,0.01303917012227227
67,5.049999999999999,-6.532663316582914,0.018959700098965703
68,5.049999999999999,-6.331658291457286,0.027721286635212623
69,5.049999999999999,-6.130653266331658,0.041025471899186323
70,5.049999999999999,-5.92964824120603,0.06193019201786488
71,5.049999999999999,-5.7286432160804015,0.09636468869444348
72,5.049999999999999,-5.527638190954773,0.15717372077070424
73,5.049999999999999,-5.326633165829145,0.27775002662346004
74,5.049999999999999,-5.125628140703517,0.5298186676908653
75,5.049999999999999,-4.924623115577889,0.8130171655196764
76,5.049999999999999,-4.723618090452261,0.9022768022513238
77,5.049999999999999,-4.522613065326633,0.8529122689487925
78,5.049999999999999,-4.321608040201005,0.7903424863722768
79,5.049999999999999,-4.1206030150753765,0.7554939161336857
80,5.049999999999999,-3.9195979899497466,0.7467365613012016
81,5.049999999999999,-3.7185929648241185,0.754647962874109
82,5.049999999999999,-3.5175879396984904,0.7706087787310419
83,5.049999999999999,-3.3165829145728623,0.7879599548341913
84,5.049999999999999,-3.115577889447234,0.8022176713788529
85,5.049999999999999,-2.914572864321606,0.811134195916685
86,5.049999999999999,-2.713567839195978,0.8143866837623428
87,5.049999999999999,-2.5125628140703498,0.8129082195222678
88,5.049999999999999,-2.3115577889447216,0.808161128796589
89,5.049999999999999,-2.1105527638190935,0.8015906320860474
90,5.049999999999999,-1.9095477386934654,0.7943529437317994
91,5.049999999999999,-1.7085427135678373,0.7872393941797303
92,5.049999999999999,-1.5075376884422091,0.7807299220991741
93,5.049999999999999,-1.306532663316581,0.7750695737911878
94,5.049999999999999,-1.105527638190953,0.7703431802330425
95,5.049999999999999,-0.9045226130653248,0.7665507477034578
96,5.049999999999999,-0.7035175879396967,0.7636438931246131
97,5.049999999999999,-0.5025125628140685,0.7615638520983157
98,5.049999999999999,-0.3015075376884404,0.760253052832776
99,5.049999999999999,-0.10050251256281229,0.759675086763492
100,5.049999999999999,0.10050251256281584,0.7598145937570587
101,5.049999999999999,0.30150753768844396,0.7606850558367954
102,5.049999999999999,0.5025125628140721,0.7623277620811683
103,5.049999999999999,0.7035175879397002,0.7648083033521359
104,5.049999999999999,0.9045226130653283,0.7682129544497174
105,5.049999999999999,1.1055276381909565,0.7726305267472214
106,5.049999999999999,1.3065326633165846,0.7781417170748794
107,5.049999999999999,1.5075376884422127,0.7847795676645957
108,5.049999999999999,1.7085427135678408,0.7924837959657349
109,5.049999999999999,1.909547738693469,0.8010328877615229
110,5.049999999999999,2.110552763819097,0.8099529580473742
111,5.049999999999999,2.311557788944725,0.8184269278716204
112,5.049999999999999,2.5125628140703533,0.8252200373528001
113,5.049999999999999,2.7135678391959814,0.8287450617644551
114,5.049999999999999,2.9145728643216096,0.8273208811027263
115,5.049999999999999,3.1155778894472377,0.8197387463413166
116,5.049999999999999,3.316582914572866,0.8060551562637086
117,5.049999999999999,3.517587939698494,0.7883518048701501
118,5.049999999999999,3.718592964824122,0.7711430220178093
119,5.049999999999999,3.91959798994975,0.7613765282939741
120,5.049999999999999,4.120603015075378,0.7683659946795437
121,5.049999999999999,4.321608040201006,0.8029675095800279
122,5.049999999999999,4.5226130653266345,0.8696615307187485
123,5.049999999999999,4.723618090452263,0.9304565285096802
124,5.049999999999999,4.924623115577891,0.8518351465013956
125,5.049999999999999,5.125628140703519,0.5564546963761003
126,5.049999999999999,5.326633165829147,0.28475668579251273
127,5.049999999999999,5.527638190954775,0.15913755508051658
128,5.049999999999999,5.728643216080403,0.09750276920022326
129,5.049999999999999,5.929648241206031,0.06296114249184548
130,5.049999999999999,6.1306532663316595,0.04209083112598091
131,5.049999999999999,6.331658291457288,0.028837332195385965
132,5.049999999999999,6.532663316582916,0.020116538976577506
133,5.049999999999999,6.733668341708544,0.01422150074144958
134,5.049999999999999,6.934673366834172,0.010153910088805779
135,5.049999999999999,7.1356783919598,0.007302846707143675
136,5.049999999999999,7.336683417085428,0.00526594484065395
137,5.049999999999999,7.537688442211056,0.0038043541870381586
138,5.049999999999999,7.7386934673366845,0.004063376820455179
139,5.049999999999999,7.939698492462313,0.011236223535276745
140,5.049999999999999,8.14070351758794,0.04029604804358489
141,5.049999999999999,8.341708542713569,0.1080964906151834
142,5.049999999999999,8.542713567839197,0.19323426833783594
143,5.049999999999999,8.743718592964825,0.26111039165792016
144,5.049999999999999,8.944723618090453,0.35373752132276426
145,5.049999999999999,9.145728643216081,0.46349139716798277
146,5.049999999999999,9.34673366834171,0.4537197058761584
147,5.049999999999999,9.547738693467338,0.46787670862200736
148,5.049999999999999,9.748743718592966,0.4759857119636781
149,5.049999999999999,9.949748743718594,0.4246018326707038
150,5.049999999999999,10.150753768844222,0.4208178925022818
151,5.049999999999999,10.35175879396985,0.36122424884761023
152,5.049999999999999,10.552763819095478,0.34094396146190226
153,5.049999999999999,10.753768844221106,0.29374156475308644
154,5.049999999999999,10.954773869346734,0.2600927663278846
155,5.049999999999999,11.155778894472363,0.23229125836338016
156,5.049999999999999,11.35678391959799,0.19309949645450822
157,5.049999999999999,11.557788944723619,0.17026853304420467
158,5.049999999999999,11.758793969849247,0.1538427952038059
159,5.049999999999999,11.959798994974875,0.12292994051503171
160,5.049999999999999,12.160804020100507,0.11315184039850237
161,5.049999999999999,12.361809045226131,0.16665443773890437
162,5.049999999999999,12.562814070351763,0.01295804227902347
163,5.049999999999999,12.763819095477388,0.24070750682322434
164,5.049999999999999,12.96482412060302,0.15119599552112417
165,5.049999999999999,13.165829145728644,0.021330607285958557
166,5.049999999999999,13.366834170854275,0.22364554555580599
167,5.049999999999999,13.5678391959799,0.18971857483052923
168,5.049999999999999,13.768844221105532,0.025803390541335257
169,5.049999999999999,13.969849246231156,0.087927612496348
170,5.049999999999999,14.170854271356788,0.1663117870754149
171,5.049999999999999,14.371859296482413,0.09270692747075485
172,5.049999999999999,14.572864321608044,0.02977009728523049
173,5.049999999999999,14.773869346733669,0.10499045495861319
174,5.049999999999999,14.9748743718593,0.17826536898081555
175,5.049999999999999,15.175879396984925,0.15023842748715127
176,5.049999999999999,15.376884422110557,0.12153918500913499
177,5.049999999999999,15.577889447236181,0.0927942412823877
178,5.049999999999999,15.778894472361813,0.21474761199912945
179,5.049999999999999,15.979899497487438,0.27112948114573293
180,5.049999999999999,16.18090452261307,0.15610962202612919
181,5.049999999999999,16.381909547738694,0.23152465437564843
182,5.049999999999999,16.582914572864325,0.2953985474465252
183,5.049999999999999,16.78391959798995,0.1438450530457447
184,5.049999999999999,16.98492462311558,0.08417581056058478
185,5.049999999999999,17.185929648241206,0.3356526072113422
186,5.049999999999999,17.386934673366838,0.4919865792403518
187,5.049999999999999,17.587939698492463,0.25313659156686613
188,5.049999999999999,17.788944723618094,0.03829457135353987
189,5.049999999999999,17.98994974874372,0.07619465791784681
190,5.049999999999999,18.19095477386935,0.2765718729993597
191,5.049999999999999,18.391959798994975,0.37088689130741864
192,5.049999999999999,18.592964824120607,0.3084985340483604
193,5.049999999999999,18.79396984924623,0.09808986031786844
194,5.049999999999999,18.994974874371863,0.0012914894226983924
195,5.049999999999999,19.195979899497488,0.07736767086388557
196,5.049999999999999,19.39698492462312,0.19726319796944425
197,5.049999999999999,19.597989949748744,0.33222000749473285
198,5.049999999999999,19.798994974874375,0.3024700022460901
199,5.049999999999999,20.0,0.14333421013366102
