,t,height,fid
0,5.099999999999999,-20.0,0.13308020032649226
1,5.099999999999999,-19.798994974874372,0.19940185557745407
2,5.099999999999999,-19.597989949748744,0.38249010471471306
3,5.099999999999999,-19.396984924623116,0.1864746572941164
4,5.099999999999999,-19.195979899497488,0.08724643183380108
5,5.099999999999999,-18.99497487437186,0.007636530107338853
6,5.099999999999999,-18.79396984924623,0.08250359464783127
7,5.099999999999999,-18.592964824120603,0.2406242319164135
8,5.099999999999999,-18.391959798994975,0.3569753183166523
9,5.099999999999999,-18.190954773869347,0.3221224183631187
10,5.099999999999999,-17.98994974874372,0.10205501950105395
11,5.099999999999999,-17.78894472361809,0.023967634688796046
12,5.099999999999999,-17.587939698492463,0.19326295028747417
13,5.099999999999999,-17.386934673366834,0.45051376354140443
14,5.099999999999999,-17.185929648241206,0.379499036240739
15,5.099999999999999,-16.984924623115578,0.1256819771597424
16,5.099999999999999,-16.78391959798995,0.09500602573023992
17,5.099999999999999,-16.582914572864322,0.26116789871402285
18,5.099999999999999,-16.381909547738694,0.2895958779025415
19,5.099999999999999,-16.180904522613066,0.16270479603327398
20,5.099999999999999,-15.979899497487438,0.21949962709605297
21,5.099999999999999,-15.77889447236181,0.2763940021752213
22,5.099999999999999,-15.577889447236181,0.0832496549330389
23,5.099999999999999,-15.376884422110553,0.13498773795939184
24,5.099999999999999,-15.175879396984925,0.14352264192543657
25,5.099999999999999,-14.974874371859297,0.1916947961475046
26,5.099999999999999,-14.773869346733669,0.11256153827498476
27,5.099999999999999,-14.57286432160804,0.036866017317562116
28,5.099999999999999,-14.371859296482413,0.07277220902331315
29,5.099999999999999,-14.170854271356784,0.16139227008015206
30,5.099999999999999,-13.969849246231156,0.08985153325747935
31,5.099999999999999,-13.768844221105528,0.02094253150626824
32,5.099999999999999,-13.5678391959799,0.15278475216078616
33,5.099999999999999,-13.366834170854272,0.22649650219225745
34,5.099999999999999,-13.165829145728644,0.028221429285436053
35,5.099999999999999,-12.964824120603016,0.11973669219670115
36,5.099999999999999,-12.763819095477388,0.2537365766508621
37,5.099999999999999,-12.56281407035176,0.025645449439940172
38,5.099999999999999,-12.361809045226131,0.12914273654618927
39,5.099999999999999,-12.160804020100503,0.14695231899751177
40,5.099999999999999,-11.959798994974873,0.09792354058187415
41,5.099999999999999,-11.758793969849245,0.15101897668513292
42,5.099999999999999,-11.557788944723617,0.16323684915748796
43,5.099999999999999,-11.356783919597989,0.17453155973823156
44,5.099999999999999,-11.15577889447236,0.22852244975003663
45,5.099999999999999,-10.954773869346733,0.2423402888330578
46,5.099999999999999,-10.753768844221105,0.281932913392813
47,5.099999999999999,-10.552763819095476,0.32794649810529086
48,5.099999999999999,-10.351758793969848,0.3460934785786033
49,5.099999999999999,-10.15075376884422,0.4087872187152493
50,5.099999999999999,-9.949748743718592,0.41354520585552074
51,5.099999999999999,-9.748743718592964,0.46272767780275714
52,5.099999999999999,-9.547738693467336,0.4687455483074243
53,5.099999999999999,-9.346733668341708,0.4426903009363994
54,5.099999999999999,-9.14572864321608,0.46903781140729633
55,5.099999999999999,-8.944723618090451,0.36930803429307757
56,5.099999999999999,-8.743718592964823,0.26962727008288956
57,5.099999999999999,-8.542713567839195,0.19878993459382105
58,5.099999999999999,-8.341708542713567,0.11278607730871643
59,5.099999999999999,-8.140703517587939,0.041651584739197514
60,5.099999999999999,-7.939698492462311,0.01060511449449433
61,5.099999999999999,-7.738693467336683,0.0033597101243885426
62,5.099999999999999,-7.537688442211055,0.0029640071403202175
63,5.099999999999999,-7.3366834170854265,0.004576603459841696
64,5.099999999999999,-7.135678391959798,0.006850457009013793
65,5.099999999999999,-6.93467336683417,0.009906210706104767
66,5.099999999999999,-6.733668341708542,0.014134126431070424
67,5.099999999999999,-6.532663316582914,0.020137786853808542
68,5.099999999999999,-6.331658291457286,0.02890348124921077
69,5.099999999999999,-6.130653266331658,0.04210559520171307
70,5.099999999999999,-5.92964824120603,0.06274122493946009
71,5.099999999999999,-5.7286432160804015,0.09662540011474625
72,5.099999999999999,-5.527638190954773,0.15640616309639338
73,5.099999999999999,-5.326633165829145,0.2752578644932365
74,5.099999999999999,-5.125628140703517,0.5265940454273442
75,5.099999999999999,-4.924623115577889,0.8065077733528032
76,5.099999999999999,-4.723618090452261,0.88876076608587
77,5.099999999999999,-4.522613065326633,0.8371085894018798
78,5.099999999999999,-4.321608040201005,0.7772409378258346
79,5.099999999999999,-4.1206030150753765,0.7471466822669364
80,5.099999999999999,-3.9195979899497466,0.743575975512045
81,5.099999999999999,-3.7185929648241185,0.7562999217675107
82,5.099999999999999,-3.5175879396984904,0.7761415445462013
83,5.099999999999999,-3.3165829145728623,0.7960684232086112
84,5.099999999999999,-3.115577889447234,0.8115150298578827
85,5.099999999999999,-2.914572864321606,0.8204314024794791
86,5.099999999999999,-2.713567839195978,0.8228675474581997
87,5.099999999999999,-2.5125628140703498,0.8201494191672969
88,5.099999999999999,-2.3115577889447216,0.8140483608696812
89,5.099999999999999,-2.1105527638190935,0.8062043873250941
90,5.099999999999999,-1.9095477386934654,0.7978663531212307
91,5.099999999999999,-1.7085427135678373,0.7898580144369006
92,5.099999999999999,-1.5075376884422091,0.7826470137799333
93,5.099999999999999,-1.306532663316581,0.7764546683539251
94,5.099999999999999,-1.105527638190953,0.7713342589969068
95,5.099999999999999,-0.9045226130653248,0.7672540048808307
96,5.099999999999999,-0.7035175879396967,0.7641356135946036
97,5.099999999999999,-0.5025125628140685,0.7618938578021822
98,5.099999999999999,-0.3015075376884404,0.7604483699604293
99,5.099999999999999,-0.10050251256281229,0.7597417907770299
100,5.099999999999999,0.10050251256281584,0.7597436281507104
101,5.099999999999999,0.30150753768844396,0.7604557048019174
102,5.099999999999999,0.5025125628140721,0.7619127726348837
103,5.099999999999999,0.7035175879397002,0.7641800548357733
104,5.099999999999999,0.9045226130653283,0.7673506982289962
105,5.099999999999999,1.1055276381909565,0.7715288006668568
106,5.099999999999999,1.3065326633165846,0.7768201505476471
107,5.099999999999999,1.5075376884422127,0.7832925590205037
108,5.099999999999999,1.7085427135678408,0.7909378732039622
109,5.099999999999999,1.909547738693469,0.7995851146855232
110,5.099999999999999,2.110552763819097,0.8088239321282568
111,5.099999999999999,2.311557788944725,0.817884323430308
112,5.099999999999999,2.5125628140703533,0.825543000023142
113,5.099999999999999,2.7135678391959814,0.8301582523887284
114,5.099999999999999,2.9145728643216096,0.8298865342812665
115,5.099999999999999,3.1155778894472377,0.8232616545253898
116,5.099999999999999,3.316582914572866,0.8100385559481961
117,5.099999999999999,3.517587939698494,0.7920702114547703
118,5.099999999999999,3.718592964824122,0.773804267193171
119,5.099999999999999,3.91959798994975,0.7622991291772209
120,5.099999999999999,4.120603015075378,0.7671058907937499
121,5.099999999999999,4.321608040201006,0.7995142741109661
122,5.099999999999999,4.5226130653266345,0.8650668502865487
123,5.099999999999999,4.723618090452263,0.9275907501002109
124,5.099999999999999,4.924623115577891,0.8520111826955622
125,5.099999999999999,5.125628140703519,0.5540909292600391
126,5.099999999999999,5.326633165829147,0.28008936279001034
127,5.099999999999999,5.527638190954775,0.1556395070375169
128,5.099999999999999,5.728643216080403,0.09502626983898403
129,5.099999999999999,5.929648241206031,0.06122307570996643
130,5.099999999999999,6.1306532663316595,0.040877726133802104
131,5.099999999999999,6.331658291457288,0.02799868949478042
132,5.099999999999999,6.532663316582916,0.019544019842320664
133,5.099999999999999,6.733668341708544,0.013834717679921652
134,5.099999999999999,6.934673366834172,0.009890093677325393
135,5.099999999999999,7.1356783919598,0.007109593703983466
136,5.099999999999999,7.336683417085428,0.005090438223048819
137,5.099999999999999,7.537688442211056,0.0036140093714550846
138,5.099999999999999,7.7386934673366845,0.004288834326282474
139,5.099999999999999,7.939698492462313,0.013340494283371548
140,5.099999999999999,8.14070351758794,0.04791188905273609
141,5.099999999999999,8.341708542713569,0.12407034833323097
142,5.099999999999999,8.542713567839197,0.2152309499955207
143,5.099999999999999,8.743718592964825,0.2852373902640207
144,5.099999999999999,8.944723618090453,0.3747128350125966
145,5.099999999999999,9.145728643216081,0.4733861273538953
146,5.099999999999999,9.34673366834171,0.457896140286996
147,5.099999999999999,9.547738693467338,0.47155757001770005
148,5.099999999999999,9.748743718592966,0.4684795925446682
149,5.099999999999999,9.949748743718594,0.41999793998893764
150,5.099999999999999,10.150753768844222,0.40898840693034033
151,5.099999999999999,10.35175879396985,0.35234825869516473
152,5.099999999999999,10.552763819095478,0.32700832156655496
153,5.099999999999999,10.753768844221106,0.2851707432417709
154,5.099999999999999,10.954773869346734,0.24428156866374837
155,5.099999999999999,11.155778894472363,0.22562884264866218
156,5.099999999999999,11.35678391959799,0.18278420885956376
157,5.099999999999999,11.557788944723619,0.15400514528351175
158,5.099999999999999,11.758793969849247,0.1627234420326944
159,5.099999999999999,11.959798994974875,0.09212251029070778
160,5.099999999999999,12.160804020100507,0.1443586101242837
161,5.099999999999999,12.361809045226131,0.139532775576584
162,5.099999999999999,12.562814070351763,0.022718730438110433
163,5.099999999999999,12.763819095477388,0.26462525846499874
164,5.099999999999999,12.96482412060302,0.1268704888349407
165,5.099999999999999,13.165829145728644,0.03172277120775994
166,5.099999999999999,13.366834170854275,0.22915072166665618
167,5.099999999999999,13.5678391959799,0.16340731726821237
168,5.099999999999999,13.768844221105532,0.021717656822409424
169,5.099999999999999,13.969849246231156,0.09420925210428265
170,5.099999999999999,14.170854271356788,0.1648894172631599
171,5.099999999999999,14.371859296482413,0.08018332436961466
172,5.099999999999999,14.572864321608044,0.038153298782455713
173,5.099999999999999,14.773869346733669,0.11601361350696111
174,5.099999999999999,14.9748743718593,0.19066549111797412
175,5.099999999999999,15.175879396984925,0.1564378799346472
176,5.099999999999999,15.376884422110557,0.13026087342679868
177,5.099999999999999,15.577889447236181,0.09100691892839514
178,5.099999999999999,15.778894472361813,0.267590181621992
179,5.099999999999999,15.979899497487438,0.23773351530398548
180,5.099999999999999,16.18090452261307,0.15504807680308474
181,5.099999999999999,16.381909547738694,0.29828878917402146
182,5.099999999999999,16.582914572864325,0.2734299662633788
183,5.099999999999999,16.78391959798995,0.09431817275258957
184,5.099999999999999,16.98492462311558,0.11972396225762107
185,5.099999999999999,17.185929648241206,0.39625319004082593
186,5.099999999999999,17.386934673366838,0.46080877076774357
187,5.099999999999999,17.587939698492463,0.19517556996089308
188,5.099999999999999,17.788944723618094,0.02310427209467777
189,5.099999999999999,17.98994974874372,0.10783342475281797
190,5.099999999999999,18.19095477386935,0.3189806674659528
191,5.099999999999999,18.391959798994975,0.37315452004422506
192,5.099999999999999,18.592964824120607,0.2510065600828803
193,5.099999999999999,18.79396984924623,0.07725544909309043
194,5.099999999999999,18.994974874371863,0.004707449333800075
195,5.099999999999999,19.195979899497488,0.09523583679337227
196,5.099999999999999,19.39698492462312,0.18871402765193884
197,5.099999999999999,19.597989949748744,0.3788993097315343
198,5.099999999999999,19.798994974874375,0.21578674894053132
199,5.099999999999999,20.0,0.1280728457085137
