50
1 1.0 0.9895677881731418
2 1.01 0.9907698919550677
3 1.02 0.991899072414654
4 1.03 0.9929482852438377
5 1.04 0.9938268358997184
6 1.05 0.9948057260318796
7 1.06 0.9953110365163561
8 1.07 0.9963509710230384
9 1.08 0.9969719864184382
10 1.09 0.997511341804138
11 1.1 0.9979874248050057
12 1.11 0.997376620131142
13 1.12 0.9986776860319767
14 1.1300000000000001 0.9989083059205488
15 1.1400000000000001 0.9989483043886548
16 1.1500000000000001 0.99905596442845
60
1 1.0 0.9844658475522097
2 1.01 0.9868473477265418
3 1.02 0.9882230362487161
4 1.03 0.9893172917632389
5 1.04 0.9906813652847953
6 1.05 0.9917300308310373
7 1.06 0.9925033381961716
8 1.07 0.9939267971410314
9 1.08 0.9948171565762866
10 1.09 0.994876187447102
11 1.1 0.9963394337811229
12 1.11 0.9970080493340564
13 1.12 0.9975599688520673
14 1.1300000000000001 0.9963750247526192
15 1.1400000000000001 0.9984053796733929
16 1.1500000000000001 0.9986821136797465
17 1.1600000000000001 0.9988826642878538
18 1.1700000000000002 0.9247323176060048
19 1.1800000000000002 0.9990005602506161
70
1 1.0 0.981271218531247
2 1.01 0.9829242193034958
3 1.02 0.9845048458683712
4 1.03 0.9854291387644823
5 1.04 0.9874447914642066
6 1.05 0.9887962913705363
7 1.06 0.9900462693164244
8 1.07 0.9912729124951204
9 1.08 0.9923867528924152
10 1.09 0.9918023122101359
11 1.1 0.9942952865662359
12 1.11 0.9952291299600661
13 1.12 0.9960045893054581
14 1.1300000000000001 0.9966907597977175
15 1.1400000000000001 0.9972899362243641
16 1.1500000000000001 0.9977996537873262
17 1.1600000000000001 0.9982047667056813
18 1.1700000000000002 0.9985330266047455
19 1.1800000000000002 0.9987741149345468
20 1.1900000000000002 0.9988965233729744
21 1.2000000000000002 0.9989650758907368
22 1.2100000000000002 0.9989588992608989
23 1.2200000000000002 0.998971468967861
24 1.2300000000000002 0.9877694435312039
25 1.2400000000000002 0.9989766917057438
26 1.2500000000000002 0.998976119594242
27 1.2600000000000002 0.9989876000113646
28 1.2700000000000002 0.9989905643125349
29 1.2800000000000002 0.9989915651028033
30 1.2900000000000003 0.9989782485010592
31 1.3000000000000003 0.9989999362530325
32 1.3100000000000003 0.9680898892490721
33 1.3200000000000003 0.9989886920502897
34 1.3300000000000003 0.9987966945376082
35 1.3400000000000003 0.9990094048595495
80
1 1.0 0.9772434306479614
2 1.01 0.9790737015929526
3 1.02 0.9808343956650636
4 1.03 0.9824802574989342
5 1.04 0.9840501786246939
6 1.05 0.985674743061908
7 1.06 0.9870797723077228
8 1.07 0.9885191848830032
9 1.08 0.9897534353353964
10 1.09 0.9670992244509355
11 1.1 0.9921723823434716
12 1.11 0.9880348212935319
13 1.12 0.9255228926104534
14 1.1300000000000001 0.9950535002782008
15 1.1400000000000001 0.970903191108322
16 1.1500000000000001 0.9965802259190258
17 1.1600000000000001 0.9971811237599661
18 1.1700000000000002 0.997632051160593
19 1.1800000000000002 0.998064107538814
20 1.1900000000000002 0.9984827395421766
21 1.2000000000000002 0.9987257475912725
22 1.2100000000000002 0.9988748203249901
23 1.2200000000000002 0.998929789843246
24 1.2300000000000002 0.9989314368998117
25 1.2400000000000002 0.9989362370580984
26 1.2500000000000002 0.9989427331198792
27 1.2600000000000002 0.9989271185128856
28 1.2700000000000002 0.9989490403774262
29 1.2800000000000002 0.9989455898206039
30 1.2900000000000003 0.9989548007950211
31 1.3000000000000003 0.9989488347623094
32 1.3100000000000003 0.9989605454175469
33 1.3200000000000003 0.9989628440123094
34 1.3300000000000003 0.9989659645382145
35 1.3400000000000003 0.9989699335281492
36 1.3500000000000003 0.9989597592760459
37 1.3600000000000003 0.9989743285768178
38 1.3700000000000003 0.9989787810306578
39 1.3800000000000003 0.998809226256663
40 1.3900000000000003 0.998958714038116
41 1.4000000000000004 0.9989585479306169
42 1.4100000000000004 0.9989906657884501
43 1.4200000000000004 0.9989600127377845
44 1.4300000000000004 0.9959924326056124
45 1.4400000000000004 0.998964483023764
46 1.4500000000000004 0.9989648341399381
47 1.4600000000000004 0.9989691511611493
48 1.4700000000000004 0.9990063181148888
90
1 1.0 0.9733435624395066
2 1.01 0.975331979366565
3 1.02 0.9770577892644986
4 1.03 0.9790741660840148
5 1.04 0.9808443647734029
6 1.05 0.977855616126983
7 1.06 0.984182870545983
8 1.07 0.9857364803382076
9 1.08 0.9870021005985926
10 1.09 0.9884093911603463
11 1.1 0.989674088392293
12 1.11 0.9906998196513571
13 1.12 0.9903521737875021
14 1.1300000000000001 0.9933127908953692
15 1.1400000000000001 0.9942499671673328
16 1.1500000000000001 0.995152411747995
17 1.1600000000000001 0.9845333518975653
18 1.1700000000000002 0.9966310113647655
19 1.1800000000000002 0.9972412326144856
20 1.1900000000000002 0.9977559775748533
21 1.2000000000000002 0.998174028087618
22 1.2100000000000002 0.9984993241338261
23 1.2200000000000002 0.9987118085999538
24 1.2300000000000002 0.9988662158687996
25 1.2400000000000002 0.9895426663874483
26 1.2500000000000002 0.9989032707668363
27 1.2600000000000002 0.9989102965158028
28 1.2700000000000002 0.9986973077507084
29 1.2800000000000002 0.9989174867358583
30 1.2900000000000003 0.9989201816384806
31 1.3000000000000003 0.9989129414406182
32 1.3100000000000003 0.9989249481138612
33 1.3200000000000003 0.9989312732900808
34 1.3300000000000003 0.9989159227382931
35 1.3400000000000003 0.9989352426857189
36 1.3500000000000003 0.9989203337231052
37 1.3600000000000003 0.9989398736050251
38 1.3700000000000003 0.9989429834646876
39 1.3800000000000003 0.9989240886364801
40 1.3900000000000003 0.9989240692040133
41 1.4000000000000004 0.9988533231566132
42 1.4100000000000004 0.9989276916330891
43 1.4200000000000004 0.9954825266839237
44 1.4300000000000004 0.9989300182420153
45 1.4400000000000004 0.9959972417544172
46 1.4500000000000004 0.9977980448081252
47 1.4600000000000004 0.9989703210247965
48 1.4700000000000004 0.9989359992794126
49 1.4800000000000004 0.9989737346287478
50 1.4900000000000004 0.998940008463136
51 1.5000000000000004 0.9989402017050385
52 1.5100000000000005 0.9989790275949686
53 1.5200000000000005 0.9989440522944534
54 1.5300000000000005 0.9989842797659971
55 1.5400000000000005 0.9989475683780852
56 1.5500000000000005 0.9989499185004764
57 1.5600000000000005 0.9989941502426709
58 1.5700000000000005 0.9989564551158576
59 1.5800000000000005 0.9989554723443453
60 1.5900000000000005 0.999002989395878
100
1 1.0 0.9695854503491826
2 1.01 0.9716761654276691
3 1.02 0.9737604167888656
4 1.03 0.9756523803116901
5 1.04 0.9776581859104256
6 1.05 0.9795024185473857
7 1.06 0.9812708266879497
8 1.07 0.9829645573066633
9 1.08 0.9845791339291684
10 1.09 0.9861151924254132
11 1.1 0.9875714427831387
12 1.11 0.9889469852052996
13 1.12 0.990236055855781
14 1.1300000000000001 0.9914364150725326
15 1.1400000000000001 0.9925506182197998
16 1.1500000000000001 0.9935929990871732
17 1.1600000000000001 0.994537456086577
18 1.1700000000000002 0.9953904024048439
19 1.1800000000000002 0.9960635258004304
20 1.1900000000000002 0.9963029663328532
21 1.2000000000000002 0.9827658318510336
22 1.2100000000000002 0.9196332150956248
23 1.2200000000000002 0.9965238117716285
24 1.2300000000000002 0.9985658526418999
25 1.2400000000000002 0.9987625098605074
26 1.2500000000000002 0.9988666168520143
27 1.2600000000000002 0.9988193492559739
28 1.2700000000000002 0.9988860794210431
29 1.2800000000000002 0.9988866076434921
30 1.2900000000000003 0.9988760660856736
31 1.3000000000000003 0.9988913761850365
32 1.3100000000000003 0.9989006187357902
33 1.3200000000000003 0.9988947033454532
34 1.3300000000000003 0.9988975107481247
35 1.3400000000000003 0.9989072216519194
36 1.3500000000000003 0.9989001454494577
37 1.3600000000000003 0.9988910558366139
38 1.3700000000000003 0.9950758714684849
39 1.3800000000000003 0.9987887214790104
40 1.3900000000000003 0.9989170641003693
41 1.4000000000000004 0.998899224244646
42 1.4100000000000004 0.9989015166225709
43 1.4200000000000004 0.9989200615834927
44 1.4300000000000004 0.9989205934689478
45 1.4400000000000004 0.9989052108117404
46 1.4500000000000004 0.9989364132233397
47 1.4600000000000004 0.9989402413215771
48 1.4700000000000004 0.998942725936715
49 1.4800000000000004 0.9989444251489911
50 1.4900000000000004 0.9989471696638722
51 1.5000000000000004 0.9989127872981135
52 1.5100000000000005 0.9989522845402669
53 1.5200000000000005 0.9989546899317192
54 1.5300000000000005 0.9989176343532585
55 1.5400000000000005 0.9989590315945932
56 1.5500000000000005 0.994920339361649
57 1.5600000000000005 0.9989638819530313
58 1.5700000000000005 0.9989209403751398
59 1.5800000000000005 0.9989263030266905
60 1.5900000000000005 0.9989350481712324
61 1.6000000000000005 0.9989147455263294
62 1.6100000000000005 0.9989341923346394
63 1.6200000000000006 0.9989814524969436
64 1.6300000000000006 0.9989837597067501
65 1.6400000000000006 0.9989375550324611
66 1.6500000000000006 0.9989387544625429
67 1.6600000000000006 0.9989899294142828
68 1.6700000000000006 0.9989936616723539
69 1.6800000000000006 0.9989490532894743
70 1.6900000000000006 0.998997500735345
71 1.7000000000000006 0.9989990976932646
72 1.7100000000000006 0.9990010661845549
110
1 1.0 0.9659619117553886
2 1.01 0.9678450901815461
3 1.02 0.9703562220327961
4 1.03 0.9724903745693123
5 1.04 0.9744725167993702
6 1.05 0.9765047017856955
7 1.06 0.9784007444314523
8 1.07 0.9802253113389083
9 1.08 0.981974613253592
10 1.09 0.9836349610077662
11 1.1 0.9851514752346975
12 1.11 0.9867395637759296
13 1.12 0.9881543739752153
14 1.1300000000000001 0.9893741316076431
15 1.1400000000000001 0.9906854502021298
16 1.1500000000000001 0.9919484577410974
17 1.1600000000000001 0.9930333903772588
18 1.1700000000000002 0.9928444980414387
19 1.1800000000000002 0.9949328620093596
20 1.1900000000000002 0.9919612786763575
21 1.2000000000000002 0.9964657430458184
22 1.2100000000000002 0.997095061998044
23 1.2200000000000002 0.9976221377314062
24 1.2300000000000002 0.9980691061889018
25 1.2400000000000002 0.9984010764408641
26 1.2500000000000002 0.9939724208320129
27 1.2600000000000002 0.998560097592266
28 1.2700000000000002 0.9984848745071969
29 1.2800000000000002 0.9869287534763234
30 1.2900000000000003 0.9988633840077717
31 1.3000000000000003 0.9988651019206497
32 1.3100000000000003 0.9988723795922445
33 1.3200000000000003 0.9988772660421056
34 1.3300000000000003 0.9988780071443598
35 1.3400000000000003 0.9988830702173276
36 1.3500000000000003 0.9988874185291686
37 1.3600000000000003 0.9988889646064574
38 1.3700000000000003 0.9988916406740851
39 1.3800000000000003 0.9988767059873215
40 1.3900000000000003 0.9987757288321193
41 1.4000000000000004 0.9856134480043448
42 1.4100000000000004 0.9989037521694086
43 1.4200000000000004 0.9988813085624676
44 1.4300000000000004 0.9988819734913476
45 1.4400000000000004 0.998883686813386
46 1.4500000000000004 0.9989140810534202
47 1.4600000000000004 0.9922236660025846
48 1.4700000000000004 0.9989156624827705
49 1.4800000000000004 0.9989192972745483
50 1.4900000000000004 0.998923405282335
51 1.5000000000000004 0.9958500012037595
52 1.5100000000000005 0.9988923374814801
53 1.5200000000000005 0.99892499097366
54 1.5300000000000005 0.9988948333637746
55 1.5400000000000005 0.9984935609296056
56 1.5500000000000005 0.9989374945207397
57 1.5600000000000005 0.9989366441903459
58 1.5700000000000005 0.9989003492918264
59 1.5800000000000005 0.9989026877259285
60 1.5900000000000005 0.9989040808652708
61 1.6000000000000005 0.9989056021265388
62 1.6100000000000005 0.9989519418577959
63 1.6200000000000006 0.9989113525777651
64 1.6300000000000006 0.9989574996681398
65 1.6400000000000006 0.9989130538719908
66 1.6500000000000006 0.9989590739771497
67 1.6600000000000006 0.9989619157662105
68 1.6700000000000006 0.9989201129355043
69 1.6800000000000006 0.9989256108455551
70 1.6900000000000006 0.9989250562273626
71 1.7000000000000006 0.9989287864735275
72 1.7100000000000006 0.9989752035378613
73 1.7200000000000006 0.9989292153377729
74 1.7300000000000006 0.9989807825117721
75 1.7400000000000007 0.9989843557674795
76 1.7500000000000007 0.9989852508967829
77 1.7600000000000007 0.9938107276693189
78 1.7700000000000007 0.9989914792497803
79 1.7800000000000007 0.9989428068101273
80 1.7900000000000007 0.9989965475468945
81 1.8000000000000007 0.9989676223049875
82 1.8100000000000007 0.998950110536528
83 1.8200000000000007 0.998950357494513
84 1.8300000000000007 0.998960351629136
85 1.8400000000000007 0.9990020261986227
120
1 1.0 0.9624733595328332
2 1.01 0.9648017838250155
3 1.02 0.9671131034533967
4 1.03 0.9693373267899251
5 1.04 0.9714917741934371
6 1.05 0.973548468308121
7 1.06 0.9755925996840351
8 1.07 0.9757049261267227
9 1.08 0.9794043590182463
10 1.09 0.9811777663880878
11 1.1 0.9817520039407959
12 1.11 0.955981310932001
13 1.12 0.986095777250875
14 1.1300000000000001 0.9874772302271463
15 1.1400000000000001 0.9889519667364958
16 1.1500000000000001 0.9900325154260535
17 1.1600000000000001 0.9913806407310469
18 1.1700000000000002 0.9925126679689942
19 1.1800000000000002 0.9936251077949189
20 1.1900000000000002 0.9945683947210827
21 1.2000000000000002 0.9954214885406908
22 1.2100000000000002 0.9961785718351592
23 1.2200000000000002 0.9760382189074379
24 1.2300000000000002 0.9974213430522901
25 1.2400000000000002 0.9977958500406496
26 1.2500000000000002 0.9982630942107092
27 1.2600000000000002 0.9952766732114853
28 1.2700000000000002 0.998750905546397
29 1.2800000000000002 0.9988362588361663
30 1.2900000000000003 0.9847932097775065
31 1.3000000000000003 0.9988379949270395
32 1.3100000000000003 0.99885201861381
33 1.3200000000000003 0.9988558516051089
34 1.3300000000000003 0.9988587144254512
35 1.3400000000000003 0.9988635594795507
36 1.3500000000000003 0.9988648581818769
37 1.3600000000000003 0.9581765983555598
38 1.3700000000000003 0.9988694068489861
39 1.3800000000000003 0.9983571151382885
40 1.3900000000000003 0.9616157526756746
41 1.4000000000000004 0.9988795133548796
42 1.4100000000000004 0.9988789634509176
43 1.4200000000000004 0.9988822949346027
44 1.4300000000000004 0.9988745435462041
45 1.4400000000000004 0.9986349971314029
46 1.4500000000000004 0.9988668473924792
47 1.4600000000000004 0.9988937148515827
48 1.4700000000000004 0.9988956703721429
49 1.4800000000000004 0.9988690715035857
50 1.4900000000000004 0.9988686610828866
51 1.5000000000000004 0.9953434644947405
52 1.5100000000000005 0.9989052931083016
53 1.5200000000000005 0.998906173150176
54 1.5300000000000005 0.9989102067193876
55 1.5400000000000005 0.9988752959038926
56 1.5500000000000005 0.9988780461367548
57 1.5600000000000005 0.9988798506940901
58 1.5700000000000005 0.9988799236562309
59 1.5800000000000005 0.9989223683316727
60 1.5900000000000005 0.9988870586880876
61 1.6000000000000005 0.9988881880454475
62 1.6100000000000005 0.8773310276321358
63 1.6200000000000006 0.9988962322687075
64 1.6300000000000006 0.9989346606953823
65 1.6400000000000006 0.9989359686120344
66 1.6500000000000006 0.9989373789910749
67 1.6600000000000006 0.8838810477101865
68 1.6700000000000006 0.9989418187576787
69 1.6800000000000006 0.9989452136773649
70 1.6900000000000006 0.9989035381321362
71 1.7000000000000006 0.998904725038857
72 1.7100000000000006 0.9989056437348801
73 1.7200000000000006 0.9989561618618077
74 1.7300000000000006 0.9989582964403453
75 1.7400000000000007 0.99891120641851
76 1.7500000000000007 0.9989156135241178
77 1.7600000000000007 0.998915626657452
78 1.7700000000000007 0.9989541667966885
79 1.7800000000000007 0.9989679690233972
80 1.7900000000000007 0.9988413781579047
81 1.8000000000000007 0.9989240887938557
82 1.8100000000000007 0.9989731046420839
83 1.8200000000000007 0.9989780140341614
84 1.8300000000000007 0.9989334214007983
85 1.8400000000000007 0.9989806965366155
86 1.8500000000000008 0.998983507727763
87 1.8600000000000008 0.9989873572586085
88 1.8700000000000008 0.9989617741568888
89 1.8800000000000008 0.9989392165358915
90 1.8900000000000008 0.9989934789048821
91 1.9000000000000008 0.9989953262625624
92 1.9100000000000008 0.9989473756954006
93 1.9200000000000008 0.999001507268555
130
1 1.0 0.9590875490878861
2 1.01 0.9615622097264784
3 1.02 0.9639522241599785
4 1.03 0.9098238779856875
5 1.04 0.9684894969167902
6 1.05 0.9707283647302017
7 1.06 0.9728529899960764
8 1.07 0.9748850656279994
9 1.08 0.9767471217840686
10 1.09 0.9785372295003943
11 1.1 0.9806096617756068
12 1.11 0.9819912932838356
13 1.12 0.980942741012337
14 1.1300000000000001 0.9855845629306446
15 1.1400000000000001 0.9871015246378912
16 1.1500000000000001 0.9884972968456442
17 1.1600000000000001 0.989794427293548
18 1.1700000000000002 0.9911014069249937
19 1.1800000000000002 0.9922138029570968
20 1.1900000000000002 0.9933003071472288
21 1.2000000000000002 0.9942964748974471
22 1.2100000000000002 0.9951774758202321
23 1.2200000000000002 0.9950934806402029
24 1.2300000000000002 0.9966609923894115
25 1.2400000000000002 0.9972506554313993
26 1.2500000000000002 0.9977545518008225
27 1.2600000000000002 0.9981739392220097
28 1.2700000000000002 0.9980175879912431
29 1.2800000000000002 0.9986946430557965
30 1.2900000000000003 0.9988113367866404
31 1.3000000000000003 0.9988329312174199
32 1.3100000000000003 0.9988340312865509
33 1.3200000000000003 0.998834122587351
34 1.3300000000000003 0.9988397327992131
35 1.3400000000000003 0.9988432521273057
36 1.3500000000000003 0.9988471883303891
37 1.3600000000000003 0.9988475131193706
38 1.3700000000000003 0.9988391953743392
39 1.3800000000000003 0.998847832120715
40 1.3900000000000003 0.9988457562320341
41 1.4000000000000004 0.9988435477071632
42 1.4100000000000004 0.9988587919914209
43 1.4200000000000004 0.9988598026420313
44 1.4300000000000004 0.9988640191798435
45 1.4400000000000004 0.9988494689545812
46 1.4500000000000004 0.9988696314472408
47 1.4600000000000004 0.9988668819640008
48 1.4700000000000004 0.9988749354188806
49 1.4800000000000004 0.9988746967139097
50 1.4900000000000004 0.9988797743428255
51 1.5000000000000004 0.9988529378008888
52 1.5100000000000005 0.9988846189560627
53 1.5200000000000005 0.9987431744334158
54 1.5300000000000005 0.9988558604154459
55 1.5400000000000005 0.9988918438574594
56 1.5500000000000005 0.947079637623397
57 1.5600000000000005 0.9988896745347923
58 1.5700000000000005 0.998898786024344
59 1.5800000000000005 0.9988649586721678
60 1.5900000000000005 0.9989034995948962
61 1.6000000000000005 0.9989065750725156
62 1.6100000000000005 0.9989095408286829
63 1.6200000000000006 0.9988706468008577
64 1.6300000000000006 0.9989139022767112
65 1.6400000000000006 0.9988737086220519
66 1.6500000000000006 0.9988747524365728
67 1.6600000000000006 0.9989193051769244
68 1.6700000000000006 0.9988773380577358
69 1.6800000000000006 0.9987813265727867
70 1.6900000000000006 0.9989256029004792
71 1.7000000000000006 0.998885496591141
72 1.7100000000000006 0.9988876588535059
73 1.7200000000000006 0.9988881142105993
74 1.7300000000000006 0.9989105861914548
75 1.7400000000000007 0.9989223705099765
76 1.7500000000000007 0.998893429561769
77 1.7600000000000007 0.9989418367368611
78 1.7700000000000007 0.9472439248388446
79 1.7800000000000007 0.9989441510958761
80 1.7900000000000007 0.9989458109473706
81 1.8000000000000007 0.9989510854875469
82 1.8100000000000007 0.9989064009854042
83 1.8200000000000007 0.9989089915462903
84 1.8300000000000007 0.9989139087904266
85 1.8400000000000007 0.9989403613500267
86 1.8500000000000008 0.9989135930493839
87 1.8600000000000008 0.9989641165517684
88 1.8700000000000008 0.9989637579357411
89 1.8800000000000008 0.9989698675422276
90 1.8900000000000008 0.9989210948834658
91 1.9000000000000008 0.9608951759956839
92 1.9100000000000008 0.9989774358868844
93 1.9200000000000008 0.9989262414382302
94 1.9300000000000008 0.9989831210175532
95 1.9400000000000008 0.9989313182281362
96 1.9500000000000008 0.9989872210500154
97 1.9600000000000009 0.9989893729865261
98 1.9700000000000009 0.9178413423469411
99 1.9800000000000009 0.9989494720395506
100 1.9900000000000009 0.9989499267383892
140
1 1.0 0.9558709766311572
2 1.01 0.9583962170481569
3 1.02 0.9608941033129184
4 1.03 0.9633146514944895
5 1.04 0.9656673092722988
6 1.05 0.9679564421063199
7 1.06 0.970114388097545
8 1.07 0.9723027646447483
9 1.08 0.9744065283366056
10 1.09 0.9763873022347224
11 1.1 0.9782782559919803
12 1.11 0.9475571240692678
13 1.12 0.9819626806244881
14 1.1300000000000001 0.9826479659132489
15 1.1400000000000001 0.9852193540179227
16 1.1500000000000001 0.9833906923346277
17 1.1600000000000001 0.9881732218009127
18 1.1700000000000002 0.9895767592214176
19 1.1800000000000002 0.9908362746534031
20 1.1900000000000002 0.9920018701722229
21 1.2000000000000002 0.992994559783921
22 1.2100000000000002 0.9941041101919015
23 1.2200000000000002 0.9949658769037438
24 1.2300000000000002 0.9899798805778052
25 1.2400000000000002 0.9964734630322736
26 1.2500000000000002 0.99714754497377
27 1.2600000000000002 0.9976714407389577
28 1.2700000000000002 0.9954660077797957
29 1.2800000000000002 0.9959542568028376
30 1.2900000000000003 0.998567095159091
31 1.3000000000000003 0.9987848067653984
32 1.3100000000000003 0.998791365413972
33 1.3200000000000003 0.9988214483381528
34 1.3300000000000003 0.9988226428936834
35 1.3400000000000003 0.9988280219110149
36 1.3500000000000003 0.9988286094829943
37 1.3600000000000003 0.9988257612959809
38 1.3700000000000003 0.9988318969092014
39 1.3800000000000003 0.9988368006908499
40 1.3900000000000003 0.998820115014202
41 1.4000000000000004 0.9988437050493086
42 1.4100000000000004 0.998845067877367
43 1.4200000000000004 0.9988475250035516
44 1.4300000000000004 0.9988345758326758
45 1.4400000000000004 0.9983178331928411
46 1.4500000000000004 0.9985929178474776
47 1.4600000000000004 0.9956015891132356
48 1.4700000000000004 0.9988360134956143
49 1.4800000000000004 0.9988384961206048
50 1.4900000000000004 0.9988626877797182
51 1.5000000000000004 0.9988650887488264
52 1.5100000000000005 0.9988402886692521
53 1.5200000000000005 0.9988699082306866
54 1.5300000000000005 0.9988441009833218
55 1.5400000000000005 0.9988741493109659
56 1.5500000000000005 0.9988458247686881
57 1.5600000000000005 0.9988472450158309
58 1.5700000000000005 0.9988826717360992
59 1.5800000000000005 0.9988489762605842
60 1.5900000000000005 0.9988843853078325
61 1.6000000000000005 0.998850677406123
62 1.6100000000000005 0.9988670866723494
63 1.6200000000000006 0.9950378808659144
64 1.6300000000000006 0.9988961408487202
65 1.6400000000000006 0.998899240463624
66 1.6500000000000006 0.9988043665254196
67 1.6600000000000006 0.9989018597755205
68 1.6700000000000006 0.99890306346045
69 1.6800000000000006 0.9988637808309392
70 1.6900000000000006 0.9989059336054104
71 1.7000000000000006 0.9988671423661823
72 1.7100000000000006 0.9566809147701576
73 1.7200000000000006 0.9989150220500232
74 1.7300000000000006 0.9989165017605603
75 1.7400000000000007 0.9988758818422758
76 1.7500000000000007 0.9988780161128937
77 1.7600000000000007 0.9988782874864851
78 1.7700000000000007 0.9988795441889671
79 1.7800000000000007 0.9989272151327704
80 1.7900000000000007 0.9988843132602493
81 1.8000000000000007 0.9988887473048735
82 1.8100000000000007 0.9989291873266096
83 1.8200000000000007 0.998889268953382
84 1.8300000000000007 0.998893155305852
85 1.8400000000000007 0.9988973434304655
86 1.8500000000000008 0.9989430015827054
87 1.8600000000000008 0.9989467368449371
88 1.8700000000000008 0.9989450852684254
89 1.8800000000000008 0.998948970388105
90 1.8900000000000008 0.9989523926136973
91 1.9000000000000008 0.9989485927980083
92 1.9100000000000008 0.9989126716844136
93 1.9200000000000008 0.9989601102393555
94 1.9300000000000008 0.9989156010442704
95 1.9400000000000008 0.9989097704665939
96 1.9500000000000008 0.9989147136064703
97 1.9600000000000009 0.9989201623610904
98 1.9700000000000009 0.9989702807895726
99 1.9800000000000009 0.9989209678764339
100 1.9900000000000009 0.9989748785704498
150
1 1.0 0.9018415836523844
2 1.01 0.9553311952910989
3 1.02 0.9578740605220166
4 1.03 0.9604257005114438
5 1.04 0.962826036754343
6 1.05 0.9650951612565181
7 1.06 0.967514529819755
8 1.07 0.9693859905902591
9 1.08 0.9719702454795142
10 1.09 0.9740808820370799
11 1.1 0.9761069952650091
12 1.11 0.8595387094961009
13 1.12 0.9796350527949944
14 1.1300000000000001 0.9815541968144365
15 1.1400000000000001 0.9834021148834023
16 1.1500000000000001 0.9850465817625954
17 1.1600000000000001 0.9865884585698789
18 1.1700000000000002 0.987921062954565
19 1.1800000000000002 0.9893998359931396
20 1.1900000000000002 0.9906907239989727
21 1.2000000000000002 0.9918814307428885
22 1.2100000000000002 0.9929739998057444
23 1.2200000000000002 0.9939904328272768
24 1.2300000000000002 0.9949045441103302
25 1.2400000000000002 0.9509491958782522
26 1.2500000000000002 0.9963160847216203
27 1.2600000000000002 0.9966635809049976
28 1.2700000000000002 0.9860004926225924
29 1.2800000000000002 0.9958305171141618
30 1.2900000000000003 0.9955797642574783
31 1.3000000000000003 0.8197056924235796
32 1.3100000000000003 0.99876802483082
33 1.3200000000000003 0.9987734581145085
34 1.3300000000000003 0.976995554555455
35 1.3400000000000003 0.9988101150908503
36 1.3500000000000003 0.9988116209435186
37 1.3600000000000003 0.9988197295599953
38 1.3700000000000003 0.9988140216259024
39 1.3800000000000003 0.9988159910176702
40 1.3900000000000003 0.9988276363745588
41 1.4000000000000004 0.9988194905092801
42 1.4100000000000004 0.998830872633944
43 1.4200000000000004 0.9988324953909576
44 1.4300000000000004 0.9988351470664806
45 1.4400000000000004 0.9988190192306081
46 1.4500000000000004 0.9988396963027336
47 1.4600000000000004 0.998839042711632
48 1.4700000000000004 0.9988220375543404
49 1.4800000000000004 0.998822752768851
50 1.4900000000000004 0.970367035970159
51 1.5000000000000004 0.9988509785681234
52 1.5100000000000005 0.9988535233012567
53 1.5200000000000005 0.9986680893577868
54 1.5300000000000005 0.9988583992353169
55 1.5400000000000005 0.9988603362026345
56 1.5500000000000005 0.9988296719614731
57 1.5600000000000005 0.9988324216523509
58 1.5700000000000005 0.998865457856398
59 1.5800000000000005 0.9988683160606057
60 1.5900000000000005 0.9988360427591054
61 1.6000000000000005 0.9988351412638559
62 1.6100000000000005 0.998836485460147
63 1.6200000000000006 0.9988784738031642
64 1.6300000000000006 0.9955489188548857
65 1.6400000000000006 0.9988774290328611
66 1.6500000000000006 0.9988535206195809
67 1.6600000000000006 0.9988868476057531
68 1.6700000000000006 0.998847690229558
69 1.6800000000000006 0.9988905193647291
70 1.6900000000000006 0.998894115370869
71 1.7000000000000006 0.9988530384917468
72 1.7100000000000006 0.998896667891903
73 1.7200000000000006 0.9988577429727269
74 1.7300000000000006 0.9989005577376652
75 1.7400000000000007 0.9988579521875943
76 1.7500000000000007 0.998860094666712
77 1.7600000000000007 0.998864038045585
78 1.7700000000000007 0.9989104843662117
79 1.7800000000000007 0.9988668260551766
80 1.7900000000000007 0.9989132522385104
81 1.8000000000000007 0.998870433986862
82 1.8100000000000007 0.9988750390749694
83 1.8200000000000007 0.9988755320982107
84 1.8300000000000007 0.9989189352331137
85 1.8400000000000007 0.998863531150158
86 1.8500000000000008 0.9988784222055349
87 1.8600000000000008 0.9989252504320737
88 1.8700000000000008 0.9988827256637179
89 1.8800000000000008 0.9988856971774687
90 1.8900000000000008 0.998935350277123
91 1.9000000000000008 0.9988905205808362
92 1.9100000000000008 0.9989055756708553
93 1.9200000000000008 0.9988938789070788
94 1.9300000000000008 0.9989431039701904
95 1.9400000000000008 0.998896481286027
96 1.9500000000000008 0.9989022856646982
97 1.9600000000000009 0.9948736811035247
98 1.9700000000000009 0.9989008660075006
99 1.9800000000000009 0.9989072288950062
100 1.9900000000000009 0.9989571011393149
160
1 1.0 0.9497104714051416
2 1.01 0.9524278445011862
3 1.02 0.9550736192833118
4 1.03 0.9576586729423472
5 1.04 0.9601791325096386
6 1.05 0.962597444959302
7 1.06 0.9648939675783236
8 1.07 0.9673572486927572
9 1.08 0.9693109420761168
10 1.09 0.9718019429592668
11 1.1 0.973891077551389
12 1.11 0.9755743179110726
13 1.12 0.9778932956019396
14 1.1300000000000001 0.9797919022101842
15 1.1400000000000001 0.9815922896855116
16 1.1500000000000001 0.9833122173207751
17 1.1600000000000001 0.9849454791664216
18 1.1700000000000002 0.9864980115456711
19 1.1800000000000002 0.9879651702100416
20 1.1900000000000002 0.9893377660755858
21 1.2000000000000002 0.9901287238069286
22 1.2100000000000002 0.9916346779489201
23 1.2200000000000002 0.9929303323186441
24 1.2300000000000002 0.9939443292744232
25 1.2400000000000002 0.9948035939548913
26 1.2500000000000002 0.9956909657684622
27 1.2600000000000002 0.9964203102255702
28 1.2700000000000002 0.994971857916555
29 1.2800000000000002 0.9975823778021407
30 1.2900000000000003 0.9980301895492575
31 1.3000000000000003 0.9983542551586136
32 1.3100000000000003 0.9960592271638284
33 1.3200000000000003 0.9984897436314245
34 1.3300000000000003 0.9987977085931946
35 1.3400000000000003 0.998798124723911
36 1.3500000000000003 0.9988014121074325
37 1.3600000000000003 0.9988016147469366
38 1.3700000000000003 0.9988070378402197
39 1.3800000000000003 0.9988063070815741
40 1.3900000000000003 0.993779265117739
41 1.4000000000000004 0.9987942384934296
42 1.4100000000000004 0.9988114285469778
43 1.4200000000000004 0.9988164016521098
44 1.4300000000000004 0.998809656042891
45 1.4400000000000004 0.9988261567382568
46 1.4500000000000004 0.9988253282657712
47 1.4600000000000004 0.9988209219150013
48 1.4700000000000004 0.9988233260301457
49 1.4800000000000004 0.9895540805017151
50 1.4900000000000004 0.9981405733108387
51 1.5000000000000004 0.9981310192986604
52 1.5100000000000005 0.9988359261782364
53 1.5200000000000005 0.9988163275555361
54 1.5300000000000005 0.9988437902525283
55 1.5400000000000005 0.9988454195325033
56 1.5500000000000005 0.9988487687740097
57 1.5600000000000005 0.9988175361887687
58 1.5700000000000005 0.9988523351843468
59 1.5800000000000005 0.9988226714653212
60 1.5900000000000005 0.9988573729690404
61 1.6000000000000005 0.9988576022982123
62 1.6100000000000005 0.9958294846999787
63 1.6200000000000006 0.998828933441811
64 1.6300000000000006 0.9966515555074007
65 1.6400000000000006 0.9988325230842064
66 1.6500000000000006 0.9988314763065264
67 1.6600000000000006 0.9988702640844679
68 1.6700000000000006 0.9988726883945253
69 1.6800000000000006 0.9988376779467689
70 1.6900000000000006 0.9988781354339031
71 1.7000000000000006 0.9988805332426789
72 1.7100000000000006 0.9988789724205165
73 1.7200000000000006 0.9988419002323459
74 1.7300000000000006 0.9988729922319024
75 1.7400000000000007 0.9988874909443288
76 1.7500000000000007 0.998847495069192
77 1.7600000000000007 0.9988518727379055
78 1.7700000000000007 0.9988506403375367
79 1.7800000000000007 0.9988976496125568
80 1.7900000000000007 0.9883694302339741
81 1.8000000000000007 0.9988569169347873
82 1.8100000000000007 0.9988593358035693
83 1.8200000000000007 0.9988587701910584
84 1.8300000000000007 0.9988624773947189
85 1.8400000000000007 0.9989091147891628
86 1.8500000000000008 0.9989103531114252
87 1.8600000000000008 0.9989120572243698
88 1.8700000000000008 0.9989146840141506
89 1.8800000000000008 0.9989167004865727
90 1.8900000000000008 0.9988746087399368
91 1.9000000000000008 0.9988732243971288
92 1.9100000000000008 0.9989221562454184
93 1.9200000000000008 0.9988803821307801
94 1.9300000000000008 0.9988780907871645
95 1.9400000000000008 0.9989136329581636
96 1.9500000000000008 0.9989329939922011
97 1.9600000000000009 0.9988835555655393
98 1.9700000000000009 0.9988889270180902
99 1.9800000000000009 0.9988880763686853
100 1.9900000000000009 0.9988965153480887
170
1 1.0 0.9468073135081837
2 1.01 0.9495203683685682
3 1.02 0.952264115210827
4 1.03 0.9549565931426162
5 1.04 0.9575570158567319
6 1.05 0.9600518974824465
7 1.06 0.9250917033641374
8 1.07 0.9649694521778824
9 1.08 0.9646743493561332
10 1.09 0.9695705354796065
11 1.1 0.9717648608935252
12 1.11 0.9737346949928557
13 1.12 0.8194719902084475
14 1.1300000000000001 0.977489455891569
15 1.1400000000000001 0.9796232760915092
16 1.1500000000000001 0.9815895598039476
17 1.1600000000000001 0.9832160234756586
18 1.1700000000000002 0.9423592214485311
19 1.1800000000000002 0.9341779669829772
20 1.1900000000000002 0.9879730678931138
21 1.2000000000000002 0.9892532017825071
22 1.2100000000000002 0.9905875398000418
23 1.2200000000000002 0.9918065118287747
24 1.2300000000000002 0.9929104428725904
25 1.2400000000000002 0.9395946133022668
26 1.2500000000000002 0.9948774951712093
27 1.2600000000000002 0.9956925952363701
28 1.2700000000000002 0.996328551297183
29 1.2800000000000002 0.9967636311686005
30 1.2900000000000003 0.9975995938585673
31 1.3000000000000003 0.9942093965464719
32 1.3100000000000003 0.9975460834167841
33 1.3200000000000003 0.9365769203516544
34 1.3300000000000003 0.9976568960665128
35 1.3400000000000003 0.998734506537458
36 1.3500000000000003 0.9987252211739595
37 1.3600000000000003 0.9982532056249303
38 1.3700000000000003 0.9987970238420775
39 1.3800000000000003 0.9987954457899623
40 1.3900000000000003 0.9988001902676248
41 1.4000000000000004 0.9876036961064028
42 1.4100000000000004 0.9988077661219393
43 1.4200000000000004 0.9988090318708104
44 1.4300000000000004 0.8278439591878465
45 1.4400000000000004 0.9987993127171871
46 1.4500000000000004 0.9988154804012801
47 1.4600000000000004 0.9988177672387301
48 1.4700000000000004 0.9988184395592917
49 1.4800000000000004 0.9876492606649605
50 1.4900000000000004 0.998622760358872
51 1.5000000000000004 0.9988036828805467
52 1.5100000000000005 0.9985687556454087
53 1.5200000000000005 0.9866698638994765
54 1.5300000000000005 0.9988069124410734
55 1.5400000000000005 0.9988341290275174
56 1.5500000000000005 0.8445594566883418
57 1.5600000000000005 0.9838628067041316
58 1.5700000000000005 0.9988098273403653
59 1.5800000000000005 0.9738846622769518
60 1.5900000000000005 0.998813370554033
61 1.6000000000000005 0.9988455925117695
62 1.6100000000000005 0.9445474112950054
63 1.6200000000000006 0.9988166279891837
64 1.6300000000000006 0.9988538486823632
65 1.6400000000000006 0.9988199566484118
66 1.6500000000000006 0.9988100372562815
67 1.6600000000000006 0.9988606207507594
68 1.6700000000000006 0.998861171703983
69 1.6800000000000006 0.9988250040672122
70 1.6900000000000006 0.9988243189253014
71 1.7000000000000006 0.998826424597697
72 1.7100000000000006 0.9988689406657787
73 1.7200000000000006 0.9988315892204638
74 1.7300000000000006 0.9988715433290838
75 1.7400000000000007 0.99872961905411
76 1.7500000000000007 0.9757168962213764
77 1.7600000000000007 0.9988796569273648
78 1.7700000000000007 0.9976346934294595
79 1.7800000000000007 0.9988827726328748
80 1.7900000000000007 0.9988860212680684
81 1.8000000000000007 0.9988830271012784
82 1.8100000000000007 0.9988439727837927
83 1.8200000000000007 0.9988493902491293
84 1.8300000000000007 0.9988718807998809
85 1.8400000000000007 0.998895915056507
86 1.8500000000000008 0.998856779985612
87 1.8600000000000008 0.9988520963787295
88 1.8700000000000008 0.9988972470475066
89 1.8800000000000008 0.9988562733944053
90 1.8900000000000008 0.8912438969055777
91 1.9000000000000008 0.998907068598029
92 1.9100000000000008 0.9988641731927609
93 1.9200000000000008 0.9988637779455823
94 1.9300000000000008 0.998867611449374
95 1.9400000000000008 0.9988661716116396
96 1.9500000000000008 0.9988685022196934
97 1.9600000000000009 0.998875084861596
98 1.9700000000000009 0.9988786420883677
99 1.9800000000000009 0.9989230726640366
100 1.9900000000000009 0.9989250427192774
180
1 1.0 0.9439858258043515
2 1.01 0.9468103671639937
3 1.02 0.9495492002398235
4 1.03 0.9523370228713547
5 1.04 0.954960066323328
6 1.05 0.9560616025545523
7 1.06 0.9601562596806836
8 1.07 0.9626344733544092
9 1.08 0.9627964774695575
10 1.09 0.9673886741011591
11 1.1 0.9696498279162871
12 1.11 0.9718461932016388
13 1.12 0.9739513348539564
14 1.1300000000000001 0.9759901455978878
15 1.1400000000000001 0.9762478189651534
16 1.1500000000000001 0.9798763244604253
17 1.1600000000000001 0.9781545095685614
18 1.1700000000000002 0.983077990694519
19 1.1800000000000002 0.9850395887563779
20 1.1900000000000002 0.9864299362594119
21 1.2000000000000002 0.9880137252502249
22 1.2100000000000002 0.9894336501016449
23 1.2200000000000002 0.990684185780947
24 1.2300000000000002 0.9919185267655432
25 1.2400000000000002 0.9929666975877872
26 1.2500000000000002 0.9920590050286476
27 1.2600000000000002 0.9947936171255864
28 1.2700000000000002 0.8865477042676655
29 1.2800000000000002 0.9879615266532964
30 1.2900000000000003 0.9971016722305344
31 1.3000000000000003 0.9976342538901077
32 1.3100000000000003 0.9980024680653284
33 1.3200000000000003 0.9983895931507281
34 1.3300000000000003 0.9986167450364337
35 1.3400000000000003 0.9987426982013532
36 1.3500000000000003 0.9987809536937462
37 1.3600000000000003 0.9987166736135092
38 1.3700000000000003 0.9987839966592454
39 1.3800000000000003 0.9987874546930918
40 1.3900000000000003 0.9987889587838406
41 1.4000000000000004 0.9987911386399186
42 1.4100000000000004 0.9987861389313554
43 1.4200000000000004 0.9987892091964843
44 1.4300000000000004 0.9987943838820273
45 1.4400000000000004 0.9987926997534472
46 1.4500000000000004 0.9987893563861431
47 1.4600000000000004 0.9988055682878114
48 1.4700000000000004 0.9988064692043356
49 1.4800000000000004 0.9987929347754514
50 1.4900000000000004 0.9988125614774468
51 1.5000000000000004 0.9987951559716011
52 1.5100000000000005 0.9987937560453414
53 1.5200000000000005 0.9988188376910313
54 1.5300000000000005 0.9988209818029834
55 1.5400000000000005 0.9723689633955502
56 1.5500000000000005 0.9988244383216168
57 1.5600000000000005 0.9987992889647092
58 1.5700000000000005 0.9988000897159949
59 1.5800000000000005 0.9988308441459609
60 1.5900000000000005 0.99770073902102
61 1.6000000000000005 0.998827651190288
62 1.6100000000000005 0.9988357761308602
63 1.6200000000000006 0.998837150059171
64 1.6300000000000006 0.9920623346548996
65 1.6400000000000006 0.9988424382522564
66 1.6500000000000006 0.9988436069743336
67 1.6600000000000006 0.9988464474910292
68 1.6700000000000006 0.9988489749695157
69 1.6800000000000006 0.9988148899956841
70 1.6900000000000006 0.9988158943831753
71 1.7000000000000006 0.9988552684844216
72 1.7100000000000006 0.9988563649308607
73 1.7200000000000006 0.9988580365309265
74 1.7300000000000006 0.9988593010990983
75 1.7400000000000007 0.9988237567059426
76 1.7500000000000007 0.9985370273173128
77 1.7600000000000007 0.998849063561884
78 1.7700000000000007 0.9988304679134783
79 1.7800000000000007 0.9988698382537581
80 1.7900000000000007 0.9988299099108707
81 1.8000000000000007 0.9988321023667273
82 1.8100000000000007 0.9988770407772847
83 1.8200000000000007 0.998873938028693
84 1.8300000000000007 0.9988804862138927
85 1.8400000000000007 0.9988799157931718
86 1.8500000000000008 0.9988831923464819
87 1.8600000000000008 0.9988853446620511
88 1.8700000000000008 0.9988876112122307
89 1.8800000000000008 0.9988430754995983
90 1.8900000000000008 0.9988908673632835
91 1.9000000000000008 0.998894885964935
92 1.9100000000000008 0.9988515230752295
93 1.9200000000000008 0.9988995707810119
94 1.9300000000000008 0.9988810323184028
95 1.9400000000000008 0.9774443077579483
96 1.9500000000000008 0.9988564036911806
97 1.9600000000000009 0.9988573346152662
98 1.9700000000000009 0.9889148843279362
99 1.9800000000000009 0.9988873435429287
100 1.9900000000000009 0.9989114312549678
190
1 1.0 0.9412252690305086
2 1.01 0.944127196864596
3 1.02 0.9470007975178489
4 1.03 0.9497729309790622
5 1.04 0.8176199951206552
6 1.05 0.9550619737518661
7 1.06 0.9578087871661023
8 1.07 0.9603516119347756
9 1.08 0.9628327232373391
10 1.09 0.9652166471955133
11 1.1 0.9675963557067063
12 1.11 0.9697632412236649
13 1.12 0.965937190435127
14 1.1300000000000001 0.9741018868821519
15 1.1400000000000001 0.9760221748580753
16 1.1500000000000001 0.926621678894326
17 1.1600000000000001 0.9795609035112475
18 1.1700000000000002 0.9811117130546438
19 1.1800000000000002 0.9835932619992227
20 1.1900000000000002 0.9852257835368958
21 1.2000000000000002 0.9635835613003249
22 1.2100000000000002 0.9882286526493789
23 1.2200000000000002 0.9895960038794094
24 1.2300000000000002 0.9908494495062355
25 1.2400000000000002 0.9919042630377615
26 1.2500000000000002 0.9931091646856591
27 1.2600000000000002 0.9929592570112679
28 1.2700000000000002 0.9950488603470394
29 1.2800000000000002 0.9958573029103281
30 1.2900000000000003 0.9965616174771639
31 1.3000000000000003 0.9971773653087856
32 1.3100000000000003 0.9976919602165794
33 1.3200000000000003 0.9980907831024477
34 1.3300000000000003 0.9934447326372777
35 1.3400000000000003 0.9962968355508369
36 1.3500000000000003 0.998475482770719
37 1.3600000000000003 0.998576934062741
38 1.3700000000000003 0.9987771259153168
39 1.3800000000000003 0.99877813923784
40 1.3900000000000003 0.9987784372455667
41 1.4000000000000004 0.9987824809085614
42 1.4100000000000004 0.998786313169319
43 1.4200000000000004 0.9954940429527507
44 1.4300000000000004 0.9987919336209359
45 1.4400000000000004 0.9987927450003977
46 1.4500000000000004 0.9987937986565628
47 1.4600000000000004 0.9987882874768688
48 1.4700000000000004 0.998798396151746
49 1.4800000000000004 0.9987995100685276
50 1.4900000000000004 0.9972267697221489
51 1.5000000000000004 0.9987883771007715
52 1.5100000000000005 0.998805573543053
53 1.5200000000000005 0.9987878851858114
54 1.5300000000000005 0.9987829289571848
55 1.5400000000000005 0.9984235610980385
56 1.5500000000000005 0.9987916662882167
57 1.5600000000000005 0.9987912126268571
58 1.5700000000000005 0.9987924853138015
59 1.5800000000000005 0.998793159089065
60 1.5900000000000005 0.9987932057544386
61 1.6000000000000005 0.9988218880393915
62 1.6100000000000005 0.9965955021489517
63 1.6200000000000006 0.9987994266855462
64 1.6300000000000006 0.9987985904664056
65 1.6400000000000006 0.9987996110509662
66 1.6500000000000006 0.9988013586726868
67 1.6600000000000006 0.9988026833419643
68 1.6700000000000006 0.9988364627766265
69 1.6800000000000006 0.9988041612857952
70 1.6900000000000006 0.9988408346674751
71 1.7000000000000006 0.998845106528826
72 1.7100000000000006 0.9988092012524717
73 1.7200000000000006 0.9988462271960671
74 1.7300000000000006 0.9988494816316322
75 1.7400000000000007 0.9988104721595767
76 1.7500000000000007 0.97170378948541
77 1.7600000000000007 0.9988550936086641
78 1.7700000000000007 0.998815905122024
79 1.7800000000000007 0.9988599051147415
80 1.7900000000000007 0.9988214455873344
81 1.8000000000000007 0.9988621884231802
82 1.8100000000000007 0.99882352968837
83 1.8200000000000007 0.9988256772611577
84 1.8300000000000007 0.9988247799880939
85 1.8400000000000007 0.998870693615486
86 1.8500000000000008 0.9988725445886038
87 1.8600000000000008 0.998842004132729
88 1.8700000000000008 0.9988308967354446
89 1.8800000000000008 0.9988770763802071
90 1.8900000000000008 0.9988389140007446
91 1.9000000000000008 0.9988792206860737
92 1.9100000000000008 0.998837459932078
93 1.9200000000000008 0.9988411807653078
94 1.9300000000000008 0.9988430106147812
95 1.9400000000000008 0.9988908009029367
96 1.9500000000000008 0.9988935407190589
97 1.9600000000000009 0.9988475384461409
98 1.9700000000000009 0.9988974303685094
99 1.9800000000000009 0.9988499978017519
100 1.9900000000000009 0.9988911361287939
200
1 1.0 0.9386046537983113
2 1.01 0.9414360251845865
3 1.02 0.9444684063592497
4 1.03 0.9472723788909616
5 1.04 0.9501134548761211
6 1.05 0.9523274363382893
7 1.06 0.9555241036163856
8 1.07 0.9581359618963216
9 1.08 0.9606537542051722
10 1.09 0.9631528489287242
11 1.1 0.9655405936023899
12 1.11 0.9238540586906767
13 1.12 0.9701768708028199
14 1.1300000000000001 0.9723706712004231
15 1.1400000000000001 0.9743355976282676
16 1.1500000000000001 0.9764172955513772
17 1.1600000000000001 0.978475210593289
18 1.1700000000000002 0.9803284524013016
19 1.1800000000000002 0.9821458083486533
20 1.1900000000000002 0.9838537929144686
21 1.2000000000000002 0.9854575303684462
22 1.2100000000000002 0.9868358651959294
23 1.2200000000000002 0.98838339207398
24 1.2300000000000002 0.9897441842887565
25 1.2400000000000002 0.9910597507523725
26 1.2500000000000002 0.9922461530457186
27 1.2600000000000002 0.9932705278536664
28 1.2700000000000002 0.9943060451461866
29 1.2800000000000002 0.9951938142219694
30 1.2900000000000003 0.9959715217353214
31 1.3000000000000003 0.9924262249750114
32 1.3100000000000003 0.99523494192795
33 1.3200000000000003 0.996619522050434
34 1.3300000000000003 0.9952287599119517
35 1.3400000000000003 0.9955692989728174
36 1.3500000000000003 0.9752272272391194
37 1.3600000000000003 0.9987449852861565
38 1.3700000000000003 0.9987686613292668
39 1.3800000000000003 0.9987616873369305
40 1.3900000000000003 0.9987699769800175
41 1.4000000000000004 0.998760434892742
42 1.4100000000000004 0.998774772180126
43 1.4200000000000004 0.9815737196390969
44 1.4300000000000004 0.9889261581780389
45 1.4400000000000004 0.9987783202892014
46 1.4500000000000004 0.9987751461472578
47 1.4600000000000004 0.9987819449613639
48 1.4700000000000004 0.9987905614766118
49 1.4800000000000004 0.9987809795847843
50 1.4900000000000004 0.9987800346173533
51 1.5000000000000004 0.9987931803319844
52 1.5100000000000005 0.9987784768622185
53 1.5200000000000005 0.9987993236385537
54 1.5300000000000005 0.9987985857884236
55 1.5400000000000005 0.9988019497030521
56 1.5500000000000005 0.9988050355895918
57 1.5600000000000005 0.9988061331520532
58 1.5700000000000005 0.9988091221208837
59 1.5800000000000005 0.9987846858046903
60 1.5900000000000005 0.998787360297795
61 1.6000000000000005 0.9988153800120145
62 1.6100000000000005 0.998817424857124
63 1.6200000000000006 0.998818450047372
64 1.6300000000000006 0.9988222134064849
65 1.6400000000000006 0.9988223406820508
66 1.6500000000000006 0.9988249867776574
67 1.6600000000000006 0.9988269872193682
68 1.6700000000000006 0.9987937408567251
69 1.6800000000000006 0.9988298961388689
70 1.6900000000000006 0.9207353573883127
71 1.7000000000000006 0.9367478032611032
72 1.7100000000000006 0.9988003676256461
73 1.7200000000000006 0.998837855994901
74 1.7300000000000006 0.9988028949523835
75 1.7400000000000007 0.9988032290935562
76 1.7500000000000007 0.9988079846987225
77 1.7600000000000007 0.9988450046622294
78 1.7700000000000007 0.9988467741323708
79 1.7800000000000007 0.9988092660131656
80 1.7900000000000007 0.9988500099447876
81 1.8000000000000007 0.9988537908714368
82 1.8100000000000007 0.9988534334735392
83 1.8200000000000007 0.998814182185213
84 1.8300000000000007 0.9541907648724673
85 1.8400000000000007 0.9988193455165058
86 1.8500000000000008 0.9988624979042312
87 1.8600000000000008 0.9988194144158512
88 1.8700000000000008 0.9988234520276822
89 1.8800000000000008 0.9988204289781547
90 1.8900000000000008 0.9988703319532449
91 1.9000000000000008 0.9988265971888567
92 1.9100000000000008 0.9988676844636218
93 1.9200000000000008 0.9988314373610078
94 1.9300000000000008 0.9988338617502465
95 1.9400000000000008 0.9988772110805615
96 1.9500000000000008 0.9988817353099434
97 1.9600000000000009 0.9988835732461709
98 1.9700000000000009 0.9988870381436822
99 1.9800000000000009 0.9988889543378731
100 1.9900000000000009 0.9988904629341366
210
1 1.0 0.9360354243339836
2 1.01 0.93900909354053
3 1.02 0.942008006398866
4 1.03 0.9449076300267301
5 1.04 0.947528415971049
6 1.05 0.950562327280538
7 1.06 0.9532549589892034
8 1.07 0.9559465192965048
9 1.08 0.9585743953501361
10 1.09 0.9610761702623671
11 1.1 0.9635853157876316
12 1.11 0.9659961915218719
13 1.12 0.9682819759844504
14 1.1300000000000001 0.970588544218492
15 1.1400000000000001 0.9725885707257169
16 1.1500000000000001 0.9746341451549795
17 1.1600000000000001 0.9766221145141848
18 1.1700000000000002 0.9788317076981607
19 1.1800000000000002 0.9806840614395435
20 1.1900000000000002 0.9824826954168612
21 1.2000000000000002 0.9841816704957846
22 1.2100000000000002 0.9839662702166493
23 1.2200000000000002 0.9873101577327724
24 1.2300000000000002 0.9880440835487097
25 1.2400000000000002 0.9900788939420536
26 1.2500000000000002 0.991012196795439
27 1.2600000000000002 0.9924511237662784
28 1.2700000000000002 0.9922113527305738
29 1.2800000000000002 0.9422774448713254
30 1.2900000000000003 0.9952389216415509
31 1.3000000000000003 0.9961319946446432
32 1.3100000000000003 0.9968113854545417
33 1.3200000000000003 0.9948045197534268
34 1.3300000000000003 0.9978609254665821
35 1.3400000000000003 0.9942788348366368
36 1.3500000000000003 0.9985113116951921
37 1.3600000000000003 0.9230451012710834
38 1.3700000000000003 0.9987580528106982
39 1.3800000000000003 0.9987390771442202
40 1.3900000000000003 0.9987542394668779
41 1.4000000000000004 0.9979053684796347
42 1.4100000000000004 0.9986444461351354
43 1.4200000000000004 0.8102755674645249
44 1.4300000000000004 0.9987675273892437
45 1.4400000000000004 0.9987697478815906
46 1.4500000000000004 0.9987696482510826
47 1.4600000000000004 0.9987815734227574
48 1.4700000000000004 0.9987681024739132
49 1.4800000000000004 0.9987757630387201
50 1.4900000000000004 0.9987725175572779
51 1.5000000000000004 0.9987709405357775
52 1.5100000000000005 0.9987769413147752
53 1.5200000000000005 0.998789922261346
54 1.5300000000000005 0.9987933706918413
55 1.5400000000000005 0.9987747183244927
56 1.5500000000000005 0.9987981081539193
57 1.5600000000000005 0.9988002158332582
58 1.5700000000000005 0.998785362069979
59 1.5800000000000005 0.9988017993513015
60 1.5900000000000005 0.9988039486114334
61 1.6000000000000005 0.9988056922858869
62 1.6100000000000005 0.9987810738288047
63 1.6200000000000006 0.9988096086393851
64 1.6300000000000006 0.9988126647841825
65 1.6400000000000006 0.9988131888811016
66 1.6500000000000006 0.9987846306687204
67 1.6600000000000006 0.9988176426335666
68 1.6700000000000006 0.9988189969038305
69 1.6800000000000006 0.9979144042765666
70 1.6900000000000006 0.9987896056906092
71 1.7000000000000006 0.9987881759655354
72 1.7100000000000006 0.9988252951896063
73 1.7200000000000006 0.9988275574990936
74 1.7300000000000006 0.9988302878278272
75 1.7400000000000007 0.9987961507287056
76 1.7500000000000007 0.9987947523720793
77 1.7600000000000007 0.9988014539820085
78 1.7700000000000007 0.9988001007433418
79 1.7800000000000007 0.9988389026637
80 1.7900000000000007 0.9988421770193388
81 1.8000000000000007 0.99880399996498
82 1.8100000000000007 0.9988278566232335
83 1.8200000000000007 0.998844914078597
84 1.8300000000000007 0.9988477427522878
85 1.8400000000000007 0.9988125592671848
86 1.8500000000000008 0.9988532970031255
87 1.8600000000000008 0.9988553585463061
88 1.8700000000000008 0.9988573157081336
89 1.8800000000000008 0.9988155655105008
90 1.8900000000000008 0.9988192372155527
91 1.9000000000000008 0.9988159531217675
92 1.9100000000000008 0.9988192141355874
93 1.9200000000000008 0.9988507164397237
94 1.9300000000000008 0.9419277378671772
95 1.9400000000000008 0.9988229065618319
96 1.9500000000000008 0.9988696847976825
97 1.9600000000000009 0.9988735607784457
98 1.9700000000000009 0.9988748892743378
99 1.9800000000000009 0.9988777403264002
100 1.9900000000000009 0.9988784330132506
220
1 1.0 0.9335412950104479
2 1.01 0.9366033774600393
3 1.02 0.9395963056115197
4 1.03 0.9425748935478351
5 1.04 0.9454805953220123
6 1.05 0.9483261524448837
7 1.06 0.9511232778055478
8 1.07 0.9538251268457714
9 1.08 0.9564777113114775
10 1.09 0.9590777894055854
11 1.1 0.9616387823713335
12 1.11 0.9627744994098385
13 1.12 0.966513467995732
14 1.1300000000000001 0.9688330030342611
15 1.1400000000000001 0.970956020880402
16 1.1500000000000001 0.973249670492677
17 1.1600000000000001 0.9753431358969711
18 1.1700000000000002 0.9773444713110486
19 1.1800000000000002 0.9747385458106708
20 1.1900000000000002 0.9809573186947166
21 1.2000000000000002 0.9811075950043013
22 1.2100000000000002 0.9845675355734863
23 1.2200000000000002 0.9858213982461227
24 1.2300000000000002 0.9875228175735327
25 1.2400000000000002 0.9889162092690158
26 1.2500000000000002 0.990387694171737
27 1.2600000000000002 0.9916120902429489
28 1.2700000000000002 0.9923757732658746
29 1.2800000000000002 0.9937819489352882
30 1.2900000000000003 0.9943273090887523
31 1.3000000000000003 0.9909961051284325
32 1.3100000000000003 0.996314816773236
33 1.3200000000000003 0.995727938054714
34 1.3300000000000003 0.9961456927700374
35 1.3400000000000003 0.9979514121113924
36 1.3500000000000003 0.9967350887260333
37 1.3600000000000003 0.9985628767279131
38 1.3700000000000003 0.9935356230312776
39 1.3800000000000003 0.9986822301943473
40 1.3900000000000003 0.9986717295246391
41 1.4000000000000004 0.9987473319531884
42 1.4100000000000004 0.9735072868969621
43 1.4200000000000004 0.9987530755702592
44 1.4300000000000004 0.9987650284497246
45 1.4400000000000004 0.9987650010834683
46 1.4500000000000004 0.9987664100198512
47 1.4600000000000004 0.9987676298429972
48 1.4700000000000004 0.9987760234695269
49 1.4800000000000004 0.998778278507764
50 1.4900000000000004 0.9987654865392037
51 1.5000000000000004 0.9987648410974179
52 1.5100000000000005 0.9987695849838192
53 1.5200000000000005 0.9987655466623833
54 1.5300000000000005 0.9987841291549545
55 1.5400000000000005 0.9987868097068511
56 1.5500000000000005 0.9987891967198445
57 1.5600000000000005 0.998771021328286
58 1.5700000000000005 0.9987703044061298
59 1.5800000000000005 0.9486599956126615
60 1.5900000000000005 0.9987751025497085
61 1.6000000000000005 0.9987979380083198
62 1.6100000000000005 0.9987987524153293
63 1.6200000000000006 0.8354165953184506
64 1.6300000000000006 0.998777952771289
65 1.6400000000000006 0.9988054851682179
66 1.6500000000000006 0.9760629282035533
67 1.6600000000000006 0.9988107024000348
68 1.6700000000000006 0.9987786466725707
69 1.6800000000000006 0.9988148355226989
70 1.6900000000000006 0.9988154713064628
71 1.7000000000000006 0.9987821119798723
72 1.7100000000000006 0.9988109778073849
73 1.7200000000000006 0.9987838198536767
74 1.7300000000000006 0.9988184394061052
75 1.7400000000000007 0.9987879555344813
76 1.7500000000000007 0.9987886867330981
77 1.7600000000000007 0.9987990869430482
78 1.7700000000000007 0.9988291447334297
79 1.7800000000000007 0.9988268083629684
80 1.7900000000000007 0.998792629158646
81 1.8000000000000007 0.9988351030938505
82 1.8100000000000007 0.9987973041184951
83 1.8200000000000007 0.9988377846034044
84 1.8300000000000007 0.998839725659578
85 1.8400000000000007 0.9988415609383055
86 1.8500000000000008 0.9988441744619085
87 1.8600000000000008 0.9982394630444006
88 1.8700000000000008 0.9988039289857645
89 1.8800000000000008 0.9988106890791622
90 1.8900000000000008 0.9988080422113786
91 1.9000000000000008 0.9988342877862743
92 1.9100000000000008 0.9988527933109423
93 1.9200000000000008 0.9988563588207925
94 1.9300000000000008 0.9988579416040638
95 1.9400000000000008 0.9988591857555675
96 1.9500000000000008 0.9988181742398068
97 1.9600000000000009 0.9988583777702286
98 1.9700000000000009 0.9988233751639849
99 1.9800000000000009 0.9988688202446497
100 1.9900000000000009 0.9988715388392987
230
1 1.0 0.9310130726000748
2 1.01 0.9341374429152906
3 1.02 0.9372006775339564
4 1.03 0.9402942902712997
5 1.04 0.943175485582537
6 1.05 0.9461522521866014
7 1.06 0.9490005321123424
8 1.07 0.9517302647004463
9 1.08 0.9544742634408742
10 1.09 0.9571634404294503
11 1.1 0.9597546870086472
12 1.11 0.9622765746035988
13 1.12 0.9618122434062873
14 1.1300000000000001 0.9668521783126938
15 1.1400000000000001 0.9690638926979293
16 1.1500000000000001 0.9716493586855428
17 1.1600000000000001 0.9738002628429422
18 1.1700000000000002 0.9738972633301465
19 1.1800000000000002 0.9773345223872136
20 1.1900000000000002 0.9797841155462755
21 1.2000000000000002 0.9816113918467937
22 1.2100000000000002 0.9823099896551507
23 1.2200000000000002 0.9849530489884935
24 1.2300000000000002 0.9865001418555802
25 1.2400000000000002 0.9579579279378945
26 1.2500000000000002 0.9893900295501913
27 1.2600000000000002 0.990683593832324
28 1.2700000000000002 0.9918827903781475
29 1.2800000000000002 0.9895058698892861
30 1.2900000000000003 0.9939665555937192
31 1.3000000000000003 0.9949454447474964
32 1.3100000000000003 0.9957357512171948
33 1.3200000000000003 0.9965043451590545
34 1.3300000000000003 0.9964123669426173
35 1.3400000000000003 0.9960057594914341
36 1.3500000000000003 0.998064560842917
37 1.3600000000000003 0.9983853642643165
38 1.3700000000000003 0.9986092867096981
39 1.3800000000000003 0.9849354378182112
40 1.3900000000000003 0.9987509395125398
41 1.4000000000000004 0.9984631707346464
42 1.4100000000000004 0.998752329825887
43 1.4200000000000004 0.9987542597805213
44 1.4300000000000004 0.9968649387732736
45 1.4400000000000004 0.998757001160296
46 1.4500000000000004 0.9987623053238026
47 1.4600000000000004 0.9987650719933493
48 1.4700000000000004 0.9987689991338545
49 1.4800000000000004 0.9987696268560257
50 1.4900000000000004 0.998761403534211
51 1.5000000000000004 0.9987591882796385
52 1.5100000000000005 0.9987773787604186
53 1.5200000000000005 0.9987753625960691
54 1.5300000000000005 0.9986614692449326
55 1.5400000000000005 0.9987788954788572
56 1.5500000000000005 0.9987626198762071
57 1.5600000000000005 0.9916584474480691
58 1.5700000000000005 0.9987779613058785
59 1.5800000000000005 0.9987658432633759
60 1.5900000000000005 0.9987888978608095
61 1.6000000000000005 0.9987671563033379
62 1.6100000000000005 0.9987939752066819
63 1.6200000000000006 0.9926987108353897
64 1.6300000000000006 0.9987695884456355
65 1.6400000000000006 0.9987709625459328
66 1.6500000000000006 0.9987998631982629
67 1.6600000000000006 0.9987706895978077
68 1.6700000000000006 0.998799851569028
69 1.6800000000000006 0.9987757140716386
70 1.6900000000000006 0.9988092002606676
71 1.7000000000000006 0.9988077826004298
72 1.7100000000000006 0.9987777453194341
73 1.7200000000000006 0.9987822079605655
74 1.7300000000000006 0.9988154388088326
75 1.7400000000000007 0.9987999695002057
76 1.7500000000000007 0.9988169178346856
77 1.7600000000000007 0.9988158390561541
78 1.7700000000000007 0.9988183959195578
79 1.7800000000000007 0.9988218605109861
80 1.7900000000000007 0.998785746327387
81 1.8000000000000007 0.9988265506218774
82 1.8100000000000007 0.9988164097514112
83 1.8200000000000007 0.9988300298470403
84 1.8300000000000007 0.9987983343610071
85 1.8400000000000007 0.9988343258942161
86 1.8500000000000008 0.9988294640027103
87 1.8600000000000008 0.998798775719818
88 1.8700000000000008 0.9987992615286287
89 1.8800000000000008 0.9988419920640917
90 1.8900000000000008 0.9988441391029873
91 1.9000000000000008 0.998846731372181
92 1.9100000000000008 0.9988083659427558
93 1.9200000000000008 0.9988471085866528
94 1.9300000000000008 0.9988479230406297
95 1.9400000000000008 0.998851391285353
96 1.9500000000000008 0.9988122841334687
97 1.9600000000000009 0.998854823340653
98 1.9700000000000009 0.998856728586658
99 1.9800000000000009 0.9988158409190986
100 1.9900000000000009 0.9988201234953817
240
1 1.0 0.9287542854706278
2 1.01 0.931832339459568
3 1.02 0.9349527832290808
4 1.03 0.9380762973059512
5 1.04 0.9410857770327286
6 1.05 0.9440330764833018
7 1.06 0.9469281166769171
8 1.07 0.9497627267409657
9 1.08 0.9525211248967931
10 1.09 0.883867298511549
11 1.1 0.9578918193071523
12 1.11 0.960430089406866
13 1.12 0.9629812229077964
14 1.1300000000000001 0.9652823310962326
15 1.1400000000000001 0.9674956893274866
16 1.1500000000000001 0.9700733369464237
17 1.1600000000000001 0.9722848663474766
18 1.1700000000000002 0.9744203196219151
19 1.1800000000000002 0.9764576200226432
20 1.1900000000000002 0.9784493961835562
21 1.2000000000000002 0.9800240962941609
22 1.2100000000000002 0.9615033926543503
23 1.2200000000000002 0.983864363526878
24 1.2300000000000002 0.9854018213579548
25 1.2400000000000002 0.9870358886229069
26 1.2500000000000002 0.9884875479624399
27 1.2600000000000002 0.9898327368307681
28 1.2700000000000002 0.9911148795029454
29 1.2800000000000002 0.992287241740713
30 1.2900000000000003 0.9933296974616717
31 1.3000000000000003 0.9943495740590017
32 1.3100000000000003 0.9952258560609522
33 1.3200000000000003 0.9960216173311376
34 1.3300000000000003 0.996709539579199
35 1.3400000000000003 0.997294702372034
36 1.3500000000000003 0.997790319286121
37 1.3600000000000003 0.9869030191679684
38 1.3700000000000003 0.9984526656686957
39 1.3800000000000003 0.9985198532459084
40 1.3900000000000003 0.9985438365485005
41 1.4000000000000004 0.9987299470067672
42 1.4100000000000004 0.9987457429166232
43 1.4200000000000004 0.9987486830161341
44 1.4300000000000004 0.9987499013099644
45 1.4400000000000004 0.9987506831526576
46 1.4500000000000004 0.9987563365967457
47 1.4600000000000004 0.998749685703405
48 1.4700000000000004 0.9987632456455094
49 1.4800000000000004 0.9987520468089818
50 1.4900000000000004 0.9987470086146797
51 1.5000000000000004 0.9987702621574159
52 1.5100000000000005 0.9987671409042339
53 1.5200000000000005 0.986867687760988
54 1.5300000000000005 0.9987683577935489
55 1.5400000000000005 0.9934411550679292
56 1.5500000000000005 0.9987570276258488
57 1.5600000000000005 0.9987768871820951
58 1.5700000000000005 0.9987213086676666
59 1.5800000000000005 0.9976246959851961
60 1.5900000000000005 0.9987594598886084
61 1.6000000000000005 0.9987834492369007
62 1.6100000000000005 0.9987882272887081
63 1.6200000000000006 0.9987868831352686
64 1.6300000000000006 0.9987900053309172
65 1.6400000000000006 0.9987637581707733
66 1.6500000000000006 0.9987662196464783
67 1.6600000000000006 0.9987928859559214
68 1.6700000000000006 0.9987672355812095
69 1.6800000000000006 0.9987988636752569
70 1.6900000000000006 0.9987687539289245
71 1.7000000000000006 0.9987711260953792
72 1.7100000000000006 0.9987707401266825
73 1.7200000000000006 0.9987707630785603
74 1.7300000000000006 0.9987724055727584
75 1.7400000000000007 0.998773214941139
76 1.7500000000000007 0.9988052670228429
77 1.7600000000000007 0.9987763601181003
78 1.7700000000000007 0.998814865733419
79 1.7800000000000007 0.9988133245117634
80 1.7900000000000007 0.9988117322035093
81 1.8000000000000007 0.998817956139599
82 1.8100000000000007 0.9988030275348552
83 1.8200000000000007 0.9988223581869088
84 1.8300000000000007 0.9987866456832032
85 1.8400000000000007 0.9987876336901248
86 1.8500000000000008 0.9988280999274047
87 1.8600000000000008 0.9988297353995431
88 1.8700000000000008 0.9988039942620246
89 1.8800000000000008 0.9662112523089605
90 1.8900000000000008 0.9987937969443739
91 1.9000000000000008 0.932236559470284
92 1.9100000000000008 0.9988379895882546
93 1.9200000000000008 0.9987999738731517
94 1.9300000000000008 0.9988411126053385
95 1.9400000000000008 0.935908476123366
96 1.9500000000000008 0.9988270533473226
97 1.9600000000000009 0.9988395950555657
98 1.9700000000000009 0.9988492984998409
99 1.9800000000000009 0.9988070010846847
100 1.9900000000000009 0.9988086432132138
250
1 1.0 0.9264342469332333
2 1.01 0.7739426815276037
3 1.02 0.9328103127371754
4 1.03 0.935912755866416
5 1.04 0.9389651679414741
6 1.05 0.9419092358564556
7 1.06 0.9448589202827349
8 1.07 0.9476833510785886
9 1.08 0.950610624446906
10 1.09 0.9533735689157332
11 1.1 0.9560227047265113
12 1.11 0.9586679375278924
13 1.12 0.953411352540721
14 1.1300000000000001 0.963753881869359
15 1.1400000000000001 0.966154892203403
16 1.1500000000000001 0.9684930716694957
17 1.1600000000000001 0.9707901124294818
18 1.1700000000000002 0.9708227772649712
19 1.1800000000000002 0.9748453299765134
20 1.1900000000000002 0.9770867628409116
21 1.2000000000000002 0.9790269639930815
22 1.2100000000000002 0.9778106457244014
23 1.2200000000000002 0.9827202052542326
24 1.2300000000000002 0.9842968905904875
25 1.2400000000000002 0.9859457211173803
26 1.2500000000000002 0.9875121297918801
27 1.2600000000000002 0.9889513522666892
28 1.2700000000000002 0.9902290234900212
29 1.2800000000000002 0.98941673706796
30 1.2900000000000003 0.9925240180903278
31 1.3000000000000003 0.9926408677508765
32 1.3100000000000003 0.9945807798872157
33 1.3200000000000003 0.9954959582563166
34 1.3300000000000003 0.9961862681625495
35 1.3400000000000003 0.9968300817388268
36 1.3500000000000003 0.9972356776351967
37 1.3600000000000003 0.7881159896155873
38 1.3700000000000003 0.9982888339188092
39 1.3800000000000003 0.9942335129100043
40 1.3900000000000003 0.9986726989222795
41 1.4000000000000004 0.9986972768442461
42 1.4100000000000004 0.998700684162269
43 1.4200000000000004 0.9987377101771325
44 1.4300000000000004 0.9987439882500737
45 1.4400000000000004 0.9987447595480561
46 1.4500000000000004 0.9047066871566461
47 1.4600000000000004 0.9987519575861387
48 1.4700000000000004 0.9939796614172863
49 1.4800000000000004 0.9987120056781525
50 1.4900000000000004 0.99875383788206
51 1.5000000000000004 0.9987648534701511
52 1.5100000000000005 0.9987616278066949
53 1.5200000000000005 0.9986032856947104
54 1.5300000000000005 0.9987513217870151
55 1.5400000000000005 0.9987696048868067
56 1.5500000000000005 0.9987574563595351
57 1.5600000000000005 0.9987709606206403
58 1.5700000000000005 0.998773991435905
59 1.5800000000000005 0.9987589732382389
60 1.5900000000000005 0.9984792751953423
61 1.6000000000000005 0.9987564276394437
62 1.6100000000000005 0.9987794646042488
63 1.6200000000000006 0.998759261205603
64 1.6300000000000006 0.9977661891538367
65 1.6400000000000006 0.9985797081603388
66 1.6500000000000006 0.998782370243898
67 1.6600000000000006 0.9987871348885402
68 1.6700000000000006 0.9987606042766106
69 1.6800000000000006 0.9987916366956495
70 1.6900000000000006 0.998793763952051
71 1.7000000000000006 0.9987638085981771
72 1.7100000000000006 0.9987670806391303
73 1.7200000000000006 0.9086033726074245
74 1.7300000000000006 0.9987668588061906
75 1.7400000000000007 0.9988031356155822
76 1.7500000000000007 0.9988052704189117
77 1.7600000000000007 0.998804606042977
78 1.7700000000000007 0.9987721513462546
79 1.7800000000000007 0.9656858593000627
80 1.7900000000000007 0.9988106173391963
81 1.8000000000000007 0.9988113905641914
82 1.8100000000000007 0.9689050287435691
83 1.8200000000000007 0.9988140491034133
84 1.8300000000000007 0.9987791339991929
85 1.8400000000000007 0.998819404972468
86 1.8500000000000008 0.9987967515594545
87 1.8600000000000008 0.9988248260013961
88 1.8700000000000008 0.9987865241655021
89 1.8800000000000008 0.9987863096240562
90 1.8900000000000008 0.9987892316420812
91 1.9000000000000008 0.9987893622222357
92 1.9100000000000008 0.9987903435076824
93 1.9200000000000008 0.9987919440373905
94 1.9300000000000008 0.998833987357656
95 1.9400000000000008 0.998836584740973
96 1.9500000000000008 0.9988364838560754
97 1.9600000000000009 0.9988370217409804
98 1.9700000000000009 0.9987990661290793
99 1.9800000000000009 0.9987997999619017
100 1.9900000000000009 0.9988101038218505
