,t,height,fid
0,0.20000000000000004,-20.0,0.2619053853872483
1,0.20000000000000004,-19.798994974874372,0.26391041292571865
2,0.20000000000000004,-19.597989949748744,0.2659512691097287
3,0.20000000000000004,-19.396984924623116,0.26802883496768903
4,0.20000000000000004,-19.195979899497488,0.27014404254607266
5,0.20000000000000004,-18.99497487437186,0.2722978603730722
6,0.20000000000000004,-18.79396984924623,0.2744912590314712
7,0.20000000000000004,-18.592964824120603,0.27672527005347397
8,0.20000000000000004,-18.391959798994975,0.2790009475490525
9,0.20000000000000004,-18.190954773869347,0.28131937773925647
10,0.20000000000000004,-17.98994974874372,0.2836816660703321
11,0.20000000000000004,-17.78894472361809,0.28608899122148235
12,0.20000000000000004,-17.587939698492463,0.2885425303422005
13,0.20000000000000004,-17.386934673366834,0.2910435246591101
14,0.20000000000000004,-17.185929648241206,0.2935932435551806
15,0.20000000000000004,-16.984924623115578,0.29619300656963116
16,0.20000000000000004,-16.78391959798995,0.2988441713507993
17,0.20000000000000004,-16.582914572864322,0.3015481464010083
18,0.20000000000000004,-16.381909547738694,0.3043063867395865
19,0.20000000000000004,-16.180904522613066,0.3071203769993964
20,0.20000000000000004,-15.979899497487438,0.3099916661976363
21,0.20000000000000004,-15.77889447236181,0.31292186275070905
22,0.20000000000000004,-15.577889447236181,0.3159126164108652
23,0.20000000000000004,-15.376884422110553,0.31896561920747424
24,0.20000000000000004,-15.175879396984925,0.32208213701077437
25,0.20000000000000004,-14.974874371859297,0.3252650000733468
26,0.20000000000000004,-14.773869346733669,0.32851556631752676
27,0.20000000000000004,-14.57286432160804,0.331835787920795
28,0.20000000000000004,-14.371859296482413,0.3352276639259625
29,0.20000000000000004,-14.170854271356784,0.3386932577951509
30,0.20000000000000004,-13.969849246231156,0.3422346888277481
31,0.20000000000000004,-13.768844221105528,0.34585415336711645
32,0.20000000000000004,-13.5678391959799,0.34955390324548025
33,0.20000000000000004,-13.366834170854272,0.35333627296313835
34,0.20000000000000004,-13.165829145728644,0.3572036611976742
35,0.20000000000000004,-12.964824120603016,0.3611585478774601
36,0.20000000000000004,-12.763819095477388,0.36520345639383156
37,0.20000000000000004,-12.56281407035176,0.3693410196469611
38,0.20000000000000004,-12.361809045226131,0.373574214056376
39,0.20000000000000004,-12.160804020100503,0.3779052025811168
40,0.20000000000000004,-11.959798994974873,0.38233711223726113
41,0.20000000000000004,-11.758793969849245,0.3868716645949172
42,0.20000000000000004,-11.557788944723617,0.39151416359853963
43,0.20000000000000004,-11.356783919597989,0.39626646653372516
44,0.20000000000000004,-11.15577889447236,0.40113166454238336
45,0.20000000000000004,-10.954773869346733,0.40611290557115015
46,0.20000000000000004,-10.753768844221105,0.4112133729482358
47,0.20000000000000004,-10.552763819095476,0.416436306584994
48,0.20000000000000004,-10.351758793969848,0.421784971369736
49,0.20000000000000004,-10.15075376884422,0.4272626636164574
50,0.20000000000000004,-9.949748743718592,0.43287269943918355
51,0.20000000000000004,-9.748743718592964,0.4386183848426077
52,0.20000000000000004,-9.547738693467336,0.4445030063064359
53,0.20000000000000004,-9.346733668341708,0.45052923551924307
54,0.20000000000000004,-9.14572864321608,0.456701442353041
55,0.20000000000000004,-8.944723618090451,0.4630220635471482
56,0.20000000000000004,-8.743718592964823,0.46949415008432926
57,0.20000000000000004,-8.542713567839195,0.4761197825833272
58,0.20000000000000004,-8.341708542713567,0.4829031079708903
59,0.20000000000000004,-8.140703517587939,0.4898458093678139
60,0.20000000000000004,-7.939698492462311,0.4969500260683572
61,0.20000000000000004,-7.738693467336683,0.5042175680653723
62,0.20000000000000004,-7.537688442211055,0.5116498390142501
63,0.20000000000000004,-7.3366834170854265,0.5192477919733336
64,0.20000000000000004,-7.135678391959798,0.5270118384663889
65,0.20000000000000004,-6.93467336683417,0.5349417371633388
66,0.20000000000000004,-6.733668341708542,0.5430365794933325
67,0.20000000000000004,-6.532663316582914,0.5512945843247749
68,0.20000000000000004,-6.331658291457286,0.5597130910810141
69,0.20000000000000004,-6.130653266331658,0.5682883787540224
70,0.20000000000000004,-5.92964824120603,0.5770155599997947
71,0.20000000000000004,-5.7286432160804015,0.585888447533528
72,0.20000000000000004,-5.527638190954773,0.5948994451281245
73,0.20000000000000004,-5.326633165829145,0.6040393356405911
74,0.20000000000000004,-5.125628140703517,0.6132972399861905
75,0.20000000000000004,-4.924623115577889,0.6226603667812404
76,0.20000000000000004,-4.723618090452261,0.6321139780751236
77,0.20000000000000004,-4.522613065326633,0.6416411407024959
78,0.20000000000000004,-4.321608040201005,0.6512227355490325
79,0.20000000000000004,-4.1206030150753765,0.6608372001346415
80,0.20000000000000004,-3.9195979899497466,0.6704605888716878
81,0.20000000000000004,-3.7185929648241185,0.6800663979404145
82,0.20000000000000004,-3.5175879396984904,0.6896256125088865
83,0.20000000000000004,-3.3165829145728623,0.6991066665327574
84,0.20000000000000004,-3.115577889447234,0.7084754963235947
85,0.20000000000000004,-2.914572864321606,0.7176956636328905
86,0.20000000000000004,-2.713567839195978,0.7267276140696
87,0.20000000000000004,-2.5125628140703498,0.7355324241932648
88,0.20000000000000004,-2.3115577889447216,0.7440667697753892
89,0.20000000000000004,-2.1105527638190935,0.7522867333787859
90,0.20000000000000004,-1.9095477386934654,0.7601474338656806
91,0.20000000000000004,-1.7085427135678373,0.7676033346083774
92,0.20000000000000004,-1.5075376884422091,0.7746088344484077
93,0.20000000000000004,-1.306532663316581,0.7811188045508983
94,0.20000000000000004,-1.105527638190953,0.7870891075661098
95,0.20000000000000004,-0.9045226130653248,0.7924773313805847
96,0.20000000000000004,-0.7035175879396967,0.7972432610796021
97,0.20000000000000004,-0.5025125628140685,0.8013496160804403
98,0.20000000000000004,-0.3015075376884404,0.8047626386951513
99,0.20000000000000004,-0.10050251256281229,0.8074525011540861
100,0.20000000000000004,0.10050251256281584,0.8093941198508676
101,0.20000000000000004,0.30150753768844396,0.8105676698697188
102,0.20000000000000004,0.5025125628140721,0.8109585182434459
103,0.20000000000000004,0.7035175879397002,0.8105577188801281
104,0.20000000000000004,0.9045226130653283,0.8093623310743109
105,0.20000000000000004,1.1055276381909565,0.8073754271382713
106,0.20000000000000004,1.3065326633165846,0.804606051674269
107,0.20000000000000004,1.5075376884422127,0.8010691333088368
108,0.20000000000000004,1.7085427135678408,0.7967852074768514
109,0.20000000000000004,1.909547738693469,0.7917801183852572
110,0.20000000000000004,2.110552763819097,0.7860845114597298
111,0.20000000000000004,2.311557788944725,0.7797334867369622
112,0.20000000000000004,2.5125628140703533,0.7727658178851277
113,0.20000000000000004,2.7135678391959814,0.7652235495505811
114,0.20000000000000004,2.9145728643216096,0.7571512079189828
115,0.20000000000000004,3.1155778894472377,0.7485952047134778
116,0.20000000000000004,3.316582914572866,0.7396031765135346
117,0.20000000000000004,3.517587939698494,0.7302233517928786
118,0.20000000000000004,3.718592964824122,0.7205039415939598
119,0.20000000000000004,3.91959798994975,0.710493461798768
120,0.20000000000000004,4.120603015075378,0.7002366933387036
121,0.20000000000000004,4.321608040201006,0.6897795768943229
122,0.20000000000000004,4.5226130653266345,0.6791652327407058
123,0.20000000000000004,4.723618090452263,0.668434602496779
124,0.20000000000000004,4.924623115577891,0.657626093152112
125,0.20000000000000004,5.125628140703519,0.6467755316780741
126,0.20000000000000004,5.326633165829147,0.6359159898062178
127,0.20000000000000004,5.527638190954775,0.6250776689061492
128,0.20000000000000004,5.728643216080403,0.6142879653433274
129,0.20000000000000004,5.929648241206031,0.6035714935912216
130,0.20000000000000004,6.1306532663316595,0.5929501061623649
131,0.20000000000000004,6.331658291457288,0.5824430586438513
132,0.20000000000000004,6.532663316582916,0.572067097662346
133,0.20000000000000004,6.733668341708544,0.5618366257521966
134,0.20000000000000004,6.934673366834172,0.5517638347098965
135,0.20000000000000004,7.1356783919598,0.5418589142575053
136,0.20000000000000004,7.336683417085428,0.5321301550455056
137,0.20000000000000004,7.537688442211056,0.5225841928691827
138,0.20000000000000004,7.7386934673366845,0.5132260974870433
139,0.20000000000000004,7.939698492462313,0.5040596028626898
140,0.20000000000000004,8.14070351758794,0.49508719218815583
141,0.20000000000000004,8.341708542713569,0.4863102873341352
142,0.20000000000000004,8.542713567839197,0.4777293386376732
143,0.20000000000000004,8.743718592964825,0.46934474664301384
144,0.20000000000000004,8.944723618090453,0.4611539332589218
145,0.20000000000000004,9.145728643216081,0.4531559724651149
146,0.20000000000000004,9.34673366834171,0.4453491781194022
147,0.20000000000000004,9.547738693467338,0.43772988730846357
148,0.20000000000000004,9.748743718592966,0.43029562043740704
149,0.20000000000000004,9.949748743718594,0.4230430844916128
150,0.20000000000000004,10.150753768844222,0.41596874750918883
151,0.20000000000000004,10.35175879396985,0.4090688850827646
152,0.20000000000000004,10.552763819095478,0.4023396413446801
153,0.20000000000000004,10.753768844221106,0.39577705040979194
154,0.20000000000000004,10.954773869346734,0.3893770629394998
155,0.20000000000000004,11.155778894472363,0.3831358998335143
156,0.20000000000000004,11.35678391959799,0.3770488723387331
157,0.20000000000000004,11.557788944723619,0.3711127757997444
158,0.20000000000000004,11.758793969849247,0.36532236604657625
159,0.20000000000000004,11.959798994974875,0.3596742059811749
160,0.20000000000000004,12.160804020100507,0.35416431973204643
161,0.20000000000000004,12.361809045226131,0.3487887730936207
162,0.20000000000000004,12.562814070351763,0.34354373964744916
163,0.20000000000000004,12.763819095477388,0.3384254299410467
164,0.20000000000000004,12.96482412060302,0.33343017122905494
165,0.20000000000000004,13.165829145728644,0.3285543380934813
166,0.20000000000000004,13.366834170854275,0.3237944389871659
167,0.20000000000000004,13.5678391959799,0.3191470206653148
168,0.20000000000000004,13.768844221105532,0.31460927465319644
169,0.20000000000000004,13.969849246231156,0.31017693890665765
170,0.20000000000000004,14.170854271356788,0.3058473844148397
171,0.20000000000000004,14.371859296482413,0.3016175573987368
172,0.20000000000000004,14.572864321608044,0.29748448915104114
173,0.20000000000000004,14.773869346733669,0.29344531887500086
174,0.20000000000000004,14.9748743718593,0.289497258684487
175,0.20000000000000004,15.175879396984925,0.2856376165140545
176,0.20000000000000004,15.376884422110557,0.28186378120833755
177,0.20000000000000004,15.577889447236181,0.2781732438039226
178,0.20000000000000004,15.778894472361813,0.2745635428250567
179,0.20000000000000004,15.979899497487438,0.27103233507499735
180,0.20000000000000004,16.18090452261307,0.26757731952813435
181,0.20000000000000004,16.381909547738694,0.264196303375368
182,0.20000000000000004,16.582914572864325,0.26088714039662775
183,0.20000000000000004,16.78391959798995,0.2576477755144879
184,0.20000000000000004,16.98492462311558,0.25447620569648943
185,0.20000000000000004,17.185929648241206,0.251370509384525
186,0.20000000000000004,17.386934673366838,0.24832881586340155
187,0.20000000000000004,17.587939698492463,0.24534932628957637
188,0.20000000000000004,17.788944723618094,0.2424302911307237
189,0.20000000000000004,17.98994974874372,0.23957003937324436
190,0.20000000000000004,18.19095477386935,0.23676693838644414
191,0.20000000000000004,18.391959798994975,0.23401941076996047
192,0.20000000000000004,18.592964824120607,0.23132594488326094
193,0.20000000000000004,18.79396984924623,0.22868505270946593
194,0.20000000000000004,18.994974874371863,0.22609532757839318
195,0.20000000000000004,19.195979899497488,0.22355538247550905
196,0.20000000000000004,19.39698492462312,0.22106389538418134
197,0.20000000000000004,19.597989949748744,0.2186195832593684
198,0.20000000000000004,19.798994974874375,0.216221181781016
199,0.20000000000000004,20.0,0.2138675040414599
