,t,height,fid
0,0.8000000000000002,-20.0,0.597677791196838
1,0.8000000000000002,-19.798994974874372,0.613830220323081
2,0.8000000000000002,-19.597989949748744,0.6296160087684319
3,0.8000000000000002,-19.396984924623116,0.6448062324920382
4,0.8000000000000002,-19.195979899497488,0.6591605878044858
5,0.8000000000000002,-18.99497487437186,0.6724495901620956
6,0.8000000000000002,-18.79396984924623,0.6844745507349652
7,0.8000000000000002,-18.592964824120603,0.6950855732389581
8,0.8000000000000002,-18.391959798994975,0.7041964708434056
9,0.8000000000000002,-18.190954773869347,0.7117932208950922
10,0.8000000000000002,-17.98994974874372,0.717933632557385
11,0.8000000000000002,-17.78894472361809,0.7227363927763112
12,0.8000000000000002,-17.587939698492463,0.7263659695523151
13,0.8000000000000002,-17.386934673366834,0.729002565540035
14,0.8000000000000002,-17.185929648241206,0.7308183502687224
15,0.8000000000000002,-16.984924623115578,0.7319506931146308
16,0.8000000000000002,-16.78391959798995,0.7324825986830799
17,0.8000000000000002,-16.582914572864322,0.7324332308928272
18,0.8000000000000002,-16.381909547738694,0.7317612697131266
19,0.8000000000000002,-16.180904522613066,0.7303805110118738
20,0.8000000000000002,-15.979899497487438,0.728185377409241
21,0.8000000000000002,-15.77889447236181,0.7250806943695665
22,0.8000000000000002,-15.577889447236181,0.7210098159571482
23,0.8000000000000002,-15.376884422110553,0.7159746693009468
24,0.8000000000000002,-15.175879396984925,0.7100378257433626
25,0.8000000000000002,-14.974874371859297,0.70331799562545
26,0.8000000000000002,-14.773869346733669,0.6959642738757441
27,0.8000000000000002,-14.57286432160804,0.6881277940386239
28,0.8000000000000002,-14.371859296482413,0.6799345715285019
29,0.8000000000000002,-14.170854271356784,0.6714680240228198
30,0.8000000000000002,-13.969849246231156,0.6627660425286768
31,0.8000000000000002,-13.768844221105528,0.6538329949623902
32,0.8000000000000002,-13.5678391959799,0.6446609427919104
33,0.8000000000000002,-13.366834170854272,0.6352520758379647
34,0.8000000000000002,-13.165829145728644,0.6256334183521444
35,0.8000000000000002,-12.964824120603016,0.6158590217083074
36,0.8000000000000002,-12.763819095477388,0.6060000107630785
37,0.8000000000000002,-12.56281407035176,0.5961285596831736
38,0.8000000000000002,-12.361809045226131,0.5863036395272375
39,0.8000000000000002,-12.160804020100503,0.576564991703841
40,0.8000000000000002,-11.959798994974873,0.5669364589453344
41,0.8000000000000002,-11.758793969849245,0.5574352155367971
42,0.8000000000000002,-11.557788944723617,0.5480803814598008
43,0.8000000000000002,-11.356783919597989,0.5388966003427514
44,0.8000000000000002,-11.15577889447236,0.5299118339015471
45,0.8000000000000002,-10.954773869346733,0.5211524872936487
46,0.8000000000000002,-10.753768844221105,0.5126399231572105
47,0.8000000000000002,-10.552763819095476,0.504390091058334
48,0.8000000000000002,-10.351758793969848,0.4964156317757162
49,0.8000000000000002,-10.15075376884422,0.4887279370817639
50,0.8000000000000002,-9.949748743718592,0.4813379243367267
51,0.8000000000000002,-9.748743718592964,0.4742555929236632
52,0.8000000000000002,-9.547738693467336,0.4674901532381307
53,0.8000000000000002,-9.346733668341708,0.46104701975327933
54,0.8000000000000002,-9.14572864321608,0.45493270328464347
55,0.8000000000000002,-8.944723618090451,0.44915266963407247
56,0.8000000000000002,-8.743718592964823,0.4437103202589027
57,0.8000000000000002,-8.542713567839195,0.4386101313242336
58,0.8000000000000002,-8.341708542713567,0.43385571015823293
59,0.8000000000000002,-8.140703517587939,0.4294505283543961
60,0.8000000000000002,-7.939698492462311,0.4253980527008129
61,0.8000000000000002,-7.738693467336683,0.4217019546469362
62,0.8000000000000002,-7.537688442211055,0.41836623257646444
63,0.8000000000000002,-7.3366834170854265,0.4153954087583128
64,0.8000000000000002,-7.135678391959798,0.4127946621846599
65,0.8000000000000002,-6.93467336683417,0.4105700488525282
66,0.8000000000000002,-6.733668341708542,0.40872863107441393
67,0.8000000000000002,-6.532663316582914,0.4072787067876989
68,0.8000000000000002,-6.331658291457286,0.4062299972412135
69,0.8000000000000002,-6.130653266331658,0.4055938634849161
70,0.8000000000000002,-5.92964824120603,0.4053835524457809
71,0.8000000000000002,-5.7286432160804015,0.40561447298849335
72,0.8000000000000002,-5.527638190954773,0.4063044714285135
73,0.8000000000000002,-5.326633165829145,0.40747421518327853
74,0.8000000000000002,-5.125628140703517,0.4091475294499296
75,0.8000000000000002,-4.924623115577889,0.4113518470666302
76,0.8000000000000002,-4.723618090452261,0.4141187373312166
77,0.8000000000000002,-4.522613065326633,0.4174844500787484
78,0.8000000000000002,-4.321608040201005,0.4214905798720964
79,0.8000000000000002,-4.1206030150753765,0.42618483200991586
80,0.8000000000000002,-3.9195979899497466,0.43162190264784656
81,0.8000000000000002,-3.7185929648241185,0.43786441353847483
82,0.8000000000000002,-3.5175879396984904,0.4449840605518655
83,0.8000000000000002,-3.3165829145728623,0.453062238729155
84,0.8000000000000002,-3.115577889447234,0.4621934414155587
85,0.8000000000000002,-2.914572864321606,0.47248341306155356
86,0.8000000000000002,-2.713567839195978,0.484051601335772
87,0.8000000000000002,-2.5125628140703498,0.49703443102777073
88,0.8000000000000002,-2.3115577889447216,0.511580711996221
89,0.8000000000000002,-2.1105527638190935,0.5278530670430589
90,0.8000000000000002,-1.9095477386934654,0.5460228152376821
91,0.8000000000000002,-1.7085427135678373,0.5662610283428169
92,0.8000000000000002,-1.5075376884422091,0.5887220394696957
93,0.8000000000000002,-1.306532663316581,0.6135151840525637
94,0.8000000000000002,-1.105527638190953,0.6406592963136064
95,0.8000000000000002,-0.9045226130653248,0.6700136639720772
96,0.8000000000000002,-0.7035175879396967,0.7011810338644544
97,0.8000000000000002,-0.5025125628140685,0.7333843143446067
98,0.8000000000000002,-0.3015075376884404,0.7653406931423961
99,0.8000000000000002,-0.10050251256281229,0.7951625386601429
100,0.8000000000000002,0.10050251256281584,0.8203730776555073
101,0.8000000000000002,0.30150753768844396,0.838103247816758
102,0.8000000000000002,0.5025125628140721,0.8455186390949359
103,0.8000000000000002,0.7035175879397002,0.8404269475063277
104,0.8000000000000002,0.9045226130653283,0.821893326363427
105,0.8000000000000002,1.1055276381909565,0.7906154327474122
106,0.8000000000000002,1.3065326633165846,0.7488616278027297
107,0.8000000000000002,1.5075376884422127,0.6999593837567467
108,0.8000000000000002,1.7085427135678408,0.647529503131332
109,0.8000000000000002,1.909547738693469,0.5947823475593196
110,0.8000000000000002,2.110552763819097,0.5440888608755122
111,0.8000000000000002,2.311557788944725,0.49689300487973814
112,0.8000000000000002,2.5125628140703533,0.453862113894808
113,0.8000000000000002,2.7135678391959814,0.41512073688043455
114,0.8000000000000002,2.9145728643216096,0.38048548304487173
115,0.8000000000000002,3.1155778894472377,0.3496116437216936
116,0.8000000000000002,3.316582914572866,0.32210330984271135
117,0.8000000000000002,3.517587939698494,0.29756655319831926
118,0.8000000000000002,3.718592964824122,0.27563317416353444
119,0.8000000000000002,3.91959798994975,0.2559747699430536
120,0.8000000000000002,4.120603015075378,0.23830288048727022
121,0.8000000000000002,4.321608040201006,0.2223674085124104
122,0.8000000000000002,4.5226130653266345,0.20795282089273795
123,0.8000000000000002,4.723618090452263,0.19487416218047016
124,0.8000000000000002,4.924623115577891,0.18297158436176625
125,0.8000000000000002,5.125628140703519,0.1721088885835036
126,0.8000000000000002,5.326633165829147,0.16216720509003582
127,0.8000000000000002,5.527638190954775,0.1530449884239946
128,0.8000000000000002,5.728643216080403,0.1446538678169426
129,0.8000000000000002,5.929648241206031,0.13691702770992167
130,0.8000000000000002,6.1306532663316595,0.12976750071502444
131,0.8000000000000002,6.331658291457288,0.12314666892401885
132,0.8000000000000002,6.532663316582916,0.11700316055524329
133,0.8000000000000002,6.733668341708544,0.1112922254923751
134,0.8000000000000002,6.934673366834172,0.10597296929127442
135,0.8000000000000002,7.1356783919598,0.10101014197273314
136,0.8000000000000002,7.336683417085428,0.09637290788164173
137,0.8000000000000002,7.537688442211056,0.09203245117161882
138,0.8000000000000002,7.7386934673366845,0.08796291286406006
139,0.8000000000000002,7.939698492462313,0.08414359056461797
140,0.8000000000000002,8.14070351758794,0.08055846256593951
141,0.8000000000000002,8.341708542713569,0.07718633755935174
142,0.8000000000000002,8.542713567839197,0.07399786089598395
143,0.8000000000000002,8.743718592964825,0.07097756460955913
144,0.8000000000000002,8.944723618090453,0.06814008173899824
145,0.8000000000000002,9.145728643216081,0.06550072092463435
146,0.8000000000000002,9.34673366834171,0.06301586971110851
147,0.8000000000000002,9.547738693467338,0.060587447409136255
148,0.8000000000000002,9.748743718592966,0.05817438845540388
149,0.8000000000000002,9.949748743718594,0.05589317644883238
150,0.8000000000000002,10.150753768844222,0.05393641990754264
151,0.8000000000000002,10.35175879396985,0.05232873103580475
152,0.8000000000000002,10.552763819095478,0.05078180355690613
153,0.8000000000000002,10.753768844221106,0.04888306016407931
154,0.8000000000000002,10.954773869346734,0.04651509463535274
155,0.8000000000000002,11.155778894472363,0.04410866512319936
156,0.8000000000000002,11.35678391959799,0.042406684127884155
157,0.8000000000000002,11.557788944723619,0.0418579275769214
158,0.8000000000000002,11.758793969849247,0.042121353687808095
159,0.8000000000000002,11.959798994974875,0.04213339003835224
160,0.8000000000000002,12.160804020100507,0.040763546586347184
161,0.8000000000000002,12.361809045226131,0.0376263730014958
162,0.8000000000000002,12.562814070351763,0.033484687119295614
163,0.8000000000000002,12.763819095477388,0.02994120692731528
164,0.8000000000000002,12.96482412060302,0.028587651172383856
165,0.8000000000000002,13.165829145728644,0.030095972382556763
166,0.8000000000000002,13.366834170854275,0.03376413946243251
167,0.8000000000000002,13.5678391959799,0.03775272262246148
168,0.8000000000000002,13.768844221105532,0.039882069901656284
169,0.8000000000000002,13.969849246231156,0.038592282140342556
170,0.8000000000000002,14.170854271356788,0.03363887951394803
171,0.8000000000000002,14.371859296482413,0.026233387681032845
172,0.8000000000000002,14.572864321608044,0.01861856653759723
173,0.8000000000000002,14.773869346733669,0.013274440304255453
174,0.8000000000000002,14.9748743718593,0.012069813575171331
175,0.8000000000000002,15.175879396984925,0.015660450847489328
176,0.8000000000000002,15.376884422110557,0.023299686666188275
177,0.8000000000000002,15.577889447236181,0.03308234782534316
178,0.8000000000000002,15.778894472361813,0.04250548481837323
179,0.8000000000000002,15.979899497487438,0.04915057026255523
180,0.8000000000000002,16.18090452261307,0.05129440200834669
181,0.8000000000000002,16.381909547738694,0.04829729346108506
182,0.8000000000000002,16.582914572864325,0.04070100482893018
183,0.8000000000000002,16.78391959798995,0.030054552705795497
184,0.8000000000000002,16.98492462311558,0.01853422049901477
185,0.8000000000000002,17.185929648241206,0.008472954174335478
186,0.8000000000000002,17.386934673366838,0.0019023516135127396
187,0.8000000000000002,17.587939698492463,0.0001991231618915838
188,0.8000000000000002,17.788944723618094,0.003884287578557918
189,0.8000000000000002,17.98994974874372,0.012593616052925454
190,0.8000000000000002,18.19095477386935,0.025198309193202685
191,0.8000000000000002,18.391959798994975,0.04003515033176267
192,0.8000000000000002,18.592964824120607,0.05519020141780019
193,0.8000000000000002,18.79396984924623,0.06879475483493323
194,0.8000000000000002,18.994974874371863,0.07928201313163569
195,0.8000000000000002,19.195979899497488,0.08556652593431398
196,0.8000000000000002,19.39698492462312,0.08713528156724895
197,0.8000000000000002,19.597989949748744,0.08405785821558708
198,0.8000000000000002,19.798994974874375,0.07693931663167439
199,0.8000000000000002,20.0,0.06681674205952057
