,t,height,fid
0,0.5000000000000001,-20.0,0.2698001823565969
1,0.5000000000000001,-19.798994974874372,0.26905817466323684
2,0.5000000000000001,-19.597989949748744,0.2683526803256948
3,0.5000000000000001,-19.396984924623116,0.26767332431959
4,0.5000000000000001,-19.195979899497488,0.2670151544784488
5,0.5000000000000001,-18.99497487437186,0.2663787668678522
6,0.5000000000000001,-18.79396984924623,0.26576915550850905
7,0.5000000000000001,-18.592964824120603,0.2651936954311898
8,0.5000000000000001,-18.391959798994975,0.26465988501430004
9,0.5000000000000001,-18.190954773869347,0.2641735361798696
10,0.5000000000000001,-17.98994974874372,0.2637377272665284
11,0.5000000000000001,-17.78894472361809,0.2633527295982989
12,0.5000000000000001,-17.587939698492463,0.2630167956066854
13,0.5000000000000001,-17.386934673366834,0.2627272851779699
14,0.5000000000000001,-17.185929648241206,0.2624818485383543
15,0.5000000000000001,-16.984924623115578,0.2622792155274578
16,0.5000000000000001,-16.78391959798995,0.2621194693516781
17,0.5000000000000001,-16.582914572864322,0.2620037905586207
18,0.5000000000000001,-16.381909547738694,0.26193391409017985
19,0.5000000000000001,-16.180904522613066,0.26191163972175663
20,0.5000000000000001,-15.979899497487438,0.2619383811719687
21,0.5000000000000001,-15.77889447236181,0.26201510565225156
22,0.5000000000000001,-15.577889447236181,0.2621424419442604
23,0.5000000000000001,-15.376884422110553,0.2623208925367124
24,0.5000000000000001,-15.175879396984925,0.26255110856136993
25,0.5000000000000001,-14.974874371859297,0.26283391552324314
26,0.5000000000000001,-14.773869346733669,0.26317038499607576
27,0.5000000000000001,-14.57286432160804,0.2635617618934745
28,0.5000000000000001,-14.371859296482413,0.26400935696588007
29,0.5000000000000001,-14.170854271356784,0.26451452554707255
30,0.5000000000000001,-13.969849246231156,0.26507866381280853
31,0.5000000000000001,-13.768844221105528,0.2657032003344475
32,0.5000000000000001,-13.5678391959799,0.2663896804482087
33,0.5000000000000001,-13.366834170854272,0.2671397431170457
34,0.5000000000000001,-13.165829145728644,0.26795512731523086
35,0.5000000000000001,-12.964824120603016,0.2688377125800659
36,0.5000000000000001,-12.763819095477388,0.2697894969340506
37,0.5000000000000001,-12.56281407035176,0.2708125955889525
38,0.5000000000000001,-12.361809045226131,0.2719092600634295
39,0.5000000000000001,-12.160804020100503,0.2730818809732018
40,0.5000000000000001,-11.959798994974873,0.2743330083103313
41,0.5000000000000001,-11.758793969849245,0.27566535721563545
42,0.5000000000000001,-11.557788944723617,0.2770818194216035
43,0.5000000000000001,-11.356783919597989,0.2785854685581766
44,0.5000000000000001,-11.15577889447236,0.28017958581478314
45,0.5000000000000001,-10.954773869346733,0.28186767629281656
46,0.5000000000000001,-10.753768844221105,0.2836534743735386
47,0.5000000000000001,-10.552763819095476,0.2855409676482874
48,0.5000000000000001,-10.351758793969848,0.28753441240183947
49,0.5000000000000001,-10.15075376884422,0.28963837671058035
50,0.5000000000000001,-9.949748743718592,0.29185771387114645
51,0.5000000000000001,-9.748743718592964,0.294197661210012
52,0.5000000000000001,-9.547738693467336,0.2966638024804699
53,0.5000000000000001,-9.346733668341708,0.29926211155913013
54,0.5000000000000001,-9.14572864321608,0.301999029307105
55,0.5000000000000001,-8.944723618090451,0.3048814439053382
56,0.5000000000000001,-8.743718592964823,0.3079167575331926
57,0.5000000000000001,-8.542713567839195,0.3111129244989104
58,0.5000000000000001,-8.341708542713567,0.31447850732241905
59,0.5000000000000001,-8.140703517587939,0.3180227042953825
60,0.5000000000000001,-7.939698492462311,0.32175492522826143
61,0.5000000000000001,-7.738693467336683,0.32568687932107976
62,0.5000000000000001,-7.537688442211055,0.329829589013474
63,0.5000000000000001,-7.3366834170854265,0.3341955136723739
64,0.5000000000000001,-7.135678391959798,0.3387980899531713
65,0.5000000000000001,-6.93467336683417,0.3436518554156313
66,0.5000000000000001,-6.733668341708542,0.34877253916420103
67,0.5000000000000001,-6.532663316582914,0.35417713550730967
68,0.5000000000000001,-6.331658291457286,0.35988407077542095
69,0.5000000000000001,-6.130653266331658,0.36591325757995674
70,0.5000000000000001,-5.92964824120603,0.37228717599201133
71,0.5000000000000001,-5.7286432160804015,0.3790268382728455
72,0.5000000000000001,-5.527638190954773,0.386158394756237
73,0.5000000000000001,-5.326633165829145,0.3937109426093435
74,0.5000000000000001,-5.125628140703517,0.40171281461212177
75,0.5000000000000001,-4.924623115577889,0.4101958523241937
76,0.5000000000000001,-4.723618090452261,0.4191942360783093
77,0.5000000000000001,-4.522613065326633,0.4287446182440312
78,0.5000000000000001,-4.321608040201005,0.438886050107183
79,0.5000000000000001,-4.1206030150753765,0.44965933773434746
80,0.5000000000000001,-3.9195979899497466,0.461109072809769
81,0.5000000000000001,-3.7185929648241185,0.4732796306276049
82,0.5000000000000001,-3.5175879396984904,0.4862162174928912
83,0.5000000000000001,-3.3165829145728623,0.4999660557160508
84,0.5000000000000001,-3.115577889447234,0.5145722737006384
85,0.5000000000000001,-2.914572864321606,0.5300746001367982
86,0.5000000000000001,-2.713567839195978,0.5465054782855799
87,0.5000000000000001,-2.5125628140703498,0.5638857338346157
88,0.5000000000000001,-2.3115577889447216,0.5822189006466685
89,0.5000000000000001,-2.1105527638190935,0.6014839413078084
90,0.5000000000000001,-1.9095477386934654,0.6216261362837269
91,0.5000000000000001,-1.7085427135678373,0.6425462772192759
92,0.5000000000000001,-1.5075376884422091,0.6640883530116389
93,0.5000000000000001,-1.306532663316581,0.6860265551644078
94,0.5000000000000001,-1.105527638190953,0.7080530527890961
95,0.5000000000000001,-0.9045226130653248,0.7297677157303378
96,0.5000000000000001,-0.7035175879396967,0.7506779997194212
97,0.5000000000000001,-0.5025125628140685,0.7701988233345657
98,0.5000000000000001,-0.3015075376884404,0.7876731990880097
99,0.5000000000000001,-0.10050251256281229,0.8024022559615239
100,0.5000000000000001,0.10050251256281584,0.8136900190269547
101,0.5000000000000001,0.30150753768844396,0.8208989183683776
102,0.5000000000000001,0.5025125628140721,0.8235099834520022
103,0.5000000000000001,0.7035175879397002,0.8211795518266688
104,0.5000000000000001,0.9045226130653283,0.8137825771187852
105,0.5000000000000001,1.1055276381909565,0.8014344618443145
106,0.5000000000000001,1.3065326633165846,0.7844861850908835
107,0.5000000000000001,1.5075376884422127,0.7634928026008758
108,0.5000000000000001,1.7085427135678408,0.7391600941460631
109,0.5000000000000001,1.909547738693469,0.7122795781772022
110,0.5000000000000001,2.110552763819097,0.683656970127385
111,0.5000000000000001,2.311557788944725,0.6540578606451283
112,0.5000000000000001,2.5125628140703533,0.6241591316985051
113,0.5000000000000001,2.7135678391959814,0.594523119098464
114,0.5000000000000001,2.9145728643216096,0.5655881687728029
115,0.5000000000000001,3.1155778894472377,0.5376730424617416
116,0.5000000000000001,3.316582914572866,0.5109905903522257
117,0.5000000000000001,3.517587939698494,0.48566598038085285
118,0.5000000000000001,3.718592964824122,0.46175666099950863
119,0.5000000000000001,3.91959798994975,0.439267742037761
120,0.5000000000000001,4.120603015075378,0.41816951050432577
121,0.5000000000000001,4.321608040201006,0.39840866503272676
122,0.5000000000000001,4.5226130653266345,0.3799209300829617
123,0.5000000000000001,4.723618090452263,0.3626286502083417
124,0.5000000000000001,4.924623115577891,0.34645401676035337
125,0.5000000000000001,5.125628140703519,0.331319979785854
126,0.5000000000000001,5.326633165829147,0.3171516771133349
127,0.5000000000000001,5.527638190954775,0.30387628808931305
128,0.5000000000000001,5.728643216080403,0.29142681641884993
129,0.5000000000000001,5.929648241206031,0.2797403053779974
130,0.5000000000000001,6.1306532663316595,0.26875847986208984
131,0.5000000000000001,6.331658291457288,0.25842760507444673
132,0.5000000000000001,6.532663316582916,0.24869830204311752
133,0.5000000000000001,6.733668341708544,0.2395253054522986
134,0.5000000000000001,6.934673366834172,0.23086718270205803
135,0.5000000000000001,7.1356783919598,0.2226859962887102
136,0.5000000000000001,7.336683417085428,0.2149470686617534
137,0.5000000000000001,7.537688442211056,0.2076186818497528
138,0.5000000000000001,7.7386934673366845,0.2006718051079417
139,0.5000000000000001,7.939698492462313,0.19407985485631477
140,0.5000000000000001,8.14070351758794,0.1878187971099058
141,0.5000000000000001,8.341708542713569,0.18186568247896778
142,0.5000000000000001,8.542713567839197,0.17620077067214138
143,0.5000000000000001,8.743718592964825,0.17080438383701704
144,0.5000000000000001,8.944723618090453,0.16565966055258755
145,0.5000000000000001,9.145728643216081,0.16075065710401512
146,0.5000000000000001,9.34673366834171,0.15606270177381526
147,0.5000000000000001,9.547738693467338,0.15158224478582297
148,0.5000000000000001,9.748743718592966,0.14729677126494856
149,0.5000000000000001,9.949748743718594,0.1431947135291408
150,0.5000000000000001,10.150753768844222,0.13926536346637544
151,0.5000000000000001,10.35175879396985,0.1354987916938249
152,0.5000000000000001,10.552763819095478,0.1318857807647805
153,0.5000000000000001,10.753768844221106,0.12841777254211909
154,0.5000000000000001,10.954773869346734,0.1250868115000522
155,0.5000000000000001,11.155778894472363,0.12188550604601965
156,0.5000000000000001,11.35678391959799,0.11880697682399594
157,0.5000000000000001,11.557788944723619,0.11584506768408696
158,0.5000000000000001,11.758793969849247,0.11299317021777484
159,0.5000000000000001,11.959798994974875,0.11024618708441723
160,0.5000000000000001,12.160804020100507,0.10759854418805369
161,0.5000000000000001,12.361809045226131,0.10504500851996035
162,0.5000000000000001,12.562814070351763,0.10258156758134093
163,0.5000000000000001,12.763819095477388,0.1002041362643665
164,0.5000000000000001,12.96482412060302,0.09790864409567578
165,0.5000000000000001,13.165829145728644,0.09569075959775354
166,0.5000000000000001,13.366834170854275,0.09354604917042934
167,0.5000000000000001,13.5678391959799,0.09147046238291442
168,0.5000000000000001,13.768844221105532,0.08946138061785296
169,0.5000000000000001,13.969849246231156,0.08751729168934799
170,0.5000000000000001,14.170854271356788,0.08563828417301843
171,0.5000000000000001,14.371859296482413,0.08382354021626248
172,0.5000000000000001,14.572864321608044,0.08206939020318336
173,0.5000000000000001,14.773869346733669,0.08036834606243794
174,0.5000000000000001,14.9748743718593,0.07871090791382516
175,0.5000000000000001,15.175879396984925,0.07708837099043202
176,0.5000000000000001,15.376884422110557,0.07549966953529595
177,0.5000000000000001,15.577889447236181,0.07395296662010699
178,0.5000000000000001,15.778894472361813,0.07246409679426558
179,0.5000000000000001,15.979899497487438,0.07104929878681053
180,0.5000000000000001,16.18090452261307,0.06971500034351247
181,0.5000000000000001,16.381909547738694,0.0684493954004199
182,0.5000000000000001,16.582914572864325,0.0672210003718308
183,0.5000000000000001,16.78391959798995,0.06598680289770362
184,0.5000000000000001,16.98492462311558,0.0647085091532222
185,0.5000000000000001,17.185929648241206,0.06337108672625487
186,0.5000000000000001,17.386934673366838,0.061995666040268196
187,0.5000000000000001,17.587939698492463,0.06064001421622819
188,0.5000000000000001,17.788944723618094,0.059384049571493125
189,0.5000000000000001,17.98994974874372,0.05830365033163658
190,0.5000000000000001,18.19095477386935,0.05744101534382803
191,0.5000000000000001,18.391959798994975,0.05678203170320885
192,0.5000000000000001,18.592964824120607,0.05624958793067865
193,0.5000000000000001,18.79396984924623,0.05571695338382652
194,0.5000000000000001,18.994974874371863,0.0550389580520997
195,0.5000000000000001,19.195979899497488,0.054092806936221954
196,0.5000000000000001,19.39698492462312,0.052817025498255794
197,0.5000000000000001,19.597989949748744,0.05123708479275005
198,0.5000000000000001,19.798994974874375,0.04946994192776488
199,0.5000000000000001,20.0,0.047703888666854634
