,t,height,fid
0,0.5500000000000002,-20.0,0.32475204610041125
1,0.5500000000000002,-19.798994974874372,0.32277991978038073
2,0.5500000000000002,-19.597989949748744,0.32080730654022294
3,0.5500000000000002,-19.396984924623116,0.3188240054813882
4,0.5500000000000002,-19.195979899497488,0.31683370809733297
5,0.5500000000000002,-18.99497487437186,0.3148539800829428
6,0.5500000000000002,-18.79396984924623,0.3129090705659821
7,0.5500000000000002,-18.592964824120603,0.31102425510023196
8,0.5500000000000002,-18.391959798994975,0.3092201745742045
9,0.5500000000000002,-18.190954773869347,0.30750904214083985
10,0.5500000000000002,-17.98994974874372,0.30589328487732786
11,0.5500000000000002,-17.78894472361809,0.3043668436690369
12,0.5500000000000002,-17.587939698492463,0.3029183402739461
13,0.5500000000000002,-17.386934673366834,0.30153516417485393
14,0.5500000000000002,-17.185929648241206,0.3002071669799423
15,0.5500000000000002,-16.984924623115578,0.29892897802900953
16,0.5500000000000002,-16.78391959798995,0.2977005119283284
17,0.5500000000000002,-16.582914572864322,0.29652580792390487
18,0.5500000000000002,-16.381909547738694,0.29541081627010396
19,0.5500000000000002,-16.180904522613066,0.294361152911178
20,0.5500000000000002,-15.979899497487438,0.2933804528468566
21,0.5500000000000002,-15.77889447236181,0.29246989362170983
22,0.5500000000000002,-15.577889447236181,0.29162862620019575
23,0.5500000000000002,-15.376884422110553,0.29085496945076994
24,0.5500000000000002,-15.175879396984925,0.2901474722381431
25,0.5500000000000002,-14.974874371859297,0.28950563132522417
26,0.5500000000000002,-14.773869346733669,0.28893004500907243
27,0.5500000000000002,-14.57286432160804,0.288422029076218
28,0.5500000000000002,-14.371859296482413,0.28798317194710127
29,0.5500000000000002,-14.170854271356784,0.2876148623269786
30,0.5500000000000002,-13.969849246231156,0.28731822526655987
31,0.5500000000000002,-13.768844221105528,0.28709415246615627
32,0.5500000000000002,-13.5678391959799,0.28694354660007787
33,0.5500000000000002,-13.366834170854272,0.2868674323339139
34,0.5500000000000002,-13.165829145728644,0.28686708681896234
35,0.5500000000000002,-12.964824120603016,0.2869439555247233
36,0.5500000000000002,-12.763819095477388,0.2870996404231876
37,0.5500000000000002,-12.56281407035176,0.2873358329253131
38,0.5500000000000002,-12.361809045226131,0.28765434852574207
39,0.5500000000000002,-12.160804020100503,0.2880570886955312
40,0.5500000000000002,-11.959798994974873,0.28854612680628566
41,0.5500000000000002,-11.758793969849245,0.28912368940582933
42,0.5500000000000002,-11.557788944723617,0.28979219209467016
43,0.5500000000000002,-11.356783919597989,0.2905542376206389
44,0.5500000000000002,-11.15577889447236,0.291412618942167
45,0.5500000000000002,-10.954773869346733,0.2923703482604789
46,0.5500000000000002,-10.753768844221105,0.2934306500040485
47,0.5500000000000002,-10.552763819095476,0.29459701656724074
48,0.5500000000000002,-10.351758793969848,0.2958731954784019
49,0.5500000000000002,-10.15075376884422,0.29726322952320267
50,0.5500000000000002,-9.949748743718592,0.2987714647430326
51,0.5500000000000002,-9.748743718592964,0.30040257524711894
52,0.5500000000000002,-9.547738693467336,0.3021616338568336
53,0.5500000000000002,-9.346733668341708,0.3040540721813129
54,0.5500000000000002,-9.14572864321608,0.30608576454948516
55,0.5500000000000002,-8.944723618090451,0.30826305740978693
56,0.5500000000000002,-8.743718592964823,0.31059279706500986
57,0.5500000000000002,-8.542713567839195,0.31308236540555967
58,0.5500000000000002,-8.341708542713567,0.3157397673772957
59,0.5500000000000002,-8.140703517587939,0.31857363670696504
60,0.5500000000000002,-7.939698492462311,0.3215928433217701
61,0.5500000000000002,-7.738693467336683,0.324808526547724
62,0.5500000000000002,-7.537688442211055,0.32823119353341634
63,0.5500000000000002,-7.3366834170854265,0.3318727609928736
64,0.5500000000000002,-7.135678391959798,0.33574619010382056
65,0.5500000000000002,-6.93467336683417,0.3398655792280099
66,0.5500000000000002,-6.733668341708542,0.34424623452730346
67,0.5500000000000002,-6.532663316582914,0.3489048428277605
68,0.5500000000000002,-6.331658291457286,0.3538595652353777
69,0.5500000000000002,-6.130653266331658,0.35913021459007494
70,0.5500000000000002,-5.92964824120603,0.36473838524110896
71,0.5500000000000002,-5.7286432160804015,0.37070853743223653
72,0.5500000000000002,-5.527638190954773,0.3770640468847107
73,0.5500000000000002,-5.326633165829145,0.3838350489520058
74,0.5500000000000002,-5.125628140703517,0.39105041556685677
75,0.5500000000000002,-4.924623115577889,0.39874592062608316
76,0.5500000000000002,-4.723618090452261,0.4069568247424591
77,0.5500000000000002,-4.522613065326633,0.4157227218329301
78,0.5500000000000002,-4.321608040201005,0.425086587502376
79,0.5500000000000002,-4.1206030150753765,0.43509486923255625
80,0.5500000000000002,-3.9195979899497466,0.4457975053359843
81,0.5500000000000002,-3.7185929648241185,0.4572473232220324
82,0.5500000000000002,-3.5175879396984904,0.4695017706653809
83,0.5500000000000002,-3.3165829145728623,0.4826183983385208
84,0.5500000000000002,-3.115577889447234,0.4966588642171411
85,0.5500000000000002,-2.914572864321606,0.5116821367841843
86,0.5500000000000002,-2.713567839195978,0.527744822034085
87,0.5500000000000002,-2.5125628140703498,0.5448965680577824
88,0.5500000000000002,-2.3115577889447216,0.5631744844428267
89,0.5500000000000002,-2.1105527638190935,0.5825955326611343
90,0.5500000000000002,-1.9095477386934654,0.6031463249371192
91,0.5500000000000002,-1.7085427135678373,0.6247698963821423
92,0.5500000000000002,-1.5075376884422091,0.6473492957912227
93,0.5500000000000002,-1.306532663316581,0.6706884953795617
94,0.5500000000000002,-1.105527638190953,0.6944917317235968
95,0.5500000000000002,-0.9045226130653248,0.7183437895205635
96,0.5500000000000002,-0.7035175879396967,0.7416944227564024
97,0.5500000000000002,-0.5025125628140685,0.7638577802307875
98,0.5500000000000002,-0.3015075376884404,0.7840194223709611
99,0.5500000000000002,-0.10050251256281229,0.8012743874933311
100,0.5500000000000002,0.10050251256281584,0.8146857469917708
101,0.5500000000000002,0.30150753768844396,0.8233663812317987
102,0.5500000000000002,0.5025125628140721,0.8265746090506686
103,0.5500000000000002,0.7035175879397002,0.8238086667983177
104,0.5500000000000002,0.9045226130653283,0.8148819588884347
105,0.5500000000000002,1.1055276381909565,0.7999617506420601
106,0.5500000000000002,1.3065326633165846,0.7795609404551261
107,0.5500000000000002,1.5075376884422127,0.7544823420211038
108,0.5500000000000002,1.7085427135678408,0.7257263785646202
109,0.5500000000000002,1.909547738693469,0.6943815229580881
110,0.5500000000000002,2.110552763819097,0.6615136927332692
111,0.5500000000000002,2.311557788944725,0.6280852173017447
112,0.5500000000000002,2.5125628140703533,0.5948960530375866
113,0.5500000000000002,2.7135678391959814,0.562561704449333
114,0.5500000000000002,2.9145728643216096,0.5315172723449373
115,0.5500000000000002,3.1155778894472377,0.5020393552863874
116,0.5500000000000002,3.316582914572866,0.4742764383175981
117,0.5500000000000002,3.517587939698494,0.44828137870378865
118,0.5500000000000002,3.718592964824122,0.42403763481913376
119,0.5500000000000002,3.91959798994975,0.4014836800967693
120,0.5500000000000002,4.120603015075378,0.3805357849020033
121,0.5500000000000002,4.321608040201006,0.36108960208988944
122,0.5500000000000002,4.5226130653266345,0.343037983442253
123,0.5500000000000002,4.723618090452263,0.3262743961723122
124,0.5500000000000002,4.924623115577891,0.310695779280078
125,0.5500000000000002,5.125628140703519,0.29620328911088567
126,0.5500000000000002,5.326633165829147,0.2827062412796009
127,0.5500000000000002,5.527638190954775,0.2701206027057389
128,0.5500000000000002,5.728643216080403,0.2583693699941506
129,0.5500000000000002,5.929648241206031,0.24738239459592049
130,0.5500000000000002,6.1306532663316595,0.23709590569758832
131,0.5500000000000002,6.331658291457288,0.22745207600067643
132,0.5500000000000002,6.532663316582916,0.2183985099102217
133,0.5500000000000002,6.733668341708544,0.20988774796748455
134,0.5500000000000002,6.934673366834172,0.20187682028404222
135,0.5500000000000002,7.1356783919598,0.1943267628717829
136,0.5500000000000002,7.336683417085428,0.18720258163763515
137,0.5500000000000002,7.537688442211056,0.18047157265949385
138,0.5500000000000002,7.7386934673366845,0.17410534027661873
139,0.5500000000000002,7.939698492462313,0.16807654919872966
140,0.5500000000000002,8.14070351758794,0.1623614809756033
141,0.5500000000000002,8.341708542713569,0.1569381272165428
142,0.5500000000000002,8.542713567839197,0.1517863724459281
143,0.5500000000000002,8.743718592964825,0.14688781292651146
144,0.5500000000000002,8.944723618090453,0.14222561735696468
145,0.5500000000000002,9.145728643216081,0.13778432546593744
146,0.5500000000000002,9.34673366834171,0.13354975288655646
147,0.5500000000000002,9.547738693467338,0.12950884959325137
148,0.5500000000000002,9.748743718592966,0.12564959134090758
149,0.5500000000000002,9.949748743718594,0.12196088709537767
150,0.5500000000000002,10.150753768844222,0.11843248815690463
151,0.5500000000000002,10.35175879396985,0.11505525050509931
152,0.5500000000000002,10.552763819095478,0.11182021487127669
153,0.5500000000000002,10.753768844221106,0.1087189310620822
154,0.5500000000000002,10.954773869346734,0.10574440610831856
155,0.5500000000000002,11.155778894472363,0.1028887654196441
156,0.5500000000000002,11.35678391959799,0.10014578522169007
157,0.5500000000000002,11.557788944723619,0.09750973586593867
158,0.5500000000000002,11.758793969849247,0.0949756412921282
159,0.5500000000000002,11.959798994974875,0.09253866069494925
160,0.5500000000000002,12.160804020100507,0.09019338520643065
161,0.5500000000000002,12.361809045226131,0.0879329216459165
162,0.5500000000000002,12.562814070351763,0.08575118418955487
163,0.5500000000000002,12.763819095477388,0.08364432953515023
164,0.5500000000000002,12.96482412060302,0.08161246265051893
165,0.5500000000000002,13.165829145728644,0.07965837191444097
166,0.5500000000000002,13.366834170854275,0.07778329343956746
167,0.5500000000000002,13.5678391959799,0.07598025028223467
168,0.5500000000000002,13.768844221105532,0.07423402478870468
169,0.5500000000000002,13.969849246231156,0.07252501029107138
170,0.5500000000000002,14.170854271356788,0.07084076513323578
171,0.5500000000000002,14.371859296482413,0.06918726529100491
172,0.5500000000000002,14.572864321608044,0.06759171337358505
173,0.5500000000000002,14.773869346733669,0.06609168959513187
174,0.5500000000000002,14.9748743718593,0.06471314287375071
175,0.5500000000000002,15.175879396984925,0.06344790064220138
176,0.5500000000000002,15.376884422110557,0.06224441854542348
177,0.5500000000000002,15.577889447236181,0.061020960482564016
178,0.5500000000000002,15.778894472361813,0.059699338382469935
179,0.5500000000000002,15.979899497487438,0.05824588473221292
180,0.5500000000000002,16.18090452261307,0.056700134385508034
181,0.5500000000000002,16.381909547738694,0.0551748431067614
182,0.5500000000000002,16.582914572864325,0.05382242983580406
183,0.5500000000000002,16.78391959798995,0.052777662108615696
184,0.5500000000000002,16.98492462311558,0.05209776559289513
185,0.5500000000000002,17.185929648241206,0.05172407433886944
186,0.5500000000000002,17.386934673366838,0.05148251325417784
187,0.5500000000000002,17.587939698492463,0.051126419858635704
188,0.5500000000000002,17.788944723618094,0.05040987039685649
189,0.5500000000000002,17.98994974874372,0.049168788413098616
190,0.5500000000000002,18.19095477386935,0.047382510780977695
191,0.5500000000000002,18.391959798994975,0.04519864829276771
192,0.5500000000000002,18.592964824120607,0.04290737917803877
193,0.5500000000000002,18.79396984924623,0.04087617594686045
194,0.5500000000000002,18.994974874371863,0.039459335879244856
195,0.5500000000000002,19.195979899497488,0.03890492298212394
196,0.5500000000000002,19.39698492462312,0.0392868894692745
197,0.5500000000000002,19.597989949748744,0.040475666499695355
198,0.5500000000000002,19.798994974874375,0.04215379332763037
199,0.5500000000000002,20.0,0.04387631689322164
