,t,height,fid
0,0.7000000000000002,-20.0,0.6526004964177733
1,0.7000000000000002,-19.798994974874372,0.6484332660723456
2,0.7000000000000002,-19.597989949748744,0.6439591235879589
3,0.7000000000000002,-19.396984924623116,0.6390497653790297
4,0.7000000000000002,-19.195979899497488,0.6336103287033029
5,0.7000000000000002,-18.99497487437186,0.6275936804229241
6,0.7000000000000002,-18.79396984924623,0.6210080067047185
7,0.7000000000000002,-18.592964824120603,0.6139163691606397
8,0.7000000000000002,-18.391959798994975,0.6064277776102313
9,0.7000000000000002,-18.190954773869347,0.5986812302022969
10,0.7000000000000002,-17.98994974874372,0.5908252903523946
11,0.7000000000000002,-17.78894472361809,0.5829955922624445
12,0.7000000000000002,-17.587939698492463,0.5752961733512559
13,0.7000000000000002,-17.386934673366834,0.567786052278038
14,0.7000000000000002,-17.185929648241206,0.5604757174553034
15,0.7000000000000002,-16.984924623115578,0.5533324720019318
16,0.7000000000000002,-16.78391959798995,0.5462948899925352
17,0.7000000000000002,-16.582914572864322,0.5392919809557013
18,0.7000000000000002,-16.381909547738694,0.5322633657436697
19,0.7000000000000002,-16.180904522613066,0.525175112915482
20,0.7000000000000002,-15.979899497487438,0.5180276322855316
21,0.7000000000000002,-15.77889447236181,0.5108540328598429
22,0.7000000000000002,-15.577889447236181,0.5037098233087034
23,0.7000000000000002,-15.376884422110553,0.4966573469101777
24,0.7000000000000002,-15.175879396984925,0.48975000814621206
25,0.7000000000000002,-14.974874371859297,0.48302098296014184
26,0.7000000000000002,-14.773869346733669,0.4764795659000256
27,0.7000000000000002,-14.57286432160804,0.4701163836699092
28,0.7000000000000002,-14.371859296482413,0.46391034402368464
29,0.7000000000000002,-14.170854271356784,0.45784444859689327
30,0.7000000000000002,-13.969849246231156,0.45191087317334255
31,0.7000000000000002,-13.768844221105528,0.4461149120125049
32,0.7000000000000002,-13.5678391959799,0.44046924547989535
33,0.7000000000000002,-13.366834170854272,0.43499093192418864
34,0.7000000000000002,-13.165829145728644,0.4296928561928956
35,0.7000000000000002,-12.964824120603016,0.424581292059949
36,0.7000000000000002,-12.763819095477388,0.4196564251911278
37,0.7000000000000002,-12.56281407035176,0.4149156321078062
38,0.7000000000000002,-12.361809045226131,0.41035689162961025
39,0.7000000000000002,-12.160804020100503,0.4059805710705814
40,0.7000000000000002,-11.959798994974873,0.4017891407482641
41,0.7000000000000002,-11.758793969849245,0.3977857179075431
42,0.7000000000000002,-11.557788944723617,0.39397269085589043
43,0.7000000000000002,-11.356783919597989,0.3903513185973611
44,0.7000000000000002,-11.15577889447236,0.3869221455370887
45,0.7000000000000002,-10.954773869346733,0.38368684971448563
46,0.7000000000000002,-10.753768844221105,0.38064388774622016
47,0.7000000000000002,-10.552763819095476,0.37779558458126494
48,0.7000000000000002,-10.351758793969848,0.375143227507133
49,0.7000000000000002,-10.15075376884422,0.37268788675319603
50,0.7000000000000002,-9.949748743718592,0.3704315842560862
51,0.7000000000000002,-9.748743718592964,0.3683756740394929
52,0.7000000000000002,-9.547738693467336,0.3665220815007625
53,0.7000000000000002,-9.346733668341708,0.364873061428691
54,0.7000000000000002,-9.14572864321608,0.3634311920183499
55,0.7000000000000002,-8.944723618090451,0.3621994900558199
56,0.7000000000000002,-8.743718592964823,0.36118136605138296
57,0.7000000000000002,-8.542713567839195,0.3603807566969851
58,0.7000000000000002,-8.341708542713567,0.3598021713243591
59,0.7000000000000002,-8.140703517587939,0.35945069838739124
60,0.7000000000000002,-7.939698492462311,0.3593321371977766
61,0.7000000000000002,-7.738693467336683,0.3594530634680973
62,0.7000000000000002,-7.537688442211055,0.3598208446579308
63,0.7000000000000002,-7.3366834170854265,0.36044383295218296
64,0.7000000000000002,-7.135678391959798,0.3613313665064503
65,0.7000000000000002,-6.93467336683417,0.3624939733766816
66,0.7000000000000002,-6.733668341708542,0.3639434086564752
67,0.7000000000000002,-6.532663316582914,0.365692867807388
68,0.7000000000000002,-6.331658291457286,0.3677571148672343
69,0.7000000000000002,-6.130653266331658,0.3701535315820697
70,0.7000000000000002,-5.92964824120603,0.3728988248874384
71,0.7000000000000002,-5.7286432160804015,0.3760139461615642
72,0.7000000000000002,-5.527638190954773,0.3795231757979975
73,0.7000000000000002,-5.326633165829145,0.3834517823068075
74,0.7000000000000002,-5.125628140703517,0.3878275170278247
75,0.7000000000000002,-4.924623115577889,0.3926851546608881
76,0.7000000000000002,-4.723618090452261,0.39805983003956075
77,0.7000000000000002,-4.522613065326633,0.4039922338260399
78,0.7000000000000002,-4.321608040201005,0.4105279701084142
79,0.7000000000000002,-4.1206030150753765,0.417718163361323
80,0.7000000000000002,-3.9195979899497466,0.42562008438076915
81,0.7000000000000002,-3.7185929648241185,0.4342978100479136
82,0.7000000000000002,-3.5175879396984904,0.44382293542182666
83,0.7000000000000002,-3.3165829145728623,0.45427464468697126
84,0.7000000000000002,-3.115577889447234,0.46574228676986223
85,0.7000000000000002,-2.914572864321606,0.4783217650547258
86,0.7000000000000002,-2.713567839195978,0.49212030106210986
87,0.7000000000000002,-2.5125628140703498,0.5072502951347109
88,0.7000000000000002,-2.3115577889447216,0.5238297321485017
89,0.7000000000000002,-2.1105527638190935,0.5419767167242729
90,0.7000000000000002,-1.9095477386934654,0.561801257447571
91,0.7000000000000002,-1.7085427135678373,0.5833921384386554
92,0.7000000000000002,-1.5075376884422091,0.606796470633489
93,0.7000000000000002,-1.306532663316581,0.6319897448484739
94,0.7000000000000002,-1.105527638190953,0.6588337862760298
95,0.7000000000000002,-0.9045226130653248,0.6870219586189418
96,0.7000000000000002,-0.7035175879396967,0.7160138565756099
97,0.7000000000000002,-0.5025125628140685,0.7449678238680724
98,0.7000000000000002,-0.3015075376884404,0.7726947327207904
99,0.7000000000000002,-0.10050251256281229,0.797647258257371
100,0.7000000000000002,0.10050251256281584,0.8179949448093184
101,0.7000000000000002,0.30150753768844396,0.8317956364899978
102,0.7000000000000002,0.5025125628140721,0.8372656619639449
103,0.7000000000000002,0.7035175879397002,0.8331044491395868
104,0.7000000000000002,0.9045226130653283,0.8187895815283889
105,0.7000000000000002,1.1055276381909565,0.794743700659447
106,0.7000000000000002,1.3065326633165846,0.7623034488186223
107,0.7000000000000002,1.5075376884422127,0.7234865900788151
108,0.7000000000000002,1.7085427135678408,0.6806291736416556
109,0.7000000000000002,1.909547738693469,0.6360021239045105
110,0.7000000000000002,2.110552763819097,0.5915255633516024
111,0.7000000000000002,2.311557788944725,0.548617809895495
112,0.7000000000000002,2.5125628140703533,0.5081854822461938
113,0.7000000000000002,2.7135678391959814,0.47070369799959616
114,0.7000000000000002,2.9145728643216096,0.4363283600288304
115,0.7000000000000002,3.1155778894472377,0.40500868365763953
116,0.7000000000000002,3.316582914572866,0.37657935157288097
117,0.7000000000000002,3.517587939698494,0.35081030329324564
118,0.7000000000000002,3.718592964824122,0.3274544575616739
119,0.7000000000000002,3.91959798994975,0.30626807718332655
120,0.7000000000000002,4.120603015075378,0.28701969492075946
121,0.7000000000000002,4.321608040201006,0.26949914415724374
122,0.7000000000000002,4.5226130653266345,0.25351717259002393
123,0.7000000000000002,4.723618090452263,0.2389056802929219
124,0.7000000000000002,4.924623115577891,0.2255162404991784
125,0.7000000000000002,5.125628140703519,0.21321827769241067
126,0.7000000000000002,5.326633165829147,0.20189708566253958
127,0.7000000000000002,5.527638190954775,0.19145226532014703
128,0.7000000000000002,5.728643216080403,0.18179466112047263
129,0.7000000000000002,5.929648241206031,0.17284712544294964
130,0.7000000000000002,6.1306532663316595,0.16454016988294562
131,0.7000000000000002,6.331658291457288,0.1568136000630177
132,0.7000000000000002,6.532663316582916,0.14961377784756263
133,0.7000000000000002,6.733668341708544,0.14289306181342606
134,0.7000000000000002,6.934673366834172,0.13660914386209744
135,0.7000000000000002,7.1356783919598,0.13072430184726122
136,0.7000000000000002,7.336683417085428,0.12520482066322108
137,0.7000000000000002,7.537688442211056,0.1200205035710543
138,0.7000000000000002,7.7386934673366845,0.11514455000771351
139,0.7000000000000002,7.939698492462313,0.11055240030511392
140,0.7000000000000002,8.14070351758794,0.10622204319238887
141,0.7000000000000002,8.341708542713569,0.1021330230607735
142,0.7000000000000002,8.542713567839197,0.09826766345981729
143,0.7000000000000002,8.743718592964825,0.09461026687787544
144,0.7000000000000002,8.944723618090453,0.0911467018754686
145,0.7000000000000002,9.145728643216081,0.08786271336380876
146,0.7000000000000002,9.34673366834171,0.08474292505001774
147,0.7000000000000002,9.547738693467338,0.08177557691703996
148,0.7000000000000002,9.748743718592966,0.0789561180784853
149,0.7000000000000002,9.949748743718594,0.07628244482252357
150,0.7000000000000002,10.150753768844222,0.07374443522972496
151,0.7000000000000002,10.35175879396985,0.07131549838347197
152,0.7000000000000002,10.552763819095478,0.0689675871824058
153,0.7000000000000002,10.753768844221106,0.06670145711191106
154,0.7000000000000002,10.954773869346734,0.06455879923802227
155,0.7000000000000002,11.155778894472363,0.062587159973725
156,0.7000000000000002,11.35678391959799,0.06077536560564911
157,0.7000000000000002,11.557788944723619,0.05902281895975523
158,0.7000000000000002,11.758793969849247,0.05719476343373322
159,0.7000000000000002,11.959798994974875,0.05524126002516888
160,0.7000000000000002,12.160804020100507,0.05328352754395431
161,0.7000000000000002,12.361809045226131,0.051573296590959335
162,0.7000000000000002,12.562814070351763,0.05032208625817118
163,0.7000000000000002,12.763819095477388,0.0495098376092063
164,0.7000000000000002,12.96482412060302,0.048819862656128934
165,0.7000000000000002,13.165829145728644,0.04777872678331111
166,0.7000000000000002,13.366834170854275,0.04603564839651733
167,0.7000000000000002,13.5678391959799,0.043617731868095144
168,0.7000000000000002,13.768844221105532,0.04099759103742389
169,0.7000000000000002,13.969849246231156,0.038908143023863105
170,0.7000000000000002,14.170854271356788,0.03799082619552824
171,0.7000000000000002,14.371859296482413,0.03844837613642365
172,0.7000000000000002,14.572864321608044,0.039884319419505654
173,0.7000000000000002,14.773869346733669,0.04140824122689937
174,0.7000000000000002,14.9748743718593,0.04197139106715272
175,0.7000000000000002,15.175879396984925,0.04078492366239373
176,0.7000000000000002,15.376884422110557,0.037652568287832866
177,0.7000000000000002,15.577889447236181,0.03308860002460025
178,0.7000000000000002,15.778894472361813,0.02817726406337175
179,0.7000000000000002,15.979899497487438,0.024238263898386913
180,0.7000000000000002,16.18090452261307,0.022411022925586645
181,0.7000000000000002,16.381909547738694,0.02330084527974647
182,0.7000000000000002,16.582914572864325,0.02678822081390245
183,0.7000000000000002,16.78391959798995,0.032049296311512133
184,0.7000000000000002,16.98492462311558,0.037767945802428066
185,0.7000000000000002,17.185929648241206,0.04246777240164027
186,0.7000000000000002,17.386934673366838,0.04486933027359107
187,0.7000000000000002,17.587939698492463,0.04418761076241503
188,0.7000000000000002,17.788944723618094,0.040299137954035724
189,0.7000000000000002,17.98994974874372,0.03375729735273935
190,0.7000000000000002,18.19095477386935,0.025665754911998618
191,0.7000000000000002,18.391959798994975,0.01744872852899962
192,0.7000000000000002,18.592964824120607,0.01057634501386516
193,0.7000000000000002,18.79396984924623,0.006299433294220368
194,0.7000000000000002,18.994974874371863,0.005443790468462351
195,0.7000000000000002,19.195979899497488,0.008290133859896909
196,0.7000000000000002,19.39698492462312,0.014553886220761406
197,0.7000000000000002,19.597989949748744,0.02345350225765833
198,0.7000000000000002,19.798994974874375,0.03385138333164435
199,0.7000000000000002,20.0,0.044430086710176446
