,t,height,fid
0,0.9500000000000003,-20.0,0.22322133880451972
1,0.9500000000000003,-19.798994974874372,0.2194937664958488
2,0.9500000000000003,-19.597989949748744,0.21564843337630774
3,0.9500000000000003,-19.396984924623116,0.2119233377809987
4,0.9500000000000003,-19.195979899497488,0.20860582431782967
5,0.9500000000000003,-18.99497487437186,0.20599662036099675
6,0.9500000000000003,-18.79396984924623,0.20437637091393876
7,0.9500000000000003,-18.592964824120603,0.20399332501983053
8,0.9500000000000003,-18.391959798994975,0.20506511474216557
9,0.9500000000000003,-18.190954773869347,0.20777501101065
10,0.9500000000000003,-17.98994974874372,0.21225542589168855
11,0.9500000000000003,-17.78894472361809,0.21857144888487295
12,0.9500000000000003,-17.587939698492463,0.22671984169588075
13,0.9500000000000003,-17.386934673366834,0.2366437782580941
14,0.9500000000000003,-17.185929648241206,0.24825070921019093
15,0.9500000000000003,-16.984924623115578,0.2614264026685103
16,0.9500000000000003,-16.78391959798995,0.2760497920793416
17,0.9500000000000003,-16.582914572864322,0.2920107271157269
18,0.9500000000000003,-16.381909547738694,0.3092276002427888
19,0.9500000000000003,-16.180904522613066,0.32765346576678656
20,0.9500000000000003,-15.979899497487438,0.34727371323576817
21,0.9500000000000003,-15.77889447236181,0.3680891078012029
22,0.9500000000000003,-15.577889447236181,0.3900978744067771
23,0.9500000000000003,-15.376884422110553,0.4132714212293058
24,0.9500000000000003,-15.175879396984925,0.43752410366477906
25,0.9500000000000003,-14.974874371859297,0.462695005540382
26,0.9500000000000003,-14.773869346733669,0.48854082377407937
27,0.9500000000000003,-14.57286432160804,0.514742721508276
28,0.9500000000000003,-14.371859296482413,0.5409271964119121
29,0.9500000000000003,-14.170854271356784,0.5667039234884261
30,0.9500000000000003,-13.969849246231156,0.5917038998080786
31,0.9500000000000003,-13.768844221105528,0.6156161488389206
32,0.9500000000000003,-13.5678391959799,0.6382084776660061
33,0.9500000000000003,-13.366834170854272,0.6593290735615375
34,0.9500000000000003,-13.165829145728644,0.6788880422839165
35,0.9500000000000003,-12.964824120603016,0.6968253249355199
36,0.9500000000000003,-12.763819095477388,0.7130768186096179
37,0.9500000000000003,-12.56281407035176,0.7275507631815182
38,0.9500000000000003,-12.361809045226131,0.7401288811137684
39,0.9500000000000003,-12.160804020100503,0.7506801291553168
40,0.9500000000000003,-11.959798994974873,0.7590967090976385
41,0.9500000000000003,-11.758793969849245,0.7653243259400356
42,0.9500000000000003,-11.557788944723617,0.7693781482986355
43,0.9500000000000003,-11.356783919597989,0.7713364758560565
44,0.9500000000000003,-11.15577889447236,0.7713168671936278
45,0.9500000000000003,-10.954773869346733,0.769448374357285
46,0.9500000000000003,-10.753768844221105,0.7658534733179283
47,0.9500000000000003,-10.552763819095476,0.7606475244242971
48,0.9500000000000003,-10.351758793969848,0.7539505441525083
49,0.9500000000000003,-10.15075376884422,0.7458995501467198
50,0.9500000000000003,-9.949748743718592,0.7366513290796698
51,0.9500000000000003,-9.748743718592964,0.7263740476348305
52,0.9500000000000003,-9.547738693467336,0.7152359675108689
53,0.9500000000000003,-9.346733668341708,0.7033943256972345
54,0.9500000000000003,-9.14572864321608,0.6910000042005567
55,0.9500000000000003,-8.944723618090451,0.6781964890234446
56,0.9500000000000003,-8.743718592964823,0.6651215092570884
57,0.9500000000000003,-8.542713567839195,0.651905012650421
58,0.9500000000000003,-8.341708542713567,0.6386666578335713
59,0.9500000000000003,-8.140703517587939,0.6255147887746835
60,0.9500000000000003,-7.939698492462311,0.6125467781199012
61,0.9500000000000003,-7.738693467336683,0.5998495055081997
62,0.9500000000000003,-7.537688442211055,0.5874996686399918
63,0.9500000000000003,-7.3366834170854265,0.575564069465975
64,0.9500000000000003,-7.135678391959798,0.564100374015995
65,0.9500000000000003,-6.93467336683417,0.5531578225994636
66,0.9500000000000003,-6.733668341708542,0.5427782833593942
67,0.9500000000000003,-6.532663316582914,0.532997045953894
68,0.9500000000000003,-6.331658291457286,0.523843941408074
69,0.9500000000000003,-6.130653266331658,0.51534425114692
70,0.9500000000000003,-5.92964824120603,0.5075197782803571
71,0.9500000000000003,-5.7286432160804015,0.5003898030690189
72,0.9500000000000003,-5.527638190954773,0.49397210309679346
73,0.9500000000000003,-5.326633165829145,0.4882839038504915
74,0.9500000000000003,-5.125628140703517,0.48334282328193545
75,0.9500000000000003,-4.924623115577889,0.4791678918044905
76,0.9500000000000003,-4.723618090452261,0.4757805031278922
77,0.9500000000000003,-4.522613065326633,0.4732061435255252
78,0.9500000000000003,-4.321608040201005,0.47147250894978676
79,0.9500000000000003,-4.1206030150753765,0.4706151433020316
80,0.9500000000000003,-3.9195979899497466,0.470675666501064
81,0.9500000000000003,-3.7185929648241185,0.4717039798603094
82,0.9500000000000003,-3.5175879396984904,0.473759825350797
83,0.9500000000000003,-3.3165829145728623,0.4769138832492302
84,0.9500000000000003,-3.115577889447234,0.48125284230173093
85,0.9500000000000003,-2.914572864321606,0.48687731414166513
86,0.9500000000000003,-2.713567839195978,0.4939074681525549
87,0.9500000000000003,-2.5125628140703498,0.5024852559920524
88,0.9500000000000003,-2.3115577889447216,0.5127773749919894
89,0.9500000000000003,-2.1105527638190935,0.5249779591079132
90,0.9500000000000003,-1.9095477386934654,0.5393101590034148
91,0.9500000000000003,-1.7085427135678373,0.5560251041186477
92,0.9500000000000003,-1.5075376884422091,0.5753954650821022
93,0.9500000000000003,-1.306532663316581,0.5976987757482658
94,0.9500000000000003,-1.105527638190953,0.6231819642431856
95,0.9500000000000003,-0.9045226130653248,0.6519944735637857
96,0.9500000000000003,-0.7035175879396967,0.6840713448151626
97,0.9500000000000003,-0.5025125628140685,0.7189469963221813
98,0.9500000000000003,-0.3015075376884404,0.7554909867021241
99,0.9500000000000003,-0.10050251256281229,0.7916055457274797
100,0.9500000000000003,0.10050251256281584,0.8239884577965736
101,0.9500000000000003,0.30150753768844396,0.8482006828103
102,0.9500000000000003,0.5025125628140721,0.8592776833768072
103,0.9500000000000003,0.7035175879397002,0.8529701232840127
104,0.9500000000000003,0.9045226130653283,0.8272731927519351
105,0.9500000000000003,1.1055276381909565,0.7834880154113166
106,0.9500000000000003,1.3065326633165846,0.726085923562731
107,0.9500000000000003,1.5075376884422127,0.6613027951806131
108,0.9500000000000003,1.7085427135678408,0.5952142848678368
109,0.9500000000000003,1.909547738693469,0.532319778152666
110,0.9500000000000003,2.110552763819097,0.47512083962655494
111,0.9500000000000003,2.311557788944725,0.42449019248243475
112,0.9500000000000003,2.5125628140703533,0.38030286852360135
113,0.9500000000000003,2.7135678391959814,0.3419603931485634
114,0.9500000000000003,2.9145728643216096,0.3087167104116956
115,0.9500000000000003,3.1155778894472377,0.279834533057392
116,0.9500000000000003,3.316582914572866,0.25465253172792823
117,0.9500000000000003,3.517587939698494,0.23260186094240143
118,0.9500000000000003,3.718592964824122,0.213204081052135
119,0.9500000000000003,3.91959798994975,0.1960606514636058
120,0.9500000000000003,4.120603015075378,0.18084102420415554
121,0.9500000000000003,4.321608040201006,0.16727026367920592
122,0.9500000000000003,4.5226130653266345,0.15511918988619963
123,0.9500000000000003,4.723618090452263,0.14419718625325592
124,0.9500000000000003,4.924623115577891,0.13434396019465314
125,0.9500000000000003,5.125628140703519,0.1254244057203231
126,0.9500000000000003,5.326633165829147,0.11732406138766498
127,0.9500000000000003,5.527638190954775,0.10994599646872698
128,0.9500000000000003,5.728643216080403,0.10320628388193692
129,0.9500000000000003,5.929648241206031,0.09703337418958356
130,0.9500000000000003,6.1306532663316595,0.09136478686793983
131,0.9500000000000003,6.331658291457288,0.0861480212763094
132,0.9500000000000003,6.532663316582916,0.0813397845848232
133,0.9500000000000003,6.733668341708544,0.07689453108498583
134,0.9500000000000003,6.934673366834172,0.07276604440803712
135,0.9500000000000003,7.1356783919598,0.06894268654011125
136,0.9500000000000003,7.336683417085428,0.06542446402888402
137,0.9500000000000003,7.537688442211056,0.06213613836247047
138,0.9500000000000003,7.7386934673366845,0.05897482840615921
139,0.9500000000000003,7.939698492462313,0.05601398363113856
140,0.9500000000000003,8.14070351758794,0.053457469131764704
141,0.9500000000000003,8.341708542713569,0.05121837932664329
142,0.9500000000000003,8.542713567839197,0.04880694067485682
143,0.9500000000000003,8.743718592964825,0.045997274206324844
144,0.9500000000000003,8.944723618090453,0.04343271540765324
145,0.9500000000000003,9.145728643216081,0.042022780093107504
146,0.9500000000000003,9.34673366834171,0.04159694865939252
147,0.9500000000000003,9.547738693467338,0.04062072997090277
148,0.9500000000000003,9.748743718592966,0.03771808200296784
149,0.9500000000000003,9.949748743718594,0.033465797858113204
150,0.9500000000000003,10.150753768844222,0.030326908942924256
151,0.9500000000000003,10.35175879396985,0.030497015036035
152,0.9500000000000003,10.552763819095478,0.033644734820302245
153,0.9500000000000003,10.753768844221106,0.03672932731442736
154,0.9500000000000003,10.954773869346734,0.036180344757791194
155,0.9500000000000003,11.155778894472363,0.030687533561645747
156,0.9500000000000003,11.35678391959799,0.022427199916301616
157,0.9500000000000003,11.557788944723619,0.015853375210318595
158,0.9500000000000003,11.758793969849247,0.014960270776649019
159,0.9500000000000003,11.959798994974875,0.02083794514296719
160,0.9500000000000003,12.160804020100507,0.0309639734025798
161,0.9500000000000003,12.361809045226131,0.04048807463706932
162,0.9500000000000003,12.562814070351763,0.04465375668693437
163,0.9500000000000003,12.763819095477388,0.041039666680829444
164,0.9500000000000003,12.96482412060302,0.0305938530541394
165,0.9500000000000003,13.165829145728644,0.017146699538266787
166,0.9500000000000003,13.366834170854275,0.0058025976287348156
167,0.9500000000000003,13.5678391959799,0.000989502850816382
168,0.9500000000000003,13.768844221105532,0.00493987195173125
169,0.9500000000000003,13.969849246231156,0.017073350243142094
170,0.9500000000000003,14.170854271356788,0.03435903589069156
171,0.9500000000000003,14.371859296482413,0.05238516939578737
172,0.9500000000000003,14.572864321608044,0.06670597763765536
173,0.9500000000000003,14.773869346733669,0.07403737908045611
174,0.9500000000000003,14.9748743718593,0.07300195233054815
175,0.9500000000000003,15.175879396984925,0.06429889820500806
176,0.9500000000000003,15.376884422110557,0.050354290921652785
177,0.9500000000000003,15.577889447236181,0.034633530982973275
178,0.9500000000000003,15.778894472361813,0.020817537494898838
179,0.9500000000000003,15.979899497487438,0.012044945520739687
180,0.9500000000000003,16.18090452261307,0.010355789485704876
181,0.9500000000000003,16.381909547738694,0.0164361671175593
182,0.9500000000000003,16.582914572864325,0.029634332716171562
183,0.9500000000000003,16.78391959798995,0.04818900939471151
184,0.9500000000000003,16.98492462311558,0.06962142342624385
185,0.9500000000000003,17.185929648241206,0.09122477275238795
186,0.9500000000000003,17.386934673366838,0.11051784140968927
187,0.9500000000000003,17.587939698492463,0.12552294719103355
188,0.9500000000000003,17.788944723618094,0.13489155441295578
189,0.9500000000000003,17.98994974874372,0.1379996793422077
190,0.9500000000000003,18.19095477386935,0.135056191308412
191,0.9500000000000003,18.391959798994975,0.12709279454856479
192,0.9500000000000003,18.592964824120607,0.11572598694769691
193,0.9500000000000003,18.79396984924623,0.1027701409449902
194,0.9500000000000003,18.994974874371863,0.08991744408873605
195,0.9500000000000003,19.195979899497488,0.07861315537419557
196,0.9500000000000003,19.39698492462312,0.07004635231015038
197,0.9500000000000003,19.597989949748744,0.06513338138201538
198,0.9500000000000003,19.798994974874375,0.06444779917480441
199,0.9500000000000003,20.0,0.06818858659628002
