,t,height,fid
0,0.40000000000000013,-20.0,0.21846447410853623
1,0.40000000000000013,-19.798994974874372,0.21904232979092594
2,0.40000000000000013,-19.597989949748744,0.21964509631507242
3,0.40000000000000013,-19.396984924623116,0.220273428899843
4,0.40000000000000013,-19.195979899497488,0.22092818051159516
5,0.40000000000000013,-18.99497487437186,0.22161019977532231
6,0.40000000000000013,-18.79396984924623,0.22232030878353515
7,0.40000000000000013,-18.592964824120603,0.2230592681897918
8,0.40000000000000013,-18.391959798994975,0.223827783875806
9,0.40000000000000013,-18.190954773869347,0.2246265013212995
10,0.40000000000000013,-17.98994974874372,0.22545611486000436
11,0.40000000000000013,-17.78894472361809,0.22631733333976833
12,0.40000000000000013,-17.587939698492463,0.2272109375579409
13,0.40000000000000013,-17.386934673366834,0.22813777736259458
14,0.40000000000000013,-17.185929648241206,0.2290987443801934
15,0.40000000000000013,-16.984924623115578,0.23009479265580715
16,0.40000000000000013,-16.78391959798995,0.23112692520303768
17,0.40000000000000013,-16.582914572864322,0.2321961445935439
18,0.40000000000000013,-16.381909547738694,0.23330353772324838
19,0.40000000000000013,-16.180904522613066,0.2344502033050569
20,0.40000000000000013,-15.979899497487438,0.2356373041236167
21,0.40000000000000013,-15.77889447236181,0.23686606068992827
22,0.40000000000000013,-15.577889447236181,0.23813773294251042
23,0.40000000000000013,-15.376884422110553,0.23945367331558168
24,0.40000000000000013,-15.175879396984925,0.24081527214772938
25,0.40000000000000013,-14.974874371859297,0.24222400377929057
26,0.40000000000000013,-14.773869346733669,0.24368140663470964
27,0.40000000000000013,-14.57286432160804,0.2451890902028952
28,0.40000000000000013,-14.371859296482413,0.24674876646693827
29,0.40000000000000013,-14.170854271356784,0.24836219716631472
30,0.40000000000000013,-13.969849246231156,0.250031247260158
31,0.40000000000000013,-13.768844221105528,0.2517579029504217
32,0.40000000000000013,-13.5678391959799,0.2535442222121758
33,0.40000000000000013,-13.366834170854272,0.2553923640529498
34,0.40000000000000013,-13.165829145728644,0.25730462159747575
35,0.40000000000000013,-12.964824120603016,0.25928341145519224
36,0.40000000000000013,-12.763819095477388,0.2613312507185556
37,0.40000000000000013,-12.56281407035176,0.26345082377004797
38,0.40000000000000013,-12.361809045226131,0.2656449477667558
39,0.40000000000000013,-12.160804020100503,0.2679165837913191
40,0.40000000000000013,-11.959798994974873,0.27026887656302007
41,0.40000000000000013,-11.758793969849245,0.2727051311928914
42,0.40000000000000013,-11.557788944723617,0.27522884168118705
43,0.40000000000000013,-11.356783919597989,0.27784371022331306
44,0.40000000000000013,-11.15577889447236,0.28055365159742746
45,0.40000000000000013,-10.954773869346733,0.28336279772841194
46,0.40000000000000013,-10.753768844221105,0.2862755388754905
47,0.40000000000000013,-10.552763819095476,0.28929651513382015
48,0.40000000000000013,-10.351758793969848,0.29243065559369064
49,0.40000000000000013,-10.15075376884422,0.29568318049602366
50,0.40000000000000013,-9.949748743718592,0.29905965056583184
51,0.40000000000000013,-9.748743718592964,0.30256594940140497
52,0.40000000000000013,-9.547738693467336,0.3062083426431762
53,0.40000000000000013,-9.346733668341708,0.3099934806470193
54,0.40000000000000013,-9.14572864321608,0.3139284538347658
55,0.40000000000000013,-8.944723618090451,0.3180207862282685
56,0.40000000000000013,-8.743718592964823,0.32227798595257084
57,0.40000000000000013,-8.542713567839195,0.32670962010593524
58,0.40000000000000013,-8.341708542713567,0.3313242533436789
59,0.40000000000000013,-8.140703517587939,0.33613159890535627
60,0.40000000000000013,-7.939698492462311,0.3411419685366767
61,0.40000000000000013,-7.738693467336683,0.34636636606209825
62,0.40000000000000013,-7.537688442211055,0.35181652560615034
63,0.40000000000000013,-7.3366834170854265,0.35750493191507254
64,0.40000000000000013,-7.135678391959798,0.3634449038378363
65,0.40000000000000013,-6.93467336683417,0.36965149766464134
66,0.40000000000000013,-6.733668341708542,0.37613745205105975
67,0.40000000000000013,-6.532663316582914,0.3829208433139049
68,0.40000000000000013,-6.331658291457286,0.39001692303866137
69,0.40000000000000013,-6.130653266331658,0.3974460753785813
70,0.40000000000000013,-5.92964824120603,0.40522622673728714
71,0.40000000000000013,-5.7286432160804015,0.41337747271541125
72,0.40000000000000013,-5.527638190954773,0.42192095199635665
73,0.40000000000000013,-5.326633165829145,0.4308787539673044
74,0.40000000000000013,-5.125628140703517,0.4402738632976162
75,0.40000000000000013,-4.924623115577889,0.45012995262047406
76,0.40000000000000013,-4.723618090452261,0.46047070676311447
77,0.40000000000000013,-4.522613065326633,0.4713215526925668
78,0.40000000000000013,-4.321608040201005,0.4827053328887559
79,0.40000000000000013,-4.1206030150753765,0.49464689432288883
80,0.40000000000000013,-3.9195979899497466,0.5071671815108171
81,0.40000000000000013,-3.7185929648241185,0.5202852976843036
82,0.40000000000000013,-3.5175879396984904,0.5340164212000593
83,0.40000000000000013,-3.3165829145728623,0.5483701827480445
84,0.40000000000000013,-3.115577889447234,0.5633486492119764
85,0.40000000000000013,-2.914572864321606,0.5789438023879078
86,0.40000000000000013,-2.713567839195978,0.5951346190129088
87,0.40000000000000013,-2.5125628140703498,0.6118836015111309
88,0.40000000000000013,-2.3115577889447216,0.6291329269011908
89,0.40000000000000013,-2.1105527638190935,0.64680015500451
90,0.40000000000000013,-1.9095477386934654,0.6647739649912952
91,0.40000000000000013,-1.7085427135678373,0.6829099279664408
92,0.40000000000000013,-1.5075376884422091,0.7010270917906017
93,0.40000000000000013,-1.306532663316581,0.7189055953928071
94,0.40000000000000013,-1.105527638190953,0.7362853926153766
95,0.40000000000000013,-0.9045226130653248,0.752872063084126
96,0.40000000000000013,-0.7035175879396967,0.7683367356126293
97,0.40000000000000013,-0.5025125628140685,0.7823287134089455
98,0.40000000000000013,-0.3015075376884404,0.7944872921787078
99,0.40000000000000013,-0.10050251256281229,0.8044579341936489
100,0.40000000000000013,0.10050251256281584,0.8119109202195346
101,0.40000000000000013,0.30150753768844396,0.816561131149512
102,0.40000000000000013,0.5025125628140721,0.8181871341890428
103,0.40000000000000013,0.7035175879397002,0.816647526311633
104,0.40000000000000013,0.9045226130653283,0.8118928095847967
105,0.40000000000000013,1.1055276381909565,0.8039710353615898
106,0.40000000000000013,1.3065326633165846,0.7930264547621791
107,0.40000000000000013,1.5075376884422127,0.7792911940137573
108,0.40000000000000013,1.7085427135678408,0.7630707639427862
109,0.40000000000000013,1.909547738693469,0.7447250478578348
110,0.40000000000000013,2.110552763819097,0.7246467539255981
111,0.40000000000000013,2.311557788944725,0.7032406131785786
112,0.40000000000000013,2.5125628140703533,0.6808998785979209
113,0.40000000000000013,2.7135678391959814,0.6579951079483141
114,0.40000000000000013,2.9145728643216096,0.6348583806464958
115,0.40000000000000013,3.1155778894472377,0.6117765010305037
116,0.40000000000000013,3.316582914572866,0.588987756905539
117,0.40000000000000013,3.517587939698494,0.5666822220669168
118,0.40000000000000013,3.718592964824122,0.5450047767133532
119,0.40000000000000013,3.91959798994975,0.5240599822737035
120,0.40000000000000013,4.120603015075378,0.5039178560499499
121,0.40000000000000013,4.321608040201006,0.4846197448975697
122,0.40000000000000013,4.5226130653266345,0.46618484497090557
123,0.40000000000000013,4.723618090452263,0.4486128139654597
124,0.40000000000000013,4.924623115577891,0.4318907259188795
125,0.40000000000000013,5.125628140703519,0.4159967771939643
126,0.40000000000000013,5.326633165829147,0.4009019420099879
127,0.40000000000000013,5.527638190954775,0.38657199065987785
128,0.40000000000000013,5.728643216080403,0.37297392446488936
129,0.40000000000000013,5.929648241206031,0.3600680134012543
130,0.40000000000000013,6.1306532663316595,0.34781702039891477
131,0.40000000000000013,6.331658291457288,0.3361847966542907
132,0.40000000000000013,6.532663316582916,0.3251356399708213
133,0.40000000000000013,6.733668341708544,0.3146357436409122
134,0.40000000000000013,6.934673366834172,0.3046513509467967
135,0.40000000000000013,7.1356783919598,0.29515192565777115
136,0.40000000000000013,7.336683417085428,0.28610817117159737
137,0.40000000000000013,7.537688442211056,0.2774925374515148
138,0.40000000000000013,7.7386934673366845,0.2692791683963563
139,0.40000000000000013,7.939698492462313,0.2614438798296356
140,0.40000000000000013,8.14070351758794,0.2539640607824061
141,0.40000000000000013,8.341708542713569,0.24681860818134013
142,0.40000000000000013,8.542713567839197,0.23998781209366127
143,0.40000000000000013,8.743718592964825,0.2334533319286635
144,0.40000000000000013,8.944723618090453,0.22719801081717048
145,0.40000000000000013,9.145728643216081,0.22120590630338421
146,0.40000000000000013,9.34673366834171,0.21546213440474574
147,0.40000000000000013,9.547738693467338,0.20995281379100905
148,0.40000000000000013,9.748743718592966,0.20466498581480858
149,0.40000000000000013,9.949748743718594,0.19958657698719878
150,0.40000000000000013,10.150753768844222,0.1947062945506242
151,0.40000000000000013,10.35175879396985,0.19001391007150056
152,0.40000000000000013,10.552763819095478,0.1854989424643581
153,0.40000000000000013,10.753768844221106,0.1811524934802159
154,0.40000000000000013,10.954773869346734,0.1769663507920336
155,0.40000000000000013,11.155778894472363,0.17293158842431539
156,0.40000000000000013,11.35678391959799,0.16904105625984706
157,0.40000000000000013,11.557788944723619,0.1652876601325308
158,0.40000000000000013,11.758793969849247,0.16166473031112105
159,0.40000000000000013,11.959798994974875,0.15816600304086068
160,0.40000000000000013,12.160804020100507,0.1547856036953658
161,0.40000000000000013,12.361809045226131,0.15151799071307334
162,0.40000000000000013,12.562814070351763,0.14835796310460983
163,0.40000000000000013,12.763819095477388,0.14530060896611696
164,0.40000000000000013,12.96482412060302,0.14234131734864536
165,0.40000000000000013,13.165829145728644,0.1394757151868284
166,0.40000000000000013,13.366834170854275,0.13669970155150632
167,0.40000000000000013,13.5678391959799,0.13400938664783468
168,0.40000000000000013,13.768844221105532,0.1314011072500076
169,0.40000000000000013,13.969849246231156,0.12887138759583533
170,0.40000000000000013,14.170854271356788,0.1264169265446093
171,0.40000000000000013,14.371859296482413,0.12403462190770537
172,0.40000000000000013,14.572864321608044,0.12172152098866221
173,0.40000000000000013,14.773869346733669,0.1194748321128114
174,0.40000000000000013,14.9748743718593,0.11729194563897616
175,0.40000000000000013,15.175879396984925,0.11517065455335544
176,0.40000000000000013,15.376884422110557,0.11310802611147174
177,0.40000000000000013,15.577889447236181,0.11110235930607455
178,0.40000000000000013,15.778894472361813,0.10915078308134478
179,0.40000000000000013,15.979899497487438,0.10725178682457852
180,0.40000000000000013,16.18090452261307,0.10540262320045014
181,0.40000000000000013,16.381909547738694,0.10360180444000817
182,0.40000000000000013,16.582914572864325,0.10184774687117035
183,0.40000000000000013,16.78391959798995,0.10013912214694792
184,0.40000000000000013,16.98492462311558,0.09847473196997307
185,0.40000000000000013,17.185929648241206,0.09685326932973468
186,0.40000000000000013,17.386934673366838,0.09527311343133049
187,0.40000000000000013,17.587939698492463,0.09373213362693428
188,0.40000000000000013,17.788944723618094,0.09222782113525385
189,0.40000000000000013,17.98994974874372,0.09075764454448423
190,0.40000000000000013,18.19095477386935,0.08931983571873016
191,0.40000000000000013,18.391959798994975,0.08791326139260464
192,0.40000000000000013,18.592964824120607,0.08653885392033013
193,0.40000000000000013,18.79396984924623,0.08519867058626031
194,0.40000000000000013,18.994974874371863,0.08389523259959132
195,0.40000000000000013,19.195979899497488,0.08263019005285059
196,0.40000000000000013,19.39698492462312,0.08140286929779617
197,0.40000000000000013,19.597989949748744,0.08020927386556133
198,0.40000000000000013,19.798994974874375,0.07904237603009316
199,0.40000000000000013,20.0,0.07789208370203327
