,t,height,fid
0,0.3500000000000001,-20.0,0.2118403591367741
1,0.3500000000000001,-19.798994974874372,0.21280250335772377
2,0.3500000000000001,-19.597989949748744,0.21379021833836112
3,0.3500000000000001,-19.396984924623116,0.2148041696166712
4,0.3500000000000001,-19.195979899497488,0.21584504997141216
5,0.3500000000000001,-18.99497487437186,0.21691355746456464
6,0.3500000000000001,-18.79396984924623,0.2180104267367351
7,0.3500000000000001,-18.592964824120603,0.21913641605319084
8,0.3500000000000001,-18.391959798994975,0.22029231978168676
9,0.3500000000000001,-18.190954773869347,0.22147896154834495
10,0.3500000000000001,-17.98994974874372,0.22269721868179954
11,0.3500000000000001,-17.78894472361809,0.22394797319370763
12,0.3500000000000001,-17.587939698492463,0.22523217997254924
13,0.3500000000000001,-17.386934673366834,0.22655079207738313
14,0.3500000000000001,-17.185929648241206,0.22790484406655329
15,0.3500000000000001,-16.984924623115578,0.22929538189568152
16,0.3500000000000001,-16.78391959798995,0.2307235077670712
17,0.3500000000000001,-16.582914572864322,0.23219037493264502
18,0.3500000000000001,-16.381909547738694,0.23369717458634715
19,0.3500000000000001,-16.180904522613066,0.23524515549529504
20,0.3500000000000001,-15.979899497487438,0.23683562873820324
21,0.3500000000000001,-15.77889447236181,0.23846995160741577
22,0.3500000000000001,-15.577889447236181,0.24014955055583045
23,0.3500000000000001,-15.376884422110553,0.24187591171277795
24,0.3500000000000001,-15.175879396984925,0.24365059109061643
25,0.3500000000000001,-14.974874371859297,0.245475213494091
26,0.3500000000000001,-14.773869346733669,0.24735147280923778
27,0.3500000000000001,-14.57286432160804,0.24928116086447785
28,0.3500000000000001,-14.371859296482413,0.25126613432523964
29,0.3500000000000001,-14.170854271356784,0.2533083483173905
30,0.3500000000000001,-13.969849246231156,0.25540984533746275
31,0.3500000000000001,-13.768844221105528,0.2575727752192047
32,0.3500000000000001,-13.5678391959799,0.2597993878996817
33,0.3500000000000001,-13.366834170854272,0.2620920444585301
34,0.3500000000000001,-13.165829145728644,0.2644532210433998
35,0.3500000000000001,-12.964824120603016,0.26688551364748947
36,0.3500000000000001,-12.763819095477388,0.2693916536363919
37,0.3500000000000001,-12.56281407035176,0.27197452195096794
38,0.3500000000000001,-12.361809045226131,0.27463713662139355
39,0.3500000000000001,-12.160804020100503,0.2773826717188772
40,0.3500000000000001,-11.959798994974873,0.28021446703097447
41,0.3500000000000001,-11.758793969849245,0.2831360408722027
42,0.3500000000000001,-11.557788944723617,0.2861510975974377
43,0.3500000000000001,-11.356783919597989,0.2892635546480389
44,0.3500000000000001,-11.15577889447236,0.29247750794179045
45,0.3500000000000001,-10.954773869346733,0.2957973092564851
46,0.3500000000000001,-10.753768844221105,0.29922753696068166
47,0.3500000000000001,-10.552763819095476,0.30277302449674554
48,0.3500000000000001,-10.351758793969848,0.30643885934052995
49,0.3500000000000001,-10.15075376884422,0.3102304470701378
50,0.3500000000000001,-9.949748743718592,0.3141534942456618
51,0.3500000000000001,-9.748743718592964,0.3182140277224444
52,0.3500000000000001,-9.547738693467336,0.32241791330256225
53,0.3500000000000001,-9.346733668341708,0.3267728872740369
54,0.3500000000000001,-9.14572864321608,0.3312855710299616
55,0.3500000000000001,-8.944723618090451,0.3359635063160898
56,0.3500000000000001,-8.743718592964823,0.3408146536437268
57,0.3500000000000001,-8.542713567839195,0.3458474251479637
58,0.3500000000000001,-8.341708542713567,0.35107072317248056
59,0.3500000000000001,-8.140703517587939,0.3564939542699835
60,0.3500000000000001,-7.939698492462311,0.36212705831312547
61,0.3500000000000001,-7.738693467336683,0.3679805262821257
62,0.3500000000000001,-7.537688442211055,0.3740657083905757
63,0.3500000000000001,-7.3366834170854265,0.38039368647095245
64,0.3500000000000001,-7.135678391959798,0.38697583160825294
65,0.3500000000000001,-6.93467336683417,0.39382738658924143
66,0.3500000000000001,-6.733668341708542,0.40096068989775463
67,0.3500000000000001,-6.532663316582914,0.4083898697637211
68,0.3500000000000001,-6.331658291457286,0.4161296607090164
69,0.3500000000000001,-6.130653266331658,0.4241953453367869
70,0.3500000000000001,-5.92964824120603,0.43260271674719136
71,0.3500000000000001,-5.7286432160804015,0.44136798570764174
72,0.3500000000000001,-5.527638190954773,0.45050764703929097
73,0.3500000000000001,-5.326633165829145,0.46003783513929336
74,0.3500000000000001,-5.125628140703517,0.4699761484537043
75,0.3500000000000001,-4.924623115577889,0.4803375023935441
76,0.3500000000000001,-4.723618090452261,0.4911389052413369
77,0.3500000000000001,-4.522613065326633,0.5023938663813596
78,0.3500000000000001,-4.321608040201005,0.5141149462881347
79,0.3500000000000001,-4.1206030150753765,0.526312162071136
80,0.3500000000000001,-3.9195979899497466,0.5389921986400567
81,0.3500000000000001,-3.7185929648241185,0.552157272358628
82,0.3500000000000001,-3.5175879396984904,0.5658039716997436
83,0.3500000000000001,-3.3165829145728623,0.5799216536095396
84,0.3500000000000001,-3.115577889447234,0.5944908248653805
85,0.3500000000000001,-2.914572864321606,0.6094811715074107
86,0.3500000000000001,-2.713567839195978,0.6248494994387689
87,0.3500000000000001,-2.5125628140703498,0.6405374630624848
88,0.3500000000000001,-2.3115577889447216,0.6564693442306333
89,0.3500000000000001,-2.1105527638190935,0.6725499032576112
90,0.3500000000000001,-1.9095477386934654,0.6886625440311901
91,0.3500000000000001,-1.7085427135678373,0.7046679329087929
92,0.3500000000000001,-1.5075376884422091,0.72040265079152
93,0.3500000000000001,-1.306532663316581,0.7356831150033325
94,0.3500000000000001,-1.105527638190953,0.7503022714422592
95,0.3500000000000001,-0.9045226130653248,0.7640363665870564
96,0.3500000000000001,-0.7035175879396967,0.7766491492795691
97,0.3500000000000001,-0.5025125628140685,0.787898639277194
98,0.3500000000000001,-0.3015075376884404,0.79754534475127
99,0.3500000000000001,-0.10050251256281229,0.8053617864326775
100,0.3500000000000001,0.10050251256281584,0.8111423257783429
101,0.3500000000000001,0.30150753768844396,0.814713791361836
102,0.3500000000000001,0.5025125628140721,0.8159441066507644
103,0.3500000000000001,0.7035175879397002,0.814750223795914
104,0.3500000000000001,0.9045226130653283,0.8111035508732756
105,0.3500000000000001,1.1055276381909565,0.8050324139323961
106,0.3500000000000001,1.3065326633165846,0.7966215194391276
107,0.3500000000000001,1.5075376884422127,0.7860081011947566
108,0.3500000000000001,1.7085427135678408,0.7733754007732452
109,0.3500000000000001,1.909547738693469,0.7589437713625934
110,0.3500000000000001,2.110552763819097,0.7429602101940448
111,0.3500000000000001,2.311557788944725,0.7256873122778394
112,0.3500000000000001,2.5125628140703533,0.7073932643491906
113,0.3500000000000001,2.7135678391959814,0.6883383486213894
114,0.3500000000000001,2.9145728643216096,0.6687718674152177
115,0.3500000000000001,3.1155778894472377,0.6489219720072076
116,0.3500000000000001,3.316582914572866,0.6289920989209586
117,0.3500000000000001,3.517587939698494,0.6091583980074149
118,0.3500000000000001,3.718592964824122,0.5895689964720053
119,0.3500000000000001,3.91959798994975,0.5703445975642965
120,0.3500000000000001,4.120603015075378,0.5515802392578444
121,0.3500000000000001,4.321608040201006,0.5333477947196466
122,0.3500000000000001,4.5226130653266345,0.5156987352670866
123,0.3500000000000001,4.723618090452263,0.49866720154210514
124,0.3500000000000001,4.924623115577891,0.4822728202264605
125,0.3500000000000001,5.125628140703519,0.4665242525737336
126,0.3500000000000001,5.326633165829147,0.4514190651567981
127,0.3500000000000001,5.527638190954775,0.4369483193334409
128,0.3500000000000001,5.728643216080403,0.4230984533354032
129,0.3500000000000001,5.929648241206031,0.4098513905416542
130,0.3500000000000001,6.1306532663316595,0.3971863205678398
131,0.3500000000000001,6.331658291457288,0.385079750595901
132,0.3500000000000001,6.532663316582916,0.3735109254386768
133,0.3500000000000001,6.733668341708544,0.3624531071996408
134,0.3500000000000001,6.934673366834172,0.3518821824644189
135,0.3500000000000001,7.1356783919598,0.3417749624888017
136,0.3500000000000001,7.336683417085428,0.33210822371407683
137,0.3500000000000001,7.537688442211056,0.3228594943518064
138,0.3500000000000001,7.7386934673366845,0.314007657584292
139,0.3500000000000001,7.939698492462313,0.3055310113859474
140,0.3500000000000001,8.14070351758794,0.2974103492048886
141,0.3500000000000001,8.341708542713569,0.2896269410800717
142,0.3500000000000001,8.542713567839197,0.2821630105709407
143,0.3500000000000001,8.743718592964825,0.2750017796327606
144,0.3500000000000001,8.944723618090453,0.2681273781818494
145,0.3500000000000001,9.145728643216081,0.2615248459939038
146,0.3500000000000001,9.34673366834171,0.2551800865362981
147,0.3500000000000001,9.547738693467338,0.24907980595686952
148,0.3500000000000001,9.748743718592966,0.24321150444316164
149,0.3500000000000001,9.949748743718594,0.23756341717481838
150,0.3500000000000001,10.150753768844222,0.23212446805199885
151,0.3500000000000001,10.35175879396985,0.22688424189871817
152,0.3500000000000001,10.552763819095478,0.22183294045099708
153,0.3500000000000001,10.753768844221106,0.2169613245254935
154,0.3500000000000001,10.954773869346734,0.21226070245230633
155,0.3500000000000001,11.155778894472363,0.2077229111289171
156,0.3500000000000001,11.35678391959799,0.20334022589634926
157,0.3500000000000001,11.557788944723619,0.19910539561994842
158,0.3500000000000001,11.758793969849247,0.19501156903950442
159,0.3500000000000001,11.959798994974875,0.19105260430775275
160,0.3500000000000001,12.160804020100507,0.18722178455712774
161,0.3500000000000001,12.361809045226131,0.18351367067453872
162,0.3500000000000001,12.562814070351763,0.17992326200892497
163,0.3500000000000001,12.763819095477388,0.17644456236579042
164,0.3500000000000001,12.96482412060302,0.1730731476127741
165,0.3500000000000001,13.165829145728644,0.16980443767755043
166,0.3500000000000001,13.366834170854275,0.16663408971370694
167,0.3500000000000001,13.5678391959799,0.16355798303501434
168,0.3500000000000001,13.768844221105532,0.16057222560442672
169,0.3500000000000001,13.969849246231156,0.15767311850700036
170,0.3500000000000001,14.170854271356788,0.1548571648584273
171,0.3500000000000001,14.371859296482413,0.15212103143082253
172,0.3500000000000001,14.572864321608044,0.14946156877122327
173,0.3500000000000001,14.773869346733669,0.14687577232109683
174,0.3500000000000001,14.9748743718593,0.14436079951666836
175,0.3500000000000001,15.175879396984925,0.14191393681282155
176,0.3500000000000001,15.376884422110557,0.13953260500307246
177,0.3500000000000001,15.577889447236181,0.13721435787436864
178,0.3500000000000001,15.778894472361813,0.13495684980322434
179,0.3500000000000001,15.979899497487438,0.13275785275456775
180,0.3500000000000001,16.18090452261307,0.13061524587090967
181,0.3500000000000001,16.381909547738694,0.12852700657386384
182,0.3500000000000001,16.582914572864325,0.12649120732525324
183,0.3500000000000001,16.78391959798995,0.12450601241017291
184,0.3500000000000001,16.98492462311558,0.12256967662122019
185,0.3500000000000001,17.185929648241206,0.12068051837806308
186,0.3500000000000001,17.386934673366838,0.1188369374300525
187,0.3500000000000001,17.587939698492463,0.11703733970848784
188,0.3500000000000001,17.788944723618094,0.1152805102531788
189,0.3500000000000001,17.98994974874372,0.1135644407229124
190,0.3500000000000001,18.19095477386935,0.11188836681789059
191,0.3500000000000001,18.391959798994975,0.11025040000519377
192,0.3500000000000001,18.592964824120607,0.10864970294902089
193,0.3500000000000001,18.79396984924623,0.10708557152589172
194,0.3500000000000001,18.994974874371863,0.1055563195177053
195,0.3500000000000001,19.195979899497488,0.10406127548355994
196,0.3500000000000001,19.39698492462312,0.102599344983172
197,0.3500000000000001,19.597989949748744,0.10116929526440714
198,0.3500000000000001,19.798994974874375,0.09976976923150471
199,0.3500000000000001,20.0,0.09839937020863086
