,t,height,fid
0,0.30000000000000004,-20.0,0.2155986120163691
1,0.30000000000000004,-19.798994974874372,0.216886966085589
2,0.30000000000000004,-19.597989949748744,0.21820300465124615
3,0.30000000000000004,-19.396984924623116,0.21954747326164273
4,0.30000000000000004,-19.195979899497488,0.22092114170028188
5,0.30000000000000004,-18.99497487437186,0.22232481611846136
6,0.30000000000000004,-18.79396984924623,0.22375933243839913
7,0.30000000000000004,-18.592964824120603,0.22522553445431912
8,0.30000000000000004,-18.391959798994975,0.2267243404360723
9,0.30000000000000004,-18.190954773869347,0.22825666971261543
10,0.30000000000000004,-17.98994974874372,0.22982349107794295
11,0.30000000000000004,-17.78894472361809,0.23142580345677455
12,0.30000000000000004,-17.587939698492463,0.23306465645889465
13,0.30000000000000004,-17.386934673366834,0.23474112823379678
14,0.30000000000000004,-17.185929648241206,0.2364563416685779
15,0.30000000000000004,-16.984924623115578,0.23821147992915978
16,0.30000000000000004,-16.78391959798995,0.2400077526163247
17,0.30000000000000004,-16.582914572864322,0.24184643210353596
18,0.30000000000000004,-16.381909547738694,0.24372884399970024
19,0.30000000000000004,-16.180904522613066,0.24565634969009897
20,0.30000000000000004,-15.979899497487438,0.2476303928730248
21,0.30000000000000004,-15.77889447236181,0.24965246719623055
22,0.30000000000000004,-15.577889447236181,0.25172412418448137
23,0.30000000000000004,-15.376884422110553,0.253846989755612
24,0.30000000000000004,-15.175879396984925,0.2560227568642148
25,0.30000000000000004,-14.974874371859297,0.2582531927305158
26,0.30000000000000004,-14.773869346733669,0.26054013523008174
27,0.30000000000000004,-14.57286432160804,0.26288551247857084
28,0.30000000000000004,-14.371859296482413,0.2652913340173931
29,0.30000000000000004,-14.170854271356784,0.26775970175661185
30,0.30000000000000004,-13.969849246231156,0.27029280114175597
31,0.30000000000000004,-13.768844221105528,0.2728929341149114
32,0.30000000000000004,-13.5678391959799,0.2755625031479815
33,0.30000000000000004,-13.366834170854272,0.2783040114685867
34,0.30000000000000004,-13.165829145728644,0.28112008834688196
35,0.30000000000000004,-12.964824120603016,0.2840134705497486
36,0.30000000000000004,-12.763819095477388,0.2869870409222551
37,0.30000000000000004,-12.56281407035176,0.2900437786153003
38,0.30000000000000004,-12.361809045226131,0.29318684290679864
39,0.30000000000000004,-12.160804020100503,0.29641954898230094
40,0.30000000000000004,-11.959798994974873,0.29974536360171594
41,0.30000000000000004,-11.758793969849245,0.3031679142691131
42,0.30000000000000004,-11.557788944723617,0.3066910298023888
43,0.30000000000000004,-11.356783919597989,0.3103186959815231
44,0.30000000000000004,-11.15577889447236,0.31405512218925796
45,0.30000000000000004,-10.954773869346733,0.31790469480136485
46,0.30000000000000004,-10.753768844221105,0.3218715241965409
47,0.30000000000000004,-10.552763819095476,0.32596146542449556
48,0.30000000000000004,-10.351758793969848,0.33017910278945284
49,0.30000000000000004,-10.15075376884422,0.3345297648807145
50,0.30000000000000004,-9.949748743718592,0.3390190307942285
51,0.30000000000000004,-9.748743718592964,0.34365278340676697
52,0.30000000000000004,-9.547738693467336,0.34843716979770495
53,0.30000000000000004,-9.346733668341708,0.3533786270213683
54,0.30000000000000004,-9.14572864321608,0.3584839172362826
55,0.30000000000000004,-8.944723618090451,0.36376011982710255
56,0.30000000000000004,-8.743718592964823,0.3692146089154058
57,0.30000000000000004,-8.542713567839195,0.3748554371689257
58,0.30000000000000004,-8.341708542713567,0.38069008160455337
59,0.30000000000000004,-8.140703517587939,0.3867260758732942
60,0.30000000000000004,-7.939698492462311,0.3929745142701194
61,0.30000000000000004,-7.738693467336683,0.39944335743962023
62,0.30000000000000004,-7.537688442211055,0.406142024629623
63,0.30000000000000004,-7.3366834170854265,0.41308025185308406
64,0.30000000000000004,-7.135678391959798,0.42026809700422774
65,0.30000000000000004,-6.93467336683417,0.4277158364586266
66,0.30000000000000004,-6.733668341708542,0.4354339571994163
67,0.30000000000000004,-6.532663316582914,0.44343310004188197
68,0.30000000000000004,-6.331658291457286,0.45172340122186355
69,0.30000000000000004,-6.130653266331658,0.46031666672742777
70,0.30000000000000004,-5.92964824120603,0.4692227193524224
71,0.30000000000000004,-5.7286432160804015,0.4784509622692114
72,0.30000000000000004,-5.527638190954773,0.48801250800122115
73,0.30000000000000004,-5.326633165829145,0.49791536965646793
74,0.30000000000000004,-5.125628140703517,0.508167257526525
75,0.30000000000000004,-4.924623115577889,0.5187744004855873
76,0.30000000000000004,-4.723618090452261,0.529741181483798
77,0.30000000000000004,-4.522613065326633,0.5410695597049
78,0.30000000000000004,-4.321608040201005,0.5527585835008066
79,0.30000000000000004,-4.1206030150753765,0.5648036236542462
80,0.30000000000000004,-3.9195979899497466,0.5771956977623037
81,0.30000000000000004,-3.7185929648241185,0.5899205587149478
82,0.30000000000000004,-3.5175879396984904,0.6029577903010777
83,0.30000000000000004,-3.3165829145728623,0.616279818846227
84,0.30000000000000004,-3.115577889447234,0.6298508463257471
85,0.30000000000000004,-2.914572864321606,0.6436257822786746
86,0.30000000000000004,-2.713567839195978,0.657549279610615
87,0.30000000000000004,-2.5125628140703498,0.6715547437346732
88,0.30000000000000004,-2.3115577889447216,0.6855636042052701
89,0.30000000000000004,-2.1105527638190935,0.6994847798153063
90,0.30000000000000004,-1.9095477386934654,0.7132145668751187
91,0.30000000000000004,-1.7085427135678373,0.7266359997832847
92,0.30000000000000004,-1.5075376884422091,0.7396232402510287
93,0.30000000000000004,-1.306532663316581,0.7520376515812273
94,0.30000000000000004,-1.105527638190953,0.7637334391309571
95,0.30000000000000004,-0.9045226130653248,0.7745595779780123
96,0.30000000000000004,-0.7035175879396967,0.7843631496646781
97,0.30000000000000004,-0.5025125628140685,0.7929933885185122
98,0.30000000000000004,-0.3015075376884404,0.8003061168064092
99,0.30000000000000004,-0.10050251256281229,0.8061683477485785
100,0.30000000000000004,0.10050251256281584,0.8104630683802371
101,0.30000000000000004,0.30150753768844396,0.8130938060102373
102,0.30000000000000004,0.5025125628140721,0.813988212902614
103,0.30000000000000004,0.7035175879397002,0.813101418852697
104,0.30000000000000004,0.9045226130653283,0.8104181755219183
105,0.30000000000000004,1.1055276381909565,0.8059538837265666
106,0.30000000000000004,1.3065326633165846,0.7997543123155048
107,0.30000000000000004,1.5075376884422127,0.791894084926317
108,0.30000000000000004,1.7085427135678408,0.782474109119829
109,0.30000000000000004,1.909547738693469,0.7716178306910502
110,0.30000000000000004,2.110552763819097,0.759466902443985
111,0.30000000000000004,2.311557788944725,0.746176266549933
112,0.30000000000000004,2.5125628140703533,0.7319090438220095
113,0.30000000000000004,2.7135678391959814,0.716832467420792
114,0.30000000000000004,2.9145728643216096,0.7011096947491879
115,0.30000000000000004,3.1155778894472377,0.6849010313092909
116,0.30000000000000004,3.316582914572866,0.6683569725683308
117,0.30000000000000004,3.517587939698494,0.6516164516470362
118,0.30000000000000004,3.718592964824122,0.6348050264878096
119,0.30000000000000004,3.91959798994975,0.6180337966404839
120,0.30000000000000004,4.120603015075378,0.6013989824722806
121,0.30000000000000004,4.321608040201006,0.5849821325412247
122,0.30000000000000004,4.5226130653266345,0.5688507885885092
123,0.30000000000000004,4.723618090452263,0.5530593718950453
124,0.30000000000000004,4.924623115577891,0.5376504205930869
125,0.30000000000000004,5.125628140703519,0.5226558899154337
126,0.30000000000000004,5.326633165829147,0.5080985142791842
127,0.30000000000000004,5.527638190954775,0.4939930673413066
128,0.30000000000000004,5.728643216080403,0.48034766444154536
129,0.30000000000000004,5.929648241206031,0.46716563293155555
130,0.30000000000000004,6.1306532663316595,0.4544435311701284
131,0.30000000000000004,6.331658291457288,0.44217708842545067
132,0.30000000000000004,6.532663316582916,0.4303569254915304
133,0.30000000000000004,6.733668341708544,0.4189730095756544
134,0.30000000000000004,6.934673366834172,0.40801324125046284
135,0.30000000000000004,7.1356783919598,0.39746431879473565
136,0.30000000000000004,7.336683417085428,0.3873113404747998
137,0.30000000000000004,7.537688442211056,0.37754274833197243
138,0.30000000000000004,7.7386934673366845,0.368141188713916
139,0.30000000000000004,7.939698492462313,0.35909195608411837
140,0.30000000000000004,8.14070351758794,0.3503810763876596
141,0.30000000000000004,8.341708542713569,0.3419942566485319
142,0.30000000000000004,8.542713567839197,0.333917518931444
143,0.30000000000000004,8.743718592964825,0.32613730962824844
144,0.30000000000000004,8.944723618090453,0.3186410257649773
145,0.30000000000000004,9.145728643216081,0.3114150335865496
146,0.30000000000000004,9.34673366834171,0.3044477246127683
147,0.30000000000000004,9.547738693467338,0.29772749923961483
148,0.30000000000000004,9.748743718592966,0.29124324284904457
149,0.30000000000000004,9.949748743718594,0.28498436411784644
150,0.30000000000000004,10.150753768844222,0.27894076344474655
151,0.30000000000000004,10.35175879396985,0.2731028292180169
152,0.30000000000000004,10.552763819095478,0.26746137489811145
153,0.30000000000000004,10.753768844221106,0.26200771526987804
154,0.30000000000000004,10.954773869346734,0.25673357132386515
155,0.30000000000000004,11.155778894472363,0.2516310813470036
156,0.30000000000000004,11.35678391959799,0.24669277622857938
157,0.30000000000000004,11.557788944723619,0.2419115600556302
158,0.30000000000000004,11.758793969849247,0.23728070352638428
159,0.30000000000000004,11.959798994974875,0.23279381023430756
160,0.30000000000000004,12.160804020100507,0.22844480749460683
161,0.30000000000000004,12.361809045226131,0.22422793128980492
162,0.30000000000000004,12.562814070351763,0.2201376954980469
163,0.30000000000000004,12.763819095477388,0.21616889582038523
164,0.30000000000000004,12.96482412060302,0.21231659257830457
165,0.30000000000000004,13.165829145728644,0.2085760802643303
166,0.30000000000000004,13.366834170854275,0.20494289643435795
167,0.30000000000000004,13.5678391959799,0.20141277847529532
168,0.30000000000000004,13.768844221105532,0.19798169287987769
169,0.30000000000000004,13.969849246231156,0.1946457873988669
170,0.30000000000000004,14.170854271356788,0.19140171094125977
171,0.30000000000000004,14.371859296482413,0.18824535450423438
172,0.30000000000000004,14.572864321608044,0.185173702961931
173,0.30000000000000004,14.773869346733669,0.18218359555731914
174,0.30000000000000004,14.9748743718593,0.1792724381676192
175,0.30000000000000004,15.175879396984925,0.17643649425479893
176,0.30000000000000004,15.376884422110557,0.17367345311886415
177,0.30000000000000004,15.577889447236181,0.17098068976756053
178,0.30000000000000004,15.778894472361813,0.16835570087478055
179,0.30000000000000004,15.979899497487438,0.165796103351238
180,0.30000000000000004,16.18090452261307,0.16329960708456573
181,0.30000000000000004,16.381909547738694,0.16086403588097836
182,0.30000000000000004,16.582914572864325,0.15848729567578665
183,0.30000000000000004,16.78391959798995,0.15616738673924457
184,0.30000000000000004,16.98492462311558,0.15390241668683446
185,0.30000000000000004,17.185929648241206,0.15169055613087856
186,0.30000000000000004,17.386934673366838,0.14953003352948063
187,0.30000000000000004,17.587939698492463,0.14741917555484216
188,0.30000000000000004,17.788944723618094,0.1453563816682619
189,0.30000000000000004,17.98994974874372,0.14334010784241147
190,0.30000000000000004,18.19095477386935,0.14136887632951442
191,0.30000000000000004,18.391959798994975,0.13944126350423144
192,0.30000000000000004,18.592964824120607,0.1375559163824833
193,0.30000000000000004,18.79396984924623,0.13571152282099017
194,0.30000000000000004,18.994974874371863,0.13390682807357482
195,0.30000000000000004,19.195979899497488,0.13214063756828837
196,0.30000000000000004,19.39698492462312,0.13041178566630682
197,0.30000000000000004,19.597989949748744,0.1287191693652413
198,0.30000000000000004,19.798994974874375,0.12706170600237296
199,0.30000000000000004,20.0,0.12543836746025244
