,t,height,fid
0,0.9000000000000002,-20.0,0.19711444282507248
1,0.9000000000000002,-19.798994974874372,0.2053503514508722
2,0.9000000000000002,-19.597989949748744,0.21524973614493118
3,0.9000000000000002,-19.396984924623116,0.22673302522867833
4,0.9000000000000002,-19.195979899497488,0.23968510614365188
5,0.9000000000000002,-18.99497487437186,0.2539567218783168
6,0.9000000000000002,-18.79396984924623,0.26937883640079385
7,0.9000000000000002,-18.592964824120603,0.2857868448656393
8,0.9000000000000002,-18.391959798994975,0.30303962589146455
9,0.9000000000000002,-18.190954773869347,0.32102840634417773
10,0.9000000000000002,-17.98994974874372,0.339680440596796
11,0.9000000000000002,-17.78894472361809,0.35895626075233655
12,0.9000000000000002,-17.587939698492463,0.37885072095597705
13,0.9000000000000002,-17.386934673366834,0.39938395409821226
14,0.9000000000000002,-17.185929648241206,0.4205805886851136
15,0.9000000000000002,-16.984924623115578,0.44244670973511674
16,0.9000000000000002,-16.78391959798995,0.46494837093990965
17,0.9000000000000002,-16.582914572864322,0.48799595298197984
18,0.9000000000000002,-16.381909547738694,0.5114323522138323
19,0.9000000000000002,-16.180904522613066,0.5350293697761428
20,0.9000000000000002,-15.979899497487438,0.5584991909253517
21,0.9000000000000002,-15.77889447236181,0.5815176986047479
22,0.9000000000000002,-15.577889447236181,0.6037536073503934
23,0.9000000000000002,-15.376884422110553,0.6249028731037011
24,0.9000000000000002,-15.175879396984925,0.6447191575047257
25,0.9000000000000002,-14.974874371859297,0.6630354926342011
26,0.9000000000000002,-14.773869346733669,0.679769991148578
27,0.9000000000000002,-14.57286432160804,0.6949149644578728
28,0.9000000000000002,-14.371859296482413,0.7085114640378246
29,0.9000000000000002,-14.170854271356784,0.7206141798992365
30,0.9000000000000002,-13.969849246231156,0.731260995465613
31,0.9000000000000002,-13.768844221105528,0.7404453133038356
32,0.9000000000000002,-13.5678391959799,0.7481144228666062
33,0.9000000000000002,-13.366834170854272,0.7541833298013224
34,0.9000000000000002,-13.165829145728644,0.7585644496051842
35,0.9000000000000002,-12.964824120603016,0.7612016636528525
36,0.9000000000000002,-12.763819095477388,0.7620964266541628
37,0.9000000000000002,-12.56281407035176,0.7613158376124999
38,0.9000000000000002,-12.361809045226131,0.7589799879832698
39,0.9000000000000002,-12.160804020100503,0.7552345491203994
40,0.9000000000000002,-11.959798994974873,0.7502210074439107
41,0.9000000000000002,-11.758793969849245,0.7440573560260308
42,0.9000000000000002,-11.557788944723617,0.7368362101604956
43,0.9000000000000002,-11.356783919597989,0.728638367994191
44,0.9000000000000002,-11.15577889447236,0.7195519854575043
45,0.9000000000000002,-10.954773869346733,0.7096807410695591
46,0.9000000000000002,-10.753768844221105,0.6991477127763214
47,0.9000000000000002,-10.552763819095476,0.6880804956033011
48,0.9000000000000002,-10.351758793969848,0.6765992384135127
49,0.9000000000000002,-10.15075376884422,0.6648105763948219
50,0.9000000000000002,-9.949748743718592,0.6528095658775407
51,0.9000000000000002,-9.748743718592964,0.6406852039751382
52,0.9000000000000002,-9.547738693467336,0.6285235768111497
53,0.9000000000000002,-9.346733668341708,0.6164068970485043
54,0.9000000000000002,-9.14572864321608,0.6044106195342643
55,0.9000000000000002,-8.944723618090451,0.5926018992560727
56,0.9000000000000002,-8.743718592964823,0.5810400036478722
57,0.9000000000000002,-8.542713567839195,0.5697774570251672
58,0.9000000000000002,-8.341708542713567,0.5588608457267273
59,0.9000000000000002,-8.140703517587939,0.5483308751205317
60,0.9000000000000002,-7.939698492462311,0.5382226511164929
61,0.9000000000000002,-7.738693467336683,0.5285661642734093
62,0.9000000000000002,-7.537688442211055,0.5193869139625528
63,0.9000000000000002,-7.3366834170854265,0.5107065512545544
64,0.9000000000000002,-7.135678391959798,0.502543396575731
65,0.9000000000000002,-6.93467336683417,0.4949130610185324
66,0.9000000000000002,-6.733668341708542,0.4878289906283039
67,0.9000000000000002,-6.532663316582914,0.481303087080641
68,0.9000000000000002,-6.331658291457286,0.4753462952425052
69,0.9000000000000002,-6.130653266331658,0.469969853288061
70,0.9000000000000002,-5.92964824120603,0.46518287220108046
71,0.9000000000000002,-5.7286432160804015,0.4609974590293953
72,0.9000000000000002,-5.527638190954773,0.4574261777863027
73,0.9000000000000002,-5.326633165829145,0.45448341019661703
74,0.9000000000000002,-5.125628140703517,0.452185977918008
75,0.9000000000000002,-4.924623115577889,0.4505536604097658
76,0.9000000000000002,-4.723618090452261,0.4496101062782608
77,0.9000000000000002,-4.522613065326633,0.4493832840856796
78,0.9000000000000002,-4.321608040201005,0.4499070245661352
79,0.9000000000000002,-4.1206030150753765,0.4512196999710717
80,0.9000000000000002,-3.9195979899497466,0.4533680710191243
81,0.9000000000000002,-3.7185929648241185,0.4564084072768714
82,0.9000000000000002,-3.5175879396984904,0.4604052809476701
83,0.9000000000000002,-3.3165829145728623,0.4654352571349814
84,0.9000000000000002,-3.115577889447234,0.47158822463674555
85,0.9000000000000002,-2.914572864321606,0.4789686486309955
86,0.9000000000000002,-2.713567839195978,0.4877008743624304
87,0.9000000000000002,-2.5125628140703498,0.4979268484396691
88,0.9000000000000002,-2.3115577889447216,0.5098112322391917
89,0.9000000000000002,-2.1105527638190935,0.5235420326433052
90,0.9000000000000002,-1.9095477386934654,0.539330284731695
91,0.9000000000000002,-1.7085427135678373,0.5574064174218838
92,0.9000000000000002,-1.5075376884422091,0.5780102414015182
93,0.9000000000000002,-1.306532663316581,0.6013696568523209
94,0.9000000000000002,-1.105527638190953,0.6276603654128426
95,0.9000000000000002,-0.9045226130653248,0.6569353088926784
96,0.9000000000000002,-0.7035175879396967,0.6890101311285307
97,0.9000000000000002,-0.5025125628140685,0.7232924393739786
98,0.9000000000000002,-0.3015075376884404,0.7585648186314371
99,0.9000000000000002,-0.10050251256281229,0.7927512509353674
100,0.9000000000000002,0.10050251256281584,0.822791457348592
101,0.9000000000000002,0.30150753768844396,0.8447794358319504
102,0.9000000000000002,0.5025125628140721,0.8545315474606036
103,0.9000000000000002,0.7035175879397002,0.8485915918861405
104,0.9000000000000002,0.9045226130653283,0.825385233992305
105,0.9000000000000002,1.1055276381909565,0.785985619081525
106,0.9000000000000002,1.3065326633165846,0.7340054521780798
107,0.9000000000000002,1.5075376884422127,0.6745733871969672
108,0.9000000000000002,1.7085427135678408,0.6128884227654811
109,0.9000000000000002,1.909547738693469,0.5530634575473836
110,0.9000000000000002,2.110552763819097,0.49765074075192534
111,0.9000000000000002,2.311557788944725,0.4477977502684955
112,0.9000000000000002,2.5125628140703533,0.4036844908768867
113,0.9000000000000002,2.7135678391959814,0.36497278568219127
114,0.9000000000000002,2.9145728643216096,0.33109233288556383
115,0.9000000000000002,3.1155778894472377,0.3014285230998909
116,0.9000000000000002,3.316582914572866,0.2753949468580173
117,0.9000000000000002,3.517587939698494,0.2524707495469794
118,0.9000000000000002,3.718592964824122,0.23220626978185044
119,0.9000000000000002,3.91959798994975,0.21421984795073676
120,0.9000000000000002,4.120603015075378,0.1981900606275848
121,0.9000000000000002,4.321608040201006,0.18384719997571997
122,0.9000000000000002,4.5226130653266345,0.17096420997203765
123,0.9000000000000002,4.723618090452263,0.15934957691025275
124,0.9000000000000002,4.924623115577891,0.14884244115567677
125,0.9000000000000002,5.125628140703519,0.1393060513152385
126,0.9000000000000002,5.326633165829147,0.13062404024434185
127,0.9000000000000002,5.527638190954775,0.12269692598588584
128,0.9000000000000002,5.728643216080403,0.11543956205118613
129,0.9000000000000002,5.929648241206031,0.10877820206308829
130,0.9000000000000002,6.1306532663316595,0.10264916356776418
131,0.9000000000000002,6.331658291457288,0.09699626266844433
132,0.9000000000000002,6.532663316582916,0.09177185304629695
133,0.9000000000000002,6.733668341708544,0.08693563143721907
134,0.9000000000000002,6.934673366834172,0.08244826997406571
135,0.9000000000000002,7.1356783919598,0.07827194548659483
136,0.9000000000000002,7.336683417085428,0.07438335403022786
137,0.9000000000000002,7.537688442211056,0.07077415274821858
138,0.9000000000000002,7.7386934673366845,0.06740767927077422
139,0.9000000000000002,7.939698492462313,0.06421470934523585
140,0.9000000000000002,8.14070351758794,0.06118876476251538
141,0.9000000000000002,8.341708542713569,0.058431664035934694
142,0.9000000000000002,8.542713567839197,0.055979008860783816
143,0.9000000000000002,8.743718592964825,0.05361437543108554
144,0.9000000000000002,8.944723618090453,0.05106733371389497
145,0.9000000000000002,9.145728643216081,0.04847123811049527
146,0.9000000000000002,9.34673366834171,0.04639497038436632
147,0.9000000000000002,9.547738693467338,0.04516711412602075
148,0.9000000000000002,9.748743718592966,0.044228870676128594
149,0.9000000000000002,9.949748743718594,0.04246693517300305
150,0.9000000000000002,10.150753768844222,0.039404091659440185
151,0.9000000000000002,10.35175879396985,0.03600357995976866
152,0.9000000000000002,10.552763819095478,0.03407325178655635
153,0.9000000000000002,10.753768844221106,0.03464769975755397
154,0.9000000000000002,10.954773869346734,0.03680863184982669
155,0.9000000000000002,11.155778894472363,0.038080895331018945
156,0.9000000000000002,11.35678391959799,0.03619143729210304
157,0.9000000000000002,11.557788944723619,0.030847288505165684
158,0.9000000000000002,11.758793969849247,0.024203749309586835
159,0.9000000000000002,11.959798994974875,0.01967907130467239
160,0.9000000000000002,12.160804020100507,0.01991982188244666
161,0.9000000000000002,12.361809045226131,0.025193879581267772
162,0.9000000000000002,12.562814070351763,0.033123386801728265
163,0.9000000000000002,12.763819095477388,0.03982415862667398
164,0.9000000000000002,12.96482412060302,0.04176651687484211
165,0.9000000000000002,13.165829145728644,0.03740226099346248
166,0.9000000000000002,13.366834170854275,0.02783583714619983
167,0.9000000000000002,13.5678391959799,0.01634864429912917
168,0.9000000000000002,13.768844221105532,0.007093648323281954
169,0.9000000000000002,13.969849246231156,0.003560952196132529
170,0.9000000000000002,14.170854271356788,0.007399959641029487
171,0.9000000000000002,14.371859296482413,0.01795707587548432
172,0.9000000000000002,14.572864321608044,0.03259127082936518
173,0.9000000000000002,14.773869346733669,0.04755631185622252
174,0.9000000000000002,14.9748743718593,0.05910947075063394
175,0.9000000000000002,15.175879396984925,0.06450396260898808
176,0.9000000000000002,15.376884422110557,0.06261166846924952
177,0.9000000000000002,15.577889447236181,0.05407878053253827
178,0.9000000000000002,15.778894472361813,0.04104424556617856
179,0.9000000000000002,15.979899497487438,0.026553990036315183
180,0.9000000000000002,16.18090452261307,0.013852319243438061
181,0.9000000000000002,16.381909547738694,0.005723239243369645
182,0.9000000000000002,16.582914572864325,0.004003175500346111
183,0.9000000000000002,16.78391959798995,0.009326537417588663
184,0.9000000000000002,16.98492462311558,0.0211260081598836
185,0.9000000000000002,17.185929648241206,0.03784560578829498
186,0.9000000000000002,17.386934673366838,0.057273687682045105
187,0.9000000000000002,17.587939698492463,0.0769241605994346
188,0.9000000000000002,17.788944723618094,0.0944245732580687
189,0.9000000000000002,17.98994974874372,0.10786890101680595
190,0.9000000000000002,18.19095477386935,0.11604938326514953
191,0.9000000000000002,18.391959798994975,0.11851437609817708
192,0.9000000000000002,18.592964824120607,0.1154895205304364
193,0.9000000000000002,18.79396984924623,0.10776458287770534
194,0.9000000000000002,18.994974874371863,0.09659962102514899
195,0.9000000000000002,19.195979899497488,0.08360659984133219
196,0.9000000000000002,19.39698492462312,0.07054122876893902
197,0.9000000000000002,19.597989949748744,0.05904778506483103
198,0.9000000000000002,19.798994974874375,0.05045613549981225
199,0.9000000000000002,20.0,0.04569380822109627
