,t,height,fid
0,0.6500000000000001,-20.0,0.5281384979660944
1,0.6500000000000001,-19.798994974874372,0.5212176906750233
2,0.6500000000000001,-19.597989949748744,0.5145579034728859
3,0.6500000000000001,-19.396984924623116,0.5082065775143708
4,0.6500000000000001,-19.195979899497488,0.5021663009995747
5,0.6500000000000001,-18.99497487437186,0.49639832751606927
6,0.6500000000000001,-18.79396984924623,0.49083285973053026
7,0.6500000000000001,-18.592964824120603,0.4853838100274183
8,0.6500000000000001,-18.391959798994975,0.4799658119974827
9,0.6500000000000001,-18.190954773869347,0.4745102084789946
10,0.6500000000000001,-17.98994974874372,0.4689779049355482
11,0.6500000000000001,-17.78894472361809,0.4633622552819631
12,0.6500000000000001,-17.587939698492463,0.45769189076069927
13,0.6500000000000001,-17.386934673366834,0.45201962355341907
14,0.6500000000000001,-17.185929648241206,0.44641049453752174
15,0.6500000000000001,-16.984924623115578,0.44092501549300256
16,0.6500000000000001,-16.78391959798995,0.4356096590700707
17,0.6500000000000001,-16.582914572864322,0.43048699799331575
18,0.6500000000000001,-16.381909547738694,0.4255550709808593
19,0.6500000000000001,-16.180904522613066,0.42079276928805526
20,0.6500000000000001,-15.979899497487438,0.41616944182497423
21,0.6500000000000001,-15.77889447236181,0.41165595424812207
22,0.6500000000000001,-15.577889447236181,0.40723346210822053
23,0.6500000000000001,-15.376884422110553,0.4028976297938323
24,0.6500000000000001,-15.175879396984925,0.39865748730132583
25,0.6500000000000001,-14.974874371859297,0.3945300002601694
26,0.6500000000000001,-14.773869346733669,0.3905329422911282
27,0.6500000000000001,-14.57286432160804,0.38667890468608895
28,0.6500000000000001,-14.371859296482413,0.38297363732600664
29,0.6500000000000001,-14.170854271356784,0.37941222295037547
30,0.6500000000000001,-13.969849246231156,0.3759886889102131
31,0.6500000000000001,-13.768844221105528,0.37269942634069286
32,0.6500000000000001,-13.5678391959799,0.3695394327561566
33,0.6500000000000001,-13.366834170854272,0.3665099430741747
34,0.6500000000000001,-13.165829145728644,0.3636139050429351
35,0.6500000000000001,-12.964824120603016,0.36085455748933687
36,0.6500000000000001,-12.763819095477388,0.35823402543220667
37,0.6500000000000001,-12.56281407035176,0.35575293845163936
38,0.6500000000000001,-12.361809045226131,0.35341109069934556
39,0.6500000000000001,-12.160804020100503,0.3512082231849665
40,0.6500000000000001,-11.959798994974873,0.34914460965272237
41,0.6500000000000001,-11.758793969849245,0.34722111412971235
42,0.6500000000000001,-11.557788944723617,0.34543890562432894
43,0.6500000000000001,-11.356783919597989,0.34379924143242085
44,0.6500000000000001,-11.15577889447236,0.34230334268622936
45,0.6500000000000001,-10.954773869346733,0.340952498293128
46,0.6500000000000001,-10.753768844221105,0.3397482119418254
47,0.6500000000000001,-10.552763819095476,0.3386921850402688
48,0.6500000000000001,-10.351758793969848,0.33778643481128234
49,0.6500000000000001,-10.15075376884422,0.3370332181654408
50,0.6500000000000001,-9.949748743718592,0.33643508326325466
51,0.6500000000000001,-9.748743718592964,0.3359948607604548
52,0.6500000000000001,-9.547738693467336,0.3357157671675095
53,0.6500000000000001,-9.346733668341708,0.3356013613931112
54,0.6500000000000001,-9.14572864321608,0.3356556318703049
55,0.6500000000000001,-8.944723618090451,0.3358830046451739
56,0.6500000000000001,-8.743718592964823,0.3362884133580147
57,0.6500000000000001,-8.542713567839195,0.3368773228466292
58,0.6500000000000001,-8.341708542713567,0.33765579287474096
59,0.6500000000000001,-8.140703517587939,0.33863049789424315
60,0.6500000000000001,-7.939698492462311,0.33980886824692985
61,0.6500000000000001,-7.738693467336683,0.3411990713143244
62,0.6500000000000001,-7.537688442211055,0.3428101425544529
63,0.6500000000000001,-7.3366834170854265,0.34465205703618595
64,0.6500000000000001,-7.135678391959798,0.34673583356305415
65,0.6500000000000001,-6.93467336683417,0.3490736166373906
66,0.6500000000000001,-6.733668341708542,0.35167885531026644
67,0.6500000000000001,-6.532663316582914,0.35456637015012205
68,0.6500000000000001,-6.331658291457286,0.35775256363408514
69,0.6500000000000001,-6.130653266331658,0.36125555320854763
70,0.6500000000000001,-5.92964824120603,0.365095409810311
71,0.6500000000000001,-5.7286432160804015,0.3692952094027386
72,0.6500000000000001,-5.527638190954773,0.3738772147370635
73,0.6500000000000001,-5.326633165829145,0.3788707382197143
74,0.6500000000000001,-5.125628140703517,0.38430545096471397
75,0.6500000000000001,-4.924623115577889,0.3902137377833736
76,0.6500000000000001,-4.723618090452261,0.39663524760859753
77,0.6500000000000001,-4.522613065326633,0.40361018330562615
78,0.6500000000000001,-4.321608040201005,0.41118452172063646
79,0.6500000000000001,-4.1206030150753765,0.4194092451869829
80,0.6500000000000001,-3.9195979899497466,0.4283408281576798
81,0.6500000000000001,-3.7185929648241185,0.43804175178050314
82,0.6500000000000001,-3.5175879396984904,0.44858081869548155
83,0.6500000000000001,-3.3165829145728623,0.4600329229918887
84,0.6500000000000001,-3.115577889447234,0.4724811252459663
85,0.6500000000000001,-2.914572864321606,0.4860123581946745
86,0.6500000000000001,-2.713567839195978,0.5007214753584206
87,0.6500000000000001,-2.5125628140703498,0.5167039572820621
88,0.6500000000000001,-2.3115577889447216,0.5340552110415615
89,0.6500000000000001,-2.1105527638190935,0.5528636519463447
90,0.6500000000000001,-1.9095477386934654,0.5732011086072687
91,0.6500000000000001,-1.7085427135678373,0.5951085072548382
92,0.6500000000000001,-1.5075376884422091,0.6185753881232874
93,0.6500000000000001,-1.306532663316581,0.643511654803024
94,0.6500000000000001,-1.105527638190953,0.669711009925088
95,0.6500000000000001,-0.9045226130653248,0.6968070872024665
96,0.6500000000000001,-0.7035175879396967,0.7242255420419154
97,0.6500000000000001,-0.5025125628140685,0.7511464930541133
98,0.6500000000000001,-0.3015075376884404,0.7764789541649202
99,0.6500000000000001,-0.10050251256281229,0.7988833452579641
100,0.6500000000000001,0.10050251256281584,0.8168474970574883
101,0.6500000000000001,0.30150753768844396,0.8288304577346646
102,0.6500000000000001,0.5025125628140721,0.8334636458195116
103,0.6500000000000001,0.7035175879397002,0.8297754899881663
104,0.6500000000000001,0.9045226130653283,0.8173862870936213
105,0.6500000000000001,1.1055276381909565,0.7966147439948253
106,0.6500000000000001,1.3065326633165846,0.7684569919561793
107,0.6500000000000001,1.5075376884422127,0.7344365190091162
108,0.6500000000000001,1.7085427135678408,0.6963653993357396
109,0.6500000000000001,1.909547738693469,0.6560776491749906
110,0.6500000000000001,2.110552763819097,0.615213706087708
111,0.6500000000000001,2.311557788944725,0.5750798866280409
112,0.6500000000000001,2.5125628140703533,0.5366038807158814
113,0.6500000000000001,2.7135678391959814,0.500361474334542
114,0.6500000000000001,2.9145728643216096,0.46664413183847614
115,0.6500000000000001,3.1155778894472377,0.4355348014943453
116,0.6500000000000001,3.316582914572866,0.40698039469006164
117,0.6500000000000001,3.517587939698494,0.38085192970190734
118,0.6500000000000001,3.718592964824122,0.3569726882593393
119,0.6500000000000001,3.91959798994975,0.33515290987044616
120,0.6500000000000001,4.120603015075378,0.3152036054477539
121,0.6500000000000001,4.321608040201006,0.2969423161817464
122,0.6500000000000001,4.5226130653266345,0.2802012463222564
123,0.6500000000000001,4.723618090452263,0.264827079078583
124,0.6500000000000001,4.924623115577891,0.2506816729132544
125,0.6500000000000001,5.125628140703519,0.23764149063836407
126,0.6500000000000001,5.326633165829147,0.22559652432895497
127,0.6500000000000001,5.527638190954775,0.2144490338926326
128,0.6500000000000001,5.728643216080403,0.20411227128862106
129,0.6500000000000001,5.929648241206031,0.19450924662249883
130,0.6500000000000001,6.1306532663316595,0.18557189374763836
131,0.6500000000000001,6.331658291457288,0.17723923856977716
132,0.6500000000000001,6.532663316582916,0.16945662587082203
133,0.6500000000000001,6.733668341708544,0.1621762497131665
134,0.6500000000000001,6.934673366834172,0.1553550121727593
135,0.6500000000000001,7.1356783919598,0.148954303151446
136,0.6500000000000001,7.336683417085428,0.14293953230588557
137,0.6500000000000001,7.537688442211056,0.13727961494492186
138,0.6500000000000001,7.7386934673366845,0.1319465469967227
139,0.6500000000000001,7.939698492462313,0.12691506102425515
140,0.6500000000000001,8.14070351758794,0.12216232687947455
141,0.6500000000000001,8.341708542713569,0.11766769123108414
142,0.6500000000000001,8.542713567839197,0.11341264330697194
143,0.6500000000000001,8.743718592964825,0.1093797935828132
144,0.6500000000000001,8.944723618090453,0.10555352650931357
145,0.6500000000000001,9.145728643216081,0.10191945943242064
146,0.6500000000000001,9.34673366834171,0.09846532572846878
147,0.6500000000000001,9.547738693467338,0.09517921847395308
148,0.6500000000000001,9.748743718592966,0.0920493330566242
149,0.6500000000000001,9.949748743718594,0.08906479837727248
150,0.6500000000000001,10.150753768844222,0.0862168655847425
151,0.6500000000000001,10.35175879396985,0.08350064667990532
152,0.6500000000000001,10.552763819095478,0.08091116866157322
153,0.6500000000000001,10.753768844221106,0.07843840975538306
154,0.6500000000000001,10.954773869346734,0.07606488417360066
155,0.6500000000000001,11.155778894472363,0.07377619417146679
156,0.6500000000000001,11.35678391959799,0.07157319068217813
157,0.6500000000000001,11.557788944723619,0.0694757971628385
158,0.6500000000000001,11.758793969849247,0.0675054178328386
159,0.6500000000000001,11.959798994974875,0.06565459991553195
160,0.6500000000000001,12.160804020100507,0.06387123758331066
161,0.6500000000000001,12.361809045226131,0.06208165021230637
162,0.6500000000000001,12.562814070351763,0.06024718488837069
163,0.6500000000000001,12.763819095477388,0.058414390991621684
164,0.6500000000000001,12.96482412060302,0.05671105397512534
165,0.6500000000000001,13.165829145728644,0.05527279765821961
166,0.6500000000000001,13.366834170854275,0.05413787035369801
167,0.6500000000000001,13.5678391959799,0.05318128135764996
168,0.6500000000000001,13.768844221105532,0.052145429118582165
169,0.6500000000000001,13.969849246231156,0.050767488582311886
170,0.6500000000000001,14.170854271356788,0.04894036858480796
171,0.6500000000000001,14.371859296482413,0.0468135284843907
172,0.6500000000000001,14.572864321608044,0.04476952181552761
173,0.6500000000000001,14.773869346733669,0.04326864104653181
174,0.6500000000000001,14.9748743718593,0.04263355910939337
175,0.6500000000000001,15.175879396984925,0.042870466470656635
176,0.6500000000000001,15.376884422110557,0.043616450218374424
177,0.6500000000000001,15.577889447236181,0.04424224125853267
178,0.6500000000000001,15.778894472361813,0.04407452940751472
179,0.6500000000000001,15.979899497487438,0.04265168401023249
180,0.6500000000000001,16.18090452261307,0.03991526632597154
181,0.6500000000000001,16.381909547738694,0.0362664240288338
182,0.6500000000000001,16.582914572864325,0.03246811227622148
183,0.6500000000000001,16.78391959798995,0.029425865615982323
184,0.6500000000000001,16.98492462311558,0.02792104301274756
185,0.6500000000000001,17.185929648241206,0.028377498209943286
186,0.6500000000000001,17.386934673366838,0.030728982628357708
187,0.6500000000000001,17.587939698492463,0.03441993107277469
188,0.6500000000000001,17.788944723618094,0.03853292743416142
189,0.6500000000000001,17.98994974874372,0.04200490677472482
190,0.6500000000000001,18.19095477386935,0.04387013121860452
191,0.6500000000000001,18.391959798994975,0.04347831913654233
192,0.6500000000000001,18.592964824120607,0.04063333451066231
193,0.6500000000000001,18.79396984924623,0.035632907316156134
194,0.6500000000000001,18.994974874371863,0.02920762766590845
195,0.6500000000000001,19.195979899497488,0.022378502002433923
196,0.6500000000000001,19.39698492462312,0.016268359685890025
197,0.6500000000000001,19.597989949748744,0.011905457248785663
198,0.6500000000000001,19.798994974874375,0.010053572976556525
199,0.6500000000000001,20.0,0.011097911310583323
