,t,height,fid
0,0.7500000000000002,-20.0,0.7172786874597333
1,0.7500000000000002,-19.798994974874372,0.7178438278319142
2,0.7500000000000002,-19.597989949748744,0.7174520675949567
3,0.7500000000000002,-19.396984924623116,0.7163016984195637
4,0.7500000000000002,-19.195979899497488,0.7145903959227108
5,0.7500000000000002,-18.99497487437186,0.7124934260351676
6,0.7500000000000002,-18.79396984924623,0.7101443139604593
7,0.7500000000000002,-18.592964824120603,0.7076209160729162
8,0.7500000000000002,-18.391959798994975,0.7049390532924606
9,0.7500000000000002,-18.190954773869347,0.7020545622050507
10,0.7500000000000002,-17.98994974874372,0.6988747251461878
11,0.7500000000000002,-17.78894472361809,0.6952776763403629
12,0.7500000000000002,-17.587939698492463,0.6911366405356033
13,0.7500000000000002,-17.386934673366834,0.6863454021999772
14,0.7500000000000002,-17.185929648241206,0.6808403892154817
15,0.7500000000000002,-16.984924623115578,0.6746150337811098
16,0.7500000000000002,-16.78391959798995,0.6677236403360799
17,0.7500000000000002,-16.582914572864322,0.660273524866106
18,0.7500000000000002,-16.381909547738694,0.6524063948547653
19,0.7500000000000002,-16.180904522613066,0.6442738253954452
20,0.7500000000000002,-15.979899497487438,0.6360110627560027
21,0.7500000000000002,-15.77889447236181,0.6277157915537209
22,0.7500000000000002,-15.577889447236181,0.6194374238440395
23,0.7500000000000002,-15.376884422110553,0.6111783707866867
24,0.7500000000000002,-15.175879396984925,0.6029072646180038
25,0.7500000000000002,-14.974874371859297,0.5945800346468246
26,0.7500000000000002,-14.773869346733669,0.5861619670137594
27,0.7500000000000002,-14.57286432160804,0.5776443731782471
28,0.7500000000000002,-14.371859296482413,0.5690508343369445
29,0.7500000000000002,-14.170854271356784,0.5604318992535864
30,0.7500000000000002,-13.969849246231156,0.5518509994816462
31,0.7500000000000002,-13.768844221105528,0.5433675840264892
32,0.7500000000000002,-13.5678391959799,0.5350240310190778
33,0.7500000000000002,-13.366834170854272,0.5268408568331289
34,0.7500000000000002,-13.165829145728644,0.5188210554837224
35,0.7500000000000002,-12.964824120603016,0.510960081873647
36,0.7500000000000002,-12.763819095477388,0.5032562859746278
37,0.7500000000000002,-12.56281407035176,0.4957167422714929
38,0.7500000000000002,-12.361809045226131,0.48835687958143115
39,0.7500000000000002,-12.160804020100503,0.4811954605214206
40,0.7500000000000002,-11.959798994974873,0.474248778650436
41,0.7500000000000002,-11.758793969849245,0.4675281873159062
42,0.7500000000000002,-11.557788944723617,0.4610375578652068
43,0.7500000000000002,-11.356783919597989,0.45478054760351383
44,0.7500000000000002,-11.15577889447236,0.4487609247837284
45,0.7500000000000002,-10.954773869346733,0.44298185763890013
46,0.7500000000000002,-10.753768844221105,0.43744874197335515
47,0.7500000000000002,-10.552763819095476,0.4321658664141409
48,0.7500000000000002,-10.351758793969848,0.42713642588336487
49,0.7500000000000002,-10.15075376884422,0.4223627257317033
50,0.7500000000000002,-9.949748743718592,0.417846738540688
51,0.7500000000000002,-9.748743718592964,0.4135903885917272
52,0.7500000000000002,-9.547738693467336,0.40959564643331586
53,0.7500000000000002,-9.346733668341708,0.40586442896175506
54,0.7500000000000002,-9.14572864321608,0.40239866654017103
55,0.7500000000000002,-8.944723618090451,0.39920040446293753
56,0.7500000000000002,-8.743718592964823,0.3962718796654738
57,0.7500000000000002,-8.542713567839195,0.39361564538614413
58,0.7500000000000002,-8.341708542713567,0.3912346260640682
59,0.7500000000000002,-8.140703517587939,0.3891322341645694
60,0.7500000000000002,-7.939698492462311,0.38731242548133255
61,0.7500000000000002,-7.738693467336683,0.38577981024213176
62,0.7500000000000002,-7.537688442211055,0.3845409341349918
63,0.7500000000000002,-7.3366834170854265,0.38359966076562324
64,0.7500000000000002,-7.135678391959798,0.3829643635241106
65,0.7500000000000002,-6.93467336683417,0.3826433422439298
66,0.7500000000000002,-6.733668341708542,0.3826461245379565
67,0.7500000000000002,-6.532663316582914,0.382983629613892
68,0.7500000000000002,-6.331658291457286,0.38366833979457227
69,0.7500000000000002,-6.130653266331658,0.3847144707844011
70,0.7500000000000002,-5.92964824120603,0.38613705124857817
71,0.7500000000000002,-5.7286432160804015,0.38795681259368275
72,0.7500000000000002,-5.527638190954773,0.39019346880503647
73,0.7500000000000002,-5.326633165829145,0.3928706972695236
74,0.7500000000000002,-5.125628140703517,0.39601530285042774
75,0.7500000000000002,-4.924623115577889,0.39965771098724784
76,0.7500000000000002,-4.723618090452261,0.40383234949406593
77,0.7500000000000002,-4.522613065326633,0.40857819753691915
78,0.7500000000000002,-4.321608040201005,0.4139394424910051
79,0.7500000000000002,-4.1206030150753765,0.4199661039481908
80,0.7500000000000002,-3.9195979899497466,0.4267148444285578
81,0.7500000000000002,-3.7185929648241185,0.4342497644917457
82,0.7500000000000002,-3.5175879396984904,0.4426433663472807
83,0.7500000000000002,-3.3165829145728623,0.45197746162395863
84,0.7500000000000002,-3.115577889447234,0.4623435703170174
85,0.7500000000000002,-2.914572864321606,0.47384580774710455
86,0.7500000000000002,-2.713567839195978,0.48659745162046447
87,0.7500000000000002,-2.5125628140703498,0.5007259488942287
88,0.7500000000000002,-2.3115577889447216,0.5163665107875323
89,0.7500000000000002,-2.1105527638190935,0.533662003809107
90,0.7500000000000002,-1.9095477386934654,0.5527557637764868
91,0.7500000000000002,-1.7085427135678373,0.5737803563566934
92,0.7500000000000002,-1.5075376884422091,0.5968385871745903
93,0.7500000000000002,-1.306532663316581,0.6219736129697773
94,0.7500000000000002,-1.105527638190953,0.6491239084463036
95,0.7500000000000002,-0.9045226130653248,0.6780598378126659
96,0.7500000000000002,-0.7035175879396967,0.708301217105599
97,0.7500000000000002,-0.5025125628140685,0.7390219218743384
98,0.7500000000000002,-0.3015075376884404,0.7689666173633288
99,0.7500000000000002,-0.10050251256281229,0.7964024399183187
100,0.7500000000000002,0.10050251256281584,0.8191735935260018
101,0.7500000000000002,0.30150753768844396,0.8348929638086989
102,0.7500000000000002,0.5025125628140721,0.8412888887704598
103,0.7500000000000002,0.7035175879397002,0.836656961742991
104,0.7500000000000002,0.9045226130653283,0.8202923040403681
105,0.7500000000000002,1.1055276381909565,0.7927432964584564
106,0.7500000000000002,1.3065326633165846,0.7557668819256722
107,0.7500000000000002,1.5075376884422127,0.7119793622235702
108,0.7500000000000002,1.7085427135678408,0.6643186104125658
109,0.7500000000000002,1.909547738693469,0.615521388749731
110,0.7500000000000002,2.110552763819097,0.5677572688194941
111,0.7500000000000002,2.311557788944725,0.5224946107549032
112,0.7500000000000002,2.5125628140703533,0.4805529606926494
113,0.7500000000000002,2.7135678391959814,0.4422558320678671
114,0.7500000000000002,2.9145728643216096,0.407593676298859
115,0.7500000000000002,3.1155778894472377,0.37637608621020696
116,0.7500000000000002,3.316582914572866,0.34831478645497077
117,0.7500000000000002,3.517587939698494,0.32309405955173176
118,0.7500000000000002,3.718592964824122,0.3004029883921549
119,0.7500000000000002,3.91959798994975,0.2799494717096546
120,0.7500000000000002,4.120603015075378,0.2614709588253789
121,0.7500000000000002,4.321608040201006,0.24473417198993866
122,0.7500000000000002,4.5226130653266345,0.2295344319325209
123,0.7500000000000002,4.723618090452263,0.21569326161647343
124,0.7500000000000002,4.924623115577891,0.20305546985348327
125,0.7500000000000002,5.125628140703519,0.19148653807315438
126,0.7500000000000002,5.326633165829147,0.18086864497840097
127,0.7500000000000002,5.527638190954775,0.1711005418350155
128,0.7500000000000002,5.728643216080403,0.1620924614169049
129,0.7500000000000002,5.929648241206031,0.15376711859413197
130,0.7500000000000002,6.1306532663316595,0.14605641449176862
131,0.7500000000000002,6.331658291457288,0.13890053231577207
132,0.7500000000000002,6.532663316582916,0.13224673474771703
133,0.7500000000000002,6.733668341708544,0.1260484905711443
134,0.7500000000000002,6.934673366834172,0.12026455130005369
135,0.7500000000000002,7.1356783919598,0.11485850745078796
136,0.7500000000000002,7.336683417085428,0.1097974915946324
137,0.7500000000000002,7.537688442211056,0.10505251853530155
138,0.7500000000000002,7.7386934673366845,0.10059711989933556
139,0.7500000000000002,7.939698492462313,0.09640772255942434
140,0.7500000000000002,8.14070351758794,0.09246308663074107
141,0.7500000000000002,8.341708542713569,0.08874579814351655
142,0.7500000000000002,8.542713567839197,0.08523981710513384
143,0.7500000000000002,8.743718592964825,0.08192724406612803
144,0.7500000000000002,8.944723618090453,0.07878834376414803
145,0.7500000000000002,9.145728643216081,0.07581031611959288
146,0.7500000000000002,9.34673366834171,0.07299621406055959
147,0.7500000000000002,9.547738693467338,0.07034902193463252
148,0.7500000000000002,9.748743718592966,0.06784365839719701
149,0.7500000000000002,9.949748743718594,0.0654260821478429
150,0.7500000000000002,10.150753768844222,0.06306419122905879
151,0.7500000000000002,10.35175879396985,0.06080458382075541
152,0.7500000000000002,10.552763819095478,0.058751121038305106
153,0.7500000000000002,10.753768844221106,0.056948550989027284
154,0.7500000000000002,10.954773869346734,0.05527683640786697
155,0.7500000000000002,11.155778894472363,0.053495146905045254
156,0.7500000000000002,11.35678391959799,0.051448123339695645
157,0.7500000000000002,11.557788944723619,0.049268127412917515
158,0.7500000000000002,11.758793969849247,0.047361198013263245
159,0.7500000000000002,11.959798994974875,0.046129511280444756
160,0.7500000000000002,12.160804020100507,0.0456111143667916
161,0.7500000000000002,12.361809045226131,0.045332386579293525
162,0.7500000000000002,12.562814070351763,0.0445267893343253
163,0.7500000000000002,12.763819095477388,0.04261609609172278
164,0.7500000000000002,12.96482412060302,0.039646004220915174
165,0.7500000000000002,13.165829145728644,0.036380367020295415
166,0.7500000000000002,13.366834170854275,0.03396622405761199
167,0.7500000000000002,13.5678391959799,0.033339081719642075
168,0.7500000000000002,13.768844221105532,0.034691320300393916
169,0.7500000000000002,13.969849246231156,0.037285449783873305
170,0.7500000000000002,14.170854271356788,0.03971134290680571
171,0.7500000000000002,14.371859296482413,0.040465241859087286
172,0.7500000000000002,14.572864321608044,0.038588040323147166
173,0.7500000000000002,14.773869346733669,0.03408997750838374
174,0.7500000000000002,14.9748743718593,0.0279946689055518
175,0.7500000000000002,15.175879396984925,0.022009033561930392
176,0.7500000000000002,15.376884422110557,0.017951867151382007
177,0.7500000000000002,15.577889447236181,0.017157948681966757
178,0.7500000000000002,15.778894472361813,0.02005481603163939
179,0.7500000000000002,15.979899497487438,0.02603050063580203
180,0.7500000000000002,16.18090452261307,0.03360901772447135
181,0.7500000000000002,16.381909547738694,0.040857660584703775
182,0.7500000000000002,16.582914572864325,0.04589111233342466
183,0.7500000000000002,16.78391959798995,0.04733555411496465
184,0.7500000000000002,16.98492462311558,0.044639225414813966
185,0.7500000000000002,17.185929648241206,0.03817034130398851
186,0.7500000000000002,17.386934673366838,0.029109649066590797
187,0.7500000000000002,17.587939698492463,0.019174475681069142
188,0.7500000000000002,17.788944723618094,0.0102609806132265
189,0.7500000000000002,17.98994974874372,0.0040778252175809205
190,0.7500000000000002,18.19095477386935,0.0018501108427077585
191,0.7500000000000002,18.391959798994975,0.004131272641418048
192,0.7500000000000002,18.592964824120607,0.010748353767632992
193,0.7500000000000002,18.79396984924623,0.020871104588747812
194,0.7500000000000002,18.994974874371863,0.033180747142431515
195,0.7500000000000002,19.195979899497488,0.04609156669866353
196,0.7500000000000002,19.39698492462312,0.05799051100407683
197,0.7500000000000002,19.597989949748744,0.06745855030824842
198,0.7500000000000002,19.798994974874375,0.07344094435551189
199,0.7500000000000002,20.0,0.07535808742199222
