,t,height,fid
0,0.6000000000000002,-20.0,0.41106437281857827
1,0.6000000000000002,-19.798994974874372,0.40683400636140366
2,0.6000000000000002,-19.597989949748744,0.4025295907803825
3,0.6000000000000002,-19.396984924623116,0.3982124142787645
4,0.6000000000000002,-19.195979899497488,0.3939509760114523
5,0.6000000000000002,-18.99497487437186,0.3898085458115974
6,0.6000000000000002,-18.79396984924623,0.3858328220310224
7,0.6000000000000002,-18.592964824120603,0.3820503786900992
8,0.6000000000000002,-18.391959798994975,0.37845973116637954
9,0.6000000000000002,-18.190954773869347,0.3750407424322839
10,0.6000000000000002,-17.98994974874372,0.3717611050982464
11,0.6000000000000002,-17.78894472361809,0.36857955718877533
12,0.6000000000000002,-17.587939698492463,0.36546239890482163
13,0.6000000000000002,-17.386934673366834,0.3623876003880444
14,0.6000000000000002,-17.185929648241206,0.3593488073322742
15,0.6000000000000002,-16.984924623115578,0.35635441215068153
16,0.6000000000000002,-16.78391959798995,0.353422859144553
17,0.6000000000000002,-16.582914572864322,0.3505760161868032
18,0.6000000000000002,-16.381909547738694,0.3478325207006254
19,0.6000000000000002,-16.180904522613066,0.34520327127363015
20,0.6000000000000002,-15.979899497487438,0.34268996262981416
21,0.6000000000000002,-15.77889447236181,0.34028681667334687
22,0.6000000000000002,-15.577889447236181,0.3379843405563597
23,0.6000000000000002,-15.376884422110553,0.3357735112391744
24,0.6000000000000002,-15.175879396984925,0.333648860999559
25,0.6000000000000002,-14.974874371859297,0.33160953332231474
26,0.6000000000000002,-14.773869346733669,0.3296583880480245
27,0.6000000000000002,-14.57286432160804,0.3277998851893391
28,0.6000000000000002,-14.371859296482413,0.32603796380710753
29,0.6000000000000002,-14.170854271356784,0.32437476964869183
30,0.6000000000000002,-13.969849246231156,0.3228105717539597
31,0.6000000000000002,-13.768844221105528,0.32134454124328854
32,0.6000000000000002,-13.5678391959799,0.3199758139783371
33,0.6000000000000002,-13.366834170854272,0.31870469743412094
34,0.6000000000000002,-13.165829145728644,0.31753083489823203
35,0.6000000000000002,-12.964824120603016,0.3164559311735266
36,0.6000000000000002,-12.763819095477388,0.3154813369741312
37,0.6000000000000002,-12.56281407035176,0.3146083338533003
38,0.6000000000000002,-12.361809045226131,0.31383805130506326
39,0.6000000000000002,-12.160804020100503,0.31317162537182375
40,0.6000000000000002,-11.959798994974873,0.3126103441390657
41,0.6000000000000002,-11.758793969849245,0.312155722307396
42,0.6000000000000002,-11.557788944723617,0.31180947942802617
43,0.6000000000000002,-11.356783919597989,0.31157353898896767
44,0.6000000000000002,-11.15577889447236,0.31144999920762584
45,0.6000000000000002,-10.954773869346733,0.3114411368015149
46,0.6000000000000002,-10.753768844221105,0.31154945513750093
47,0.6000000000000002,-10.552763819095476,0.31177769012184914
48,0.6000000000000002,-10.351758793969848,0.3121288544222446
49,0.6000000000000002,-10.15075376884422,0.3126062381007047
50,0.6000000000000002,-9.949748743718592,0.3132134467613355
51,0.6000000000000002,-9.748743718592964,0.3139544100075274
52,0.6000000000000002,-9.547738693467336,0.31483340875950133
53,0.6000000000000002,-9.346733668341708,0.3158551188491537
54,0.6000000000000002,-9.14572864321608,0.31702464968510147
55,0.6000000000000002,-8.944723618090451,0.31834753898281315
56,0.6000000000000002,-8.743718592964823,0.3198293576878593
57,0.6000000000000002,-8.542713567839195,0.32147770400481285
58,0.6000000000000002,-8.341708542713567,0.32329928078299536
59,0.6000000000000002,-8.140703517587939,0.3253019287786675
60,0.6000000000000002,-7.939698492462311,0.32749420839273985
61,0.6000000000000002,-7.738693467336683,0.3298854523808828
62,0.6000000000000002,-7.537688442211055,0.33248586519187945
63,0.6000000000000002,-7.3366834170854265,0.33530657592024327
64,0.6000000000000002,-7.135678391959798,0.33835974332274454
65,0.6000000000000002,-6.93467336683417,0.34165870366407086
66,0.6000000000000002,-6.733668341708542,0.3452180085178546
67,0.6000000000000002,-6.532663316582914,0.3490536322787233
68,0.6000000000000002,-6.331658291457286,0.35318305773536707
69,0.6000000000000002,-6.130653266331658,0.3576255023552027
70,0.6000000000000002,-5.92964824120603,0.362402028466801
71,0.6000000000000002,-5.7286432160804015,0.3675366752957042
72,0.6000000000000002,-5.527638190954773,0.37305258525916013
73,0.6000000000000002,-5.326633165829145,0.37897980494981737
74,0.6000000000000002,-5.125628140703517,0.3853474181745967
75,0.6000000000000002,-4.924623115577889,0.3921916896362579
76,0.6000000000000002,-4.723618090452261,0.39954881897134575
77,0.6000000000000002,-4.522613065326633,0.40745988459570986
78,0.6000000000000002,-4.321608040201005,0.4159700444857903
79,0.6000000000000002,-4.1206030150753765,0.4251288029116056
80,0.6000000000000002,-3.9195979899497466,0.4349903323674453
81,0.6000000000000002,-3.7185929648241185,0.4456136286073651
82,0.6000000000000002,-3.5175879396984904,0.4570620496293424
83,0.6000000000000002,-3.3165829145728623,0.4694052317922827
84,0.6000000000000002,-3.115577889447234,0.48271467533585827
85,0.6000000000000002,-2.914572864321606,0.4970677427108411
86,0.6000000000000002,-2.713567839195978,0.5125406882299249
87,0.6000000000000002,-2.5125628140703498,0.5292085497030025
88,0.6000000000000002,-2.3115577889447216,0.547139591097891
89,0.6000000000000002,-2.1105527638190935,0.5663880685700887
90,0.6000000000000002,-1.9095477386934654,0.5869839433432307
91,0.6000000000000002,-1.7085427135678373,0.6089184605615566
92,0.6000000000000002,-1.5075376884422091,0.6321249912488345
93,0.6000000000000002,-1.306532663316581,0.6564544752237916
94,0.6000000000000002,-1.105527638190953,0.6816463748803148
95,0.6000000000000002,-0.9045226130653248,0.7072968905857675
96,0.6000000000000002,-0.7035175879396967,0.7328285222543811
97,0.6000000000000002,-0.5025125628140685,0.7574738924238086
98,0.6000000000000002,-0.3015075376884404,0.7802707325881336
99,0.6000000000000002,-0.10050251256281229,0.80009697036711
100,0.6000000000000002,0.10050251256281584,0.8157412206878931
101,0.6000000000000002,0.30150753768844396,0.8260152307072895
102,0.6000000000000002,0.5025125628140721,0.829896011416886
103,0.6000000000000002,0.7035175879397002,0.826675341389667
104,0.6000000000000002,0.9045226130653283,0.8160834602412739
105,0.6000000000000002,1.1055276381909565,0.7983546594568961
106,0.6000000000000002,1.3065326633165846,0.7742137992956672
107,0.6000000000000002,1.5075376884422127,0.7447829813557896
108,0.6000000000000002,1.7085427135678408,0.7114303088712846
109,0.6000000000000002,1.909547738693469,0.6755917842043629
110,0.6000000000000002,2.110552763819097,0.6386181649815321
111,0.6000000000000002,2.311557788944725,0.6016574720863834
112,0.6000000000000002,2.5125628140703533,0.5655982280646302
113,0.6000000000000002,2.7135678391959814,0.531062791933646
114,0.6000000000000002,2.9145728643216096,0.4984367371305142
115,0.6000000000000002,3.1155778894472377,0.4679167967785078
116,0.6000000000000002,3.316582914572866,0.43955903403530105
117,0.6000000000000002,3.517587939698494,0.4133263458458717
118,0.6000000000000002,3.718592964824122,0.3891233741468569
119,0.6000000000000002,3.91959798994975,0.3668261809347086
120,0.6000000000000002,4.120603015075378,0.3462884492571256
121,0.6000000000000002,4.321608040201006,0.327366969835675
122,0.6000000000000002,4.5226130653266345,0.3099211528586123
123,0.6000000000000002,4.723618090452263,0.2938167476146095
124,0.6000000000000002,4.924623115577891,0.27893082592763446
125,0.6000000000000002,5.125628140703519,0.26515047778188144
126,0.6000000000000002,5.326633165829147,0.25237325456603377
127,0.6000000000000002,5.527638190954775,0.24050672449913182
128,0.6000000000000002,5.728643216080403,0.22946776528864998
129,0.6000000000000002,5.929648241206031,0.21918176565862804
130,0.6000000000000002,6.1306532663316595,0.2095818209866377
131,0.6000000000000002,6.331658291457288,0.20060794022094455
132,0.6000000000000002,6.532663316582916,0.1922066333680943
133,0.6000000000000002,6.733668341708544,0.18432896133688273
134,0.6000000000000002,6.934673366834172,0.17693225404791196
135,0.6000000000000002,7.1356783919598,0.16997661822512017
136,0.6000000000000002,7.336683417085428,0.16342725207699835
137,0.6000000000000002,7.537688442211056,0.1572524092463136
138,0.6000000000000002,7.7386934673366845,0.1514233673871709
139,0.6000000000000002,7.939698492462313,0.14591411834025486
140,0.6000000000000002,8.14070351758794,0.14070107442960306
141,0.6000000000000002,8.341708542713569,0.13576280695635923
142,0.6000000000000002,8.542713567839197,0.13107979993088004
143,0.6000000000000002,8.743718592964825,0.12663429477533264
144,0.6000000000000002,8.944723618090453,0.12241005918488215
145,0.6000000000000002,9.145728643216081,0.1183922331092647
146,0.6000000000000002,9.34673366834171,0.11456745262126766
147,0.6000000000000002,9.547738693467338,0.11092299260075732
148,0.6000000000000002,9.748743718592966,0.10744748948642502
149,0.6000000000000002,9.949748743718594,0.10413014441344312
150,0.6000000000000002,10.150753768844222,0.10096152533144949
151,0.6000000000000002,10.35175879396985,0.09793224757229438
152,0.6000000000000002,10.552763819095478,0.0950336034564029
153,0.6000000000000002,10.753768844221106,0.09225827671916181
154,0.6000000000000002,10.954773869346734,0.08960075361550185
155,0.6000000000000002,11.155778894472363,0.08705550825563581
156,0.6000000000000002,11.35678391959799,0.08461577520804003
157,0.6000000000000002,11.557788944723619,0.08227181013047158
158,0.6000000000000002,11.758793969849247,0.08001357563711654
159,0.6000000000000002,11.959798994974875,0.07783658961117423
160,0.6000000000000002,12.160804020100507,0.07574451369306916
161,0.6000000000000002,12.361809045226131,0.07374740266369906
162,0.6000000000000002,12.562814070351763,0.07184867717841321
163,0.6000000000000002,12.763819095477388,0.07003318934388174
164,0.6000000000000002,12.96482412060302,0.06826659379254021
165,0.6000000000000002,13.165829145728644,0.06651267970653185
166,0.6000000000000002,13.366834170854275,0.06476134494324563
167,0.6000000000000002,13.5678391959799,0.06304763550269649
168,0.6000000000000002,13.768844221105532,0.0614428841266704
169,0.6000000000000002,13.969849246231156,0.06001486586973274
170,0.6000000000000002,14.170854271356788,0.05877612912548231
171,0.6000000000000002,14.371859296482413,0.05765297499048853
172,0.6000000000000002,14.572864321608044,0.05650111431204614
173,0.6000000000000002,14.773869346733669,0.05516932446343532
174,0.6000000000000002,14.9748743718593,0.05358356510630204
175,0.6000000000000002,15.175879396984925,0.05180777060793364
176,0.6000000000000002,15.376884422110557,0.050044555318742176
177,0.6000000000000002,15.577889447236181,0.04856651471803604
178,0.6000000000000002,15.778894472361813,0.047601215872892295
179,0.6000000000000002,15.979899497487438,0.04722082557279986
180,0.6000000000000002,16.18090452261307,0.047281872634259994
181,0.6000000000000002,16.381909547738694,0.04744788053513678
182,0.6000000000000002,16.582914572864325,0.04729043526422615
183,0.6000000000000002,16.78391959798995,0.046434860012055316
184,0.6000000000000002,16.98492462311558,0.0446982292543534
185,0.6000000000000002,17.185929648241206,0.04217311776479068
186,0.6000000000000002,17.386934673366838,0.03922519734479305
187,0.6000000000000002,17.587939698492463,0.03640550196973662
188,0.6000000000000002,17.788944723618094,0.03430396348909417
189,0.6000000000000002,17.98994974874372,0.033385705709365464
190,0.6000000000000002,18.19095477386935,0.03385831514183012
191,0.6000000000000002,18.391959798994975,0.035603808648055964
192,0.6000000000000002,18.592964824120607,0.038191774586671716
193,0.6000000000000002,18.79396984924623,0.04096918404588826
194,0.6000000000000002,18.994974874371863,0.04319873873302119
195,0.6000000000000002,19.195979899497488,0.044219268879907556
196,0.6000000000000002,19.39698492462312,0.043584462620659736
197,0.6000000000000002,19.597989949748744,0.04115659616615638
198,0.6000000000000002,19.798994974874375,0.037136971928633744
199,0.6000000000000002,20.0,0.03203170928539057
