,t,height,fid
0,0.8500000000000002,-20.0,0.36986291420160716
1,0.8500000000000002,-19.798994974874372,0.3882448046189029
2,0.8500000000000002,-19.597989949748744,0.40674480199661045
3,0.8500000000000002,-19.396984924623116,0.4254004663917324
4,0.8500000000000002,-19.195979899497488,0.4442662500753698
5,0.8500000000000002,-18.99497487437186,0.46339467580237204
6,0.8500000000000002,-18.79396984924623,0.4828264976973712
7,0.8500000000000002,-18.592964824120603,0.5025753755914302
8,0.8500000000000002,-18.391959798994975,0.5226078557103224
9,0.8500000000000002,-18.190954773869347,0.5428328387750332
10,0.8500000000000002,-17.98994974874372,0.5630978589165696
11,0.8500000000000002,-17.78894472361809,0.583194189661943
12,0.8500000000000002,-17.587939698492463,0.6028693239836241
13,0.8500000000000002,-17.386934673366834,0.6218461258536275
14,0.8500000000000002,-17.185929648241206,0.6398467077583736
15,0.8500000000000002,-16.984924623115578,0.656620957848103
16,0.8500000000000002,-16.78391959798995,0.6719722592831398
17,0.8500000000000002,-16.582914572864322,0.6857758525284495
18,0.8500000000000002,-16.381909547738694,0.6979883432104511
19,0.8500000000000002,-16.180904522613066,0.7086436250152096
20,0.8500000000000002,-15.979899497487438,0.7178366664268917
21,0.8500000000000002,-15.77889447236181,0.7256961318228186
22,0.8500000000000002,-15.577889447236181,0.7323556863631481
23,0.8500000000000002,-15.376884422110553,0.7379180071658518
24,0.8500000000000002,-15.175879396984925,0.7424357662967713
25,0.8500000000000002,-14.974874371859297,0.7459024296265283
26,0.8500000000000002,-14.773869346733669,0.7482602850559247
27,0.8500000000000002,-14.57286432160804,0.7494234215363477
28,0.8500000000000002,-14.371859296482413,0.7493096382871393
29,0.8500000000000002,-14.170854271356784,0.7478723466977267
30,0.8500000000000002,-13.969849246231156,0.745122991810788
31,0.8500000000000002,-13.768844221105528,0.7411370364071684
32,0.8500000000000002,-13.5678391959799,0.7360415403834298
33,0.8500000000000002,-13.366834170854272,0.7299888722671258
34,0.8500000000000002,-13.165829145728644,0.7231258488145965
35,0.8500000000000002,-12.964824120603016,0.7155704379118182
36,0.8500000000000002,-12.763819095477388,0.7073990364557242
37,0.8500000000000002,-12.56281407035176,0.6986596071486953
38,0.8500000000000002,-12.361809045226131,0.6893876078711488
39,0.8500000000000002,-12.160804020100503,0.6796278167913002
40,0.8500000000000002,-11.959798994974873,0.6694465562966962
41,0.8500000000000002,-11.758793969849245,0.6589304504577752
42,0.8500000000000002,-11.557788944723617,0.6481742951981154
43,0.8500000000000002,-11.356783919597989,0.6372662786567643
44,0.8500000000000002,-11.15577889447236,0.6262788718923945
45,0.8500000000000002,-10.954773869346733,0.61526916771208
46,0.8500000000000002,-10.753768844221105,0.6042857764852612
47,0.8500000000000002,-10.552763819095476,0.5933759891598325
48,0.8500000000000002,-10.351758793969848,0.5825884052707144
49,0.8500000000000002,-10.15075376884422,0.571970771143884
50,0.8500000000000002,-9.949748743718592,0.561566260187757
51,0.8500000000000002,-9.748743718592964,0.5514116691856152
52,0.8500000000000002,-9.547738693467336,0.5415381438448745
53,0.8500000000000002,-9.346733668341708,0.5319729711697436
54,0.8500000000000002,-9.14572864321608,0.5227405998567575
55,0.8500000000000002,-8.944723618090451,0.5138626366831202
56,0.8500000000000002,-8.743718592964823,0.5053577004972741
57,0.8500000000000002,-8.542713567839195,0.49724151240455233
58,0.8500000000000002,-8.341708542713567,0.48952739260626993
59,0.8500000000000002,-8.140703517587939,0.48222668041633004
60,0.8500000000000002,-7.939698492462311,0.47534907013062716
61,0.8500000000000002,-7.738693467336683,0.46890366889930457
62,0.8500000000000002,-7.537688442211055,0.4628962965529863
63,0.8500000000000002,-7.3366834170854265,0.45733431439132255
64,0.8500000000000002,-7.135678391959798,0.4522239341049367
65,0.8500000000000002,-6.93467336683417,0.44757183185812177
66,0.8500000000000002,-6.733668341708542,0.4433833371923723
67,0.8500000000000002,-6.532663316582914,0.4396658814795121
68,0.8500000000000002,-6.331658291457286,0.4364272258470769
69,0.8500000000000002,-6.130653266331658,0.43367629042935363
70,0.8500000000000002,-5.92964824120603,0.431423484731655
71,0.8500000000000002,-5.7286432160804015,0.4296810635657937
72,0.8500000000000002,-5.527638190954773,0.42846347914199717
73,0.8500000000000002,-5.326633165829145,0.42778778887745156
74,0.8500000000000002,-5.125628140703517,0.4276740977281355
75,0.8500000000000002,-4.924623115577889,0.42814604583184673
76,0.8500000000000002,-4.723618090452261,0.42923135649563626
77,0.8500000000000002,-4.522613065326633,0.43096246539698635
78,0.8500000000000002,-4.321608040201005,0.4333772430240518
79,0.8500000000000002,-4.1206030150753765,0.43651981774644205
80,0.8500000000000002,-3.9195979899497466,0.44044153976223416
81,0.8500000000000002,-3.7185929648241185,0.445202024447172
82,0.8500000000000002,-3.5175879396984904,0.4508704947997508
83,0.8500000000000002,-3.3165829145728623,0.45752657865952007
84,0.8500000000000002,-3.115577889447234,0.4652640171112229
85,0.8500000000000002,-2.914572864321606,0.4741884755006103
86,0.8500000000000002,-2.713567839195978,0.4844243446942424
87,0.8500000000000002,-2.5125628140703498,0.4961113096339865
88,0.8500000000000002,-2.3115577889447216,0.5094084159708223
89,0.8500000000000002,-2.1105527638190935,0.5244932338095323
90,0.8500000000000002,-1.9095477386934654,0.5415596072602642
91,0.8500000000000002,-1.7085427135678373,0.5608113151379598
92,0.8500000000000002,-1.5075376884422091,0.5824485837358426
93,0.8500000000000002,-1.306532663316581,0.606642911376589
94,0.8500000000000002,-1.105527638190953,0.6334932261933732
95,0.8500000000000002,-0.9045226130653248,0.6629545131936605
96,0.8500000000000002,-0.7035175879396967,0.69472991946444
97,0.8500000000000002,-0.5025125628140685,0.7281217943166196
98,0.8500000000000002,-0.3015075376884404,0.7618601580668992
99,0.8500000000000002,-0.10050251256281229,0.7939410970966693
100,0.8500000000000002,0.10050251256281584,0.821582661610603
101,0.8500000000000002,0.30150753768844396,0.8414059729581235
102,0.8500000000000002,0.5025125628140721,0.8499387500433017
103,0.8500000000000002,0.7035175879397002,0.8444076855319057
104,0.8500000000000002,0.9045226130653283,0.8235914234162223
105,0.8500000000000002,1.1055276381909565,0.7883621570481611
106,0.8500000000000002,1.3065326633165846,0.7416026313214658
107,0.8500000000000002,1.5075376884422127,0.6874748128178009
108,0.8500000000000002,1.7085427135678408,0.6303558199488536
109,0.8500000000000002,1.909547738693469,0.5739215926034833
110,0.8500000000000002,2.110552763819097,0.5206762200003976
111,0.8500000000000002,2.311557788944725,0.471957958212604
112,0.8500000000000002,2.5125628140703533,0.42821686582598534
113,0.8500000000000002,2.7135678391959814,0.3893542818634408
114,0.8500000000000002,2.9145728643216096,0.354996857775941
115,0.8500000000000002,3.1155778894472377,0.324655957570464
116,0.8500000000000002,3.316582914572866,0.2978372760350996
117,0.8500000000000002,3.517587939698494,0.27407618766497616
118,0.8500000000000002,3.718592964824122,0.25296032880060615
119,0.8500000000000002,3.91959798994975,0.23413090859056013
120,0.8500000000000002,4.120603015075378,0.21728032454209528
121,0.8500000000000002,4.321608040201006,0.20214653714411063
122,0.8500000000000002,4.5226130653266345,0.18850718499311434
123,0.8500000000000002,4.723618090452263,0.17617281164677256
124,0.8500000000000002,4.924623115577891,0.1649818158311158
125,0.8500000000000002,5.125628140703519,0.15479719611779624
126,0.8500000000000002,5.326633165829147,0.1455012983042117
127,0.8500000000000002,5.527638190954775,0.136993062903493
128,0.8500000000000002,5.728643216080403,0.12918537252061651
129,0.8500000000000002,5.929648241206031,0.12200283508139231
130,0.8500000000000002,6.1306532663316595,0.11538026924963216
131,0.8500000000000002,6.331658291457288,0.10926039558522953
132,0.8500000000000002,6.532663316582916,0.10359309664235546
133,0.8500000000000002,6.733668341708544,0.09833418986885101
134,0.8500000000000002,6.934673366834172,0.09344622822218467
135,0.8500000000000002,7.1356783919598,0.08889493107792464
136,0.8500000000000002,7.336683417085428,0.08464765611004751
137,0.8500000000000002,7.537688442211056,0.08067747049995797
138,0.8500000000000002,7.7386934673366845,0.07696901457967532
139,0.8500000000000002,7.939698492462313,0.0735020949741477
140,0.8500000000000002,8.14070351758794,0.07023719903579764
141,0.8500000000000002,8.341708542713569,0.06714096566133597
142,0.8500000000000002,8.542713567839197,0.06423627324983383
143,0.8500000000000002,8.743718592964825,0.061573435048555454
144,0.8500000000000002,8.944723618090453,0.05911051718667898
145,0.8500000000000002,9.145728643216081,0.05668148746239148
146,0.8500000000000002,9.34673366834171,0.05418636990148986
147,0.8500000000000002,9.547738693467338,0.05180608275727688
148,0.8500000000000002,9.748743718592966,0.04988637069213266
149,0.8500000000000002,9.949748743718594,0.04849533307700589
150,0.8500000000000002,10.150753768844222,0.04715402847008447
151,0.8500000000000002,10.35175879396985,0.045183192749210656
152,0.8500000000000002,10.552763819095478,0.042438312943604284
153,0.8500000000000002,10.753768844221106,0.03968389854134089
154,0.8500000000000002,10.954773869346734,0.0380989331761611
155,0.8500000000000002,11.155778894472363,0.038240698339256585
156,0.8500000000000002,11.35678391959799,0.03935889732893941
157,0.8500000000000002,11.557788944723619,0.03972328818467964
158,0.8500000000000002,11.758793969849247,0.03780163374065427
159,0.8500000000000002,11.959798994974875,0.03343818473990987
160,0.8500000000000002,12.160804020100507,0.028172722959084184
161,0.8500000000000002,12.361809045226131,0.02445827701894555
162,0.8500000000000002,12.562814070351763,0.024256719339548514
163,0.8500000000000002,12.763819095477388,0.027866306708863996
164,0.8500000000000002,12.96482412060302,0.03363768572989971
165,0.8500000000000002,13.165829145728644,0.038699477565821656
166,0.8500000000000002,13.366834170854275,0.040283252416744894
167,0.8500000000000002,13.5678391959799,0.036977785351053644
168,0.8500000000000002,13.768844221105532,0.02936296465712772
169,0.8500000000000002,13.969849246231156,0.01979597343858077
170,0.8500000000000002,14.170854271356788,0.01151485830297661
171,0.8500000000000002,14.371859296482413,0.007464248243306579
172,0.8500000000000002,14.572864321608044,0.009297009071494628
173,0.8500000000000002,14.773869346733669,0.016869051803719382
174,0.8500000000000002,14.9748743718593,0.028341257907803775
175,0.8500000000000002,15.175879396984925,0.04078015747946555
176,0.8500000000000002,15.376884422110557,0.051017298642121435
177,0.8500000000000002,15.577889447236181,0.05650020714148511
178,0.8500000000000002,15.778894472361813,0.055898953918807774
179,0.8500000000000002,15.979899497487438,0.04935556743360162
180,0.8500000000000002,16.18090452261307,0.03836213736923565
181,0.8500000000000002,16.381909547738694,0.025348278402233866
182,0.8500000000000002,16.582914572864325,0.013112663304946365
183,0.8500000000000002,16.78391959798995,0.004238778088377363
184,0.8500000000000002,16.98492462311558,0.0006226181459224881
185,0.8500000000000002,17.185929648241206,0.0031803771636985095
186,0.8500000000000002,17.386934673366838,0.011764843385262647
187,0.8500000000000002,17.587939698492463,0.02527271370351198
188,0.8500000000000002,17.788944723618094,0.04190353358479206
189,0.8500000000000002,17.98994974874372,0.05949751253369188
190,0.8500000000000002,18.19095477386935,0.07588199436107385
191,0.8500000000000002,18.391959798994975,0.08916505578696012
192,0.8500000000000002,18.592964824120607,0.09795998659510577
193,0.8500000000000002,18.79396984924623,0.1015300378656812
194,0.8500000000000002,18.994974874371863,0.09984442378776401
195,0.8500000000000002,19.195979899497488,0.09351564232458061
196,0.8500000000000002,19.39698492462312,0.08363946624840511
197,0.8500000000000002,19.597989949748744,0.07160041416009992
198,0.8500000000000002,19.798994974874375,0.058903972264266136
199,0.8500000000000002,20.0,0.04704405639092031
