,t,height,fid
0,0.25000000000000006,-20.0,0.23086722937801782
1,0.25000000000000006,-19.798994974874372,0.23248548200658528
2,0.25000000000000006,-19.597989949748744,0.23413497278278092
3,0.25000000000000006,-19.396984924623116,0.23581654491774473
4,0.25000000000000006,-19.195979899497488,0.2375310687347808
5,0.25000000000000006,-18.99497487437186,0.23927941350202683
6,0.25000000000000006,-18.79396984924623,0.2410625232258668
7,0.25000000000000006,-18.592964824120603,0.24288133272092952
8,0.25000000000000006,-18.391959798994975,0.24473684520458758
9,0.25000000000000006,-18.190954773869347,0.24663008562418484
10,0.25000000000000006,-17.98994974874372,0.2485621104691942
11,0.25000000000000006,-17.78894472361809,0.25053402969166605
12,0.25000000000000006,-17.587939698492463,0.252546966996527
13,0.25000000000000006,-17.386934673366834,0.25460212490667766
14,0.25000000000000006,-17.185929648241206,0.25670073179043584
15,0.25000000000000006,-16.984924623115578,0.2588440506169022
16,0.25000000000000006,-16.78391959798995,0.2610334104674298
17,0.25000000000000006,-16.582914572864322,0.26327018110646133
18,0.25000000000000006,-16.381909547738694,0.26555579094513954
19,0.25000000000000006,-16.180904522613066,0.2678917168169058
20,0.25000000000000006,-15.979899497487438,0.27027949598175566
21,0.25000000000000006,-15.77889447236181,0.27272071993958547
22,0.25000000000000006,-15.577889447236181,0.2752170559265816
23,0.25000000000000006,-15.376884422110553,0.2777702263257693
24,0.25000000000000006,-15.175879396984925,0.2803820207807791
25,0.25000000000000006,-14.974874371859297,0.28305430235871454
26,0.25000000000000006,-14.773869346733669,0.2857890050909971
27,0.25000000000000006,-14.57286432160804,0.2885881291538377
28,0.25000000000000006,-14.371859296482413,0.29145377367219255
29,0.25000000000000006,-14.170854271356784,0.29438812708042184
30,0.25000000000000006,-13.969849246231156,0.29739344519650174
31,0.25000000000000006,-13.768844221105528,0.30047210655169393
32,0.25000000000000006,-13.5678391959799,0.3036265671874664
33,0.25000000000000006,-13.366834170854272,0.30685937727935547
34,0.25000000000000006,-13.165829145728644,0.3101732142339427
35,0.25000000000000006,-12.964824120603016,0.3135708451792303
36,0.25000000000000006,-12.763819095477388,0.3170551575193154
37,0.25000000000000006,-12.56281407035176,0.3206286549142259
38,0.25000000000000006,-12.361809045226131,0.3242954617954955
39,0.25000000000000006,-12.160804020100503,0.32805834843683407
40,0.25000000000000006,-11.959798994974873,0.3319206949441214
41,0.25000000000000006,-11.758793969849245,0.33588602773506504
42,0.25000000000000006,-11.557788944723617,0.33995800691779005
43,0.25000000000000006,-11.356783919597989,0.3441404556245339
44,0.25000000000000006,-11.15577889447236,0.3484373389294228
45,0.25000000000000006,-10.954773869346733,0.352852769007869
46,0.25000000000000006,-10.753768844221105,0.3573910367479825
47,0.25000000000000006,-10.552763819095476,0.362056563678575
48,0.25000000000000006,-10.351758793969848,0.3668539775238078
49,0.25000000000000006,-10.15075376884422,0.3717880645713545
50,0.25000000000000006,-9.949748743718592,0.3768640705219733
51,0.25000000000000006,-9.748743718592964,0.3820865223653644
52,0.25000000000000006,-9.547738693467336,0.3874598305137684
53,0.25000000000000006,-9.346733668341708,0.39299180623805013
54,0.25000000000000006,-9.14572864321608,0.3986868943303067
55,0.25000000000000006,-8.944723618090451,0.4045508722558673
56,0.25000000000000006,-8.743718592964823,0.4105896553945359
57,0.25000000000000006,-8.542713567839195,0.4168092846420262
58,0.25000000000000006,-8.341708542713567,0.42321592931638424
59,0.25000000000000006,-8.140703517587939,0.42981581454791745
60,0.25000000000000006,-7.939698492462311,0.4366152461039574
61,0.25000000000000006,-7.738693467336683,0.4436205415030231
62,0.25000000000000006,-7.537688442211055,0.4508374401751492
63,0.25000000000000006,-7.3366834170854265,0.4582733224284506
64,0.25000000000000006,-7.135678391959798,0.46593361672397515
65,0.25000000000000006,-6.93467336683417,0.47382423372721266
66,0.25000000000000006,-6.733668341708542,0.4819499614903251
67,0.25000000000000006,-6.532663316582914,0.4903174244187986
68,0.25000000000000006,-6.331658291457286,0.49893046742303415
69,0.25000000000000006,-6.130653266331658,0.5077929877578393
70,0.25000000000000006,-5.92964824120603,0.5169080136945325
71,0.25000000000000006,-5.7286432160804015,0.5262775134620731
72,0.25000000000000006,-5.527638190954773,0.5359021930000807
73,0.25000000000000006,-5.326633165829145,0.5457812089075303
74,0.25000000000000006,-5.125628140703517,0.5559119281903702
75,0.25000000000000006,-4.924623115577889,0.5662895961437845
76,0.25000000000000006,-4.723618090452261,0.5769069828681628
77,0.25000000000000006,-4.522613065326633,0.5877540171490051
78,0.25000000000000006,-4.321608040201005,0.5988174247004212
79,0.25000000000000006,-4.1206030150753765,0.6100802684776176
80,0.25000000000000006,-3.9195979899497466,0.6215215526575061
81,0.25000000000000006,-3.7185929648241185,0.6331157384804158
82,0.25000000000000006,-3.5175879396984904,0.6448323931538064
83,0.25000000000000006,-3.3165829145728623,0.6566357693061873
84,0.25000000000000006,-3.115577889447234,0.6684844406202108
85,0.25000000000000006,-2.914572864321606,0.6803310833879621
86,0.25000000000000006,-2.713567839195978,0.6921222627956116
87,0.25000000000000006,-2.5125628140703498,0.7037983497073084
88,0.25000000000000006,-2.3115577889447216,0.7152937137936027
89,0.25000000000000006,-2.1105527638190935,0.7265360441320761
90,0.25000000000000006,-1.9095477386934654,0.7374503910281492
91,0.25000000000000006,-1.7085427135678373,0.7479545367229955
92,0.25000000000000006,-1.5075376884422091,0.7579634759775322
93,0.25000000000000006,-1.306532663316581,0.7673896681786088
94,0.25000000000000006,-1.105527638190953,0.7761443612402195
95,0.25000000000000006,-0.9045226130653248,0.78413925255244
96,0.25000000000000006,-0.7035175879396967,0.7912881686095724
97,0.25000000000000006,-0.5025125628140685,0.7975088909981349
98,0.25000000000000006,-0.3015075376884404,0.8027250606829113
99,0.25000000000000006,-0.10050251256281229,0.806868044701558
100,0.25000000000000006,0.10050251256281584,0.8098787981217175
101,0.25000000000000006,0.30150753768844396,0.811709548797339
102,0.25000000000000006,0.5025125628140721,0.8123250050100207
103,0.25000000000000006,0.7035175879397002,0.8117034931421568
104,0.25000000000000006,0.9045226130653283,0.8098377356773964
105,0.25000000000000006,1.1055276381909565,0.8067351664433982
106,0.25000000000000006,1.3065326633165846,0.8024178985366517
107,0.25000000000000006,1.5075376884422127,0.7969221504964729
108,0.25000000000000006,1.7085427135678408,0.7902974277017814
109,0.25000000000000006,1.909547738693469,0.7826051801217022
110,0.25000000000000006,2.110552763819097,0.7739172793535445
111,0.25000000000000006,2.311557788944725,0.764314235183784
112,0.25000000000000006,2.5125628140703533,0.7538832682400928
113,0.25000000000000006,2.7135678391959814,0.7427162521485382
114,0.25000000000000006,2.9145728643216096,0.7309077038838748
115,0.25000000000000006,3.1155778894472377,0.7185538052064134
116,0.25000000000000006,3.316582914572866,0.7057469458385539
117,0.25000000000000006,3.517587939698494,0.692579605907983
118,0.25000000000000006,3.718592964824122,0.6791393252461111
119,0.25000000000000006,3.91959798994975,0.6655085459616595
120,0.25000000000000006,4.120603015075378,0.6517637272938358
121,0.25000000000000006,4.321608040201006,0.637974792053599
122,0.25000000000000006,4.5226130653266345,0.6242047243708583
123,0.25000000000000006,4.723618090452263,0.6105095195988759
124,0.25000000000000006,4.924623115577891,0.5969381891786845
125,0.25000000000000006,5.125628140703519,0.5835329323812029
126,0.25000000000000006,5.326633165829147,0.5703295381634498
127,0.25000000000000006,5.527638190954775,0.5573577537224274
128,0.25000000000000006,5.728643216080403,0.5446417914100593
129,0.25000000000000006,5.929648241206031,0.5322008483537876
130,0.25000000000000006,6.1306532663316595,0.5200495849733615
131,0.25000000000000006,6.331658291457288,0.5081987237430536
132,0.25000000000000006,6.532663316582916,0.4966554703340747
133,0.25000000000000006,6.733668341708544,0.48542406640981367
134,0.25000000000000006,6.934673366834172,0.47450614737124136
135,0.25000000000000006,7.1356783919598,0.4639019541878029
136,0.25000000000000006,7.336683417085428,0.45360766420263693
137,0.25000000000000006,7.537688442211056,0.4436207407597358
138,0.25000000000000006,7.7386934673366845,0.4339351453633459
139,0.25000000000000006,7.939698492462313,0.42454543008927365
140,0.25000000000000006,8.14070351758794,0.41544487367115757
141,0.25000000000000006,8.341708542713569,0.40662618445476745
142,0.25000000000000006,8.542713567839197,0.39808167939939393
143,0.25000000000000006,8.743718592964825,0.3898033590721941
144,0.25000000000000006,8.944723618090453,0.38178337727677925
145,0.25000000000000006,9.145728643216081,0.3740128909845361
146,0.25000000000000006,9.34673366834171,0.36648453355458316
147,0.25000000000000006,9.547738693467338,0.3591889529670936
148,0.25000000000000006,9.748743718592966,0.352118609851051
149,0.25000000000000006,9.949748743718594,0.34526556602557257
150,0.25000000000000006,10.150753768844222,0.33862203259608215
151,0.25000000000000006,10.35175879396985,0.33218040572684243
152,0.25000000000000006,10.552763819095478,0.32593328353069456
153,0.25000000000000006,10.753768844221106,0.31987350425716626
154,0.25000000000000006,10.954773869346734,0.3139946332478698
155,0.25000000000000006,11.155778894472363,0.3082889395915937
156,0.25000000000000006,11.35678391959799,0.30275048709925884
157,0.25000000000000006,11.557788944723619,0.2973730266402341
158,0.25000000000000006,11.758793969849247,0.2921505497599032
159,0.25000000000000006,11.959798994974875,0.28707730081620925
160,0.25000000000000006,12.160804020100507,0.28214771747068695
161,0.25000000000000006,12.361809045226131,0.27735649363866327
162,0.25000000000000006,12.562814070351763,0.27269852024156455
163,0.25000000000000006,12.763819095477388,0.2681688920142097
164,0.25000000000000006,12.96482412060302,0.263762912272107
165,0.25000000000000006,13.165829145728644,0.2594760715501222
166,0.25000000000000006,13.366834170854275,0.2553040571269674
167,0.25000000000000006,13.5678391959799,0.25124273107420714
168,0.25000000000000006,13.768844221105532,0.24728812808553005
169,0.25000000000000006,13.969849246231156,0.24343644425733357
170,0.25000000000000006,14.170854271356788,0.23968404671314883
171,0.25000000000000006,14.371859296482413,0.23602745060312352
172,0.25000000000000006,14.572864321608044,0.23246331067572212
173,0.25000000000000006,14.773869346733669,0.22898842479330542
174,0.25000000000000006,14.9748743718593,0.2255997194928471
175,0.25000000000000006,15.175879396984925,0.22229426099612837
176,0.25000000000000006,15.376884422110557,0.21906922477234553
177,0.25000000000000006,15.577889447236181,0.21592191702097543
178,0.25000000000000006,15.778894472361813,0.21284973166868276
179,0.25000000000000006,15.979899497487438,0.20985018653926044
180,0.25000000000000006,16.18090452261307,0.20692090425184115
181,0.25000000000000006,16.381909547738694,0.20405958258657392
182,0.25000000000000006,16.582914572864325,0.20126403715468935
183,0.25000000000000006,16.78391959798995,0.19853215692802378
184,0.25000000000000006,16.98492462311558,0.19586190686660274
185,0.25000000000000006,17.185929648241206,0.19325166386649215
186,0.25000000000000006,17.386934673366838,0.1906989260356425
187,0.25000000000000006,17.587939698492463,0.18820221837676326
188,0.25000000000000006,17.788944723618094,0.18575982269829777
189,0.25000000000000006,17.98994974874372,0.18337006468580974
190,0.25000000000000006,18.19095477386935,0.18103137162423016
191,0.25000000000000006,18.391959798994975,0.17874260628342292
192,0.25000000000000006,18.592964824120607,0.1765014490708294
193,0.25000000000000006,18.79396984924623,0.17430691612041221
194,0.25000000000000006,18.994974874371863,0.17215761977373864
195,0.25000000000000006,19.195979899497488,0.17005226878569799
196,0.25000000000000006,19.39698492462312,0.16798958490012117
197,0.25000000000000006,19.597989949748744,0.1659683463742017
198,0.25000000000000006,19.798994974874375,0.1639873735280298
199,0.25000000000000006,20.0,0.16204553249871814
