,t,height,fid
0,0.15000000000000002,-20.0,0.319031047521684
1,0.15000000000000002,-19.798994974874372,0.32152467103269783
2,0.15000000000000002,-19.597989949748744,0.32405829999758357
3,0.15000000000000002,-19.396984924623116,0.3266327870167717
4,0.15000000000000002,-19.195979899497488,0.32924902168302855
5,0.15000000000000002,-18.99497487437186,0.3319079044634432
6,0.15000000000000002,-18.79396984924623,0.33461037497096047
7,0.15000000000000002,-18.592964824120603,0.3373573773550134
8,0.15000000000000002,-18.391959798994975,0.340149867674643
9,0.15000000000000002,-18.190954773869347,0.342988847161817
10,0.15000000000000002,-17.98994974874372,0.34587533775896234
11,0.15000000000000002,-17.78894472361809,0.3488103762977982
12,0.15000000000000002,-17.587939698492463,0.3517950135988309
13,0.15000000000000002,-17.386934673366834,0.354830340372631
14,0.15000000000000002,-17.185929648241206,0.3579174496448364
15,0.15000000000000002,-16.984924623115578,0.3610574951670963
16,0.15000000000000002,-16.78391959798995,0.36425162053920107
17,0.15000000000000002,-16.582914572864322,0.3675009874695893
18,0.15000000000000002,-16.381909547738694,0.3708068171695331
19,0.15000000000000002,-16.180904522613066,0.37416973471618414
20,0.15000000000000002,-15.979899497487438,0.37759304810978195
21,0.15000000000000002,-15.77889447236181,0.3810756702154571
22,0.15000000000000002,-15.577889447236181,0.38461977462806796
23,0.15000000000000002,-15.376884422110553,0.3882254824214494
24,0.15000000000000002,-15.175879396984925,0.39189648847797776
25,0.15000000000000002,-14.974874371859297,0.3956329459195921
26,0.15000000000000002,-14.773869346733669,0.3994362444681434
27,0.15000000000000002,-14.57286432160804,0.403307743508955
28,0.15000000000000002,-14.371859296482413,0.4072488584060842
29,0.15000000000000002,-14.170854271356784,0.41126098002171285
30,0.15000000000000002,-13.969849246231156,0.4153455395484773
31,0.15000000000000002,-13.768844221105528,0.4195039423851556
32,0.15000000000000002,-13.5678391959799,0.42373763246331847
33,0.15000000000000002,-13.366834170854272,0.428048022395271
34,0.15000000000000002,-13.165829145728644,0.43243655135893255
35,0.15000000000000002,-12.964824120603016,0.4369046197073889
36,0.15000000000000002,-12.763819095477388,0.4414536438845926
37,0.15000000000000002,-12.56281407035176,0.44608500869828505
38,0.15000000000000002,-12.361809045226131,0.4507995172045735
39,0.15000000000000002,-12.160804020100503,0.45559966777225863
40,0.15000000000000002,-11.959798994974873,0.46048609860062095
41,0.15000000000000002,-11.758793969849245,0.46546011011020355
42,0.15000000000000002,-11.557788944723617,0.4705229041604318
43,0.15000000000000002,-11.356783919597989,0.4756748473163888
44,0.15000000000000002,-11.15577889447236,0.48091851205213904
45,0.15000000000000002,-10.954773869346733,0.4862541067638807
46,0.15000000000000002,-10.753768844221105,0.49168249370659267
47,0.15000000000000002,-10.552763819095476,0.497204450626735
48,0.15000000000000002,-10.351758793969848,0.5028205860423722
49,0.15000000000000002,-10.15075376884422,0.5085313856123647
50,0.15000000000000002,-9.949748743718592,0.51433716228912
51,0.15000000000000002,-9.748743718592964,0.520238041109234
52,0.15000000000000002,-9.547738693467336,0.5262339660076631
53,0.15000000000000002,-9.346733668341708,0.5323246194263397
54,0.15000000000000002,-9.14572864321608,0.5385094658461168
55,0.15000000000000002,-8.944723618090451,0.544787661557284
56,0.15000000000000002,-8.743718592964823,0.5511580924168922
57,0.15000000000000002,-8.542713567839195,0.5576193003932188
58,0.15000000000000002,-8.341708542713567,0.5641694599498559
59,0.15000000000000002,-8.140703517587939,0.570806366257602
60,0.15000000000000002,-7.939698492462311,0.5775273824132725
61,0.15000000000000002,-7.738693467336683,0.5843294173553985
62,0.15000000000000002,-7.537688442211055,0.5912089000470974
63,0.15000000000000002,-7.3366834170854265,0.5981617181420186
64,0.15000000000000002,-7.135678391959798,0.605183203617655
65,0.15000000000000002,-6.93467336683417,0.612268103898514
66,0.15000000000000002,-6.733668341708542,0.6194105287136088
67,0.15000000000000002,-6.532663316582914,0.6266039441926192
68,0.15000000000000002,-6.331658291457286,0.6338411144932593
69,0.15000000000000002,-6.130653266331658,0.6411140561368599
70,0.15000000000000002,-5.92964824120603,0.6484140851430507
71,0.15000000000000002,-5.7286432160804015,0.6557317141702412
72,0.15000000000000002,-5.527638190954773,0.6630566820191143
73,0.15000000000000002,-5.326633165829145,0.6703779117288051
74,0.15000000000000002,-5.125628140703517,0.6776835325716515
75,0.15000000000000002,-4.924623115577889,0.6849608315463191
76,0.15000000000000002,-4.723618090452261,0.6921963183683576
77,0.15000000000000002,-4.522613065326633,0.6993756773980058
78,0.15000000000000002,-4.321608040201005,0.706483857955006
79,0.15000000000000002,-4.1206030150753765,0.7135050393660395
80,0.15000000000000002,-3.9195979899497466,0.7204218145072989
81,0.15000000000000002,-3.7185929648241185,0.7272188169206197
82,0.15000000000000002,-3.5175879396984904,0.7338774192116617
83,0.15000000000000002,-3.3165829145728623,0.7403793678045485
84,0.15000000000000002,-3.115577889447234,0.7467059995187414
85,0.15000000000000002,-2.914572864321606,0.7528383169377671
86,0.15000000000000002,-2.713567839195978,0.758757089010557
87,0.15000000000000002,-2.5125628140703498,0.7644429581306728
88,0.15000000000000002,-2.3115577889447216,0.7698766497514264
89,0.15000000000000002,-2.1105527638190935,0.7750389876543319
90,0.15000000000000002,-1.9095477386934654,0.7799110751283624
91,0.15000000000000002,-1.7085427135678373,0.7844744797326806
92,0.15000000000000002,-1.5075376884422091,0.788711330397611
93,0.15000000000000002,-1.306532663316581,0.7926045015276728
94,0.15000000000000002,-1.105527638190953,0.7961377334652782
95,0.15000000000000002,-0.9045226130653248,0.7992957577108784
96,0.15000000000000002,-0.7035175879396967,0.8020645376406893
97,0.15000000000000002,-0.5025125628140685,0.8044312563680716
98,0.15000000000000002,-0.3015075376884404,0.8063845527140406
99,0.15000000000000002,-0.10050251256281229,0.8079145701686069
100,0.15000000000000002,0.10050251256281584,0.8090131829380388
101,0.15000000000000002,0.30150753768844396,0.8096739224784362
102,0.15000000000000002,0.5025125628140721,0.8098923371261079
103,0.15000000000000002,0.7035175879397002,0.809665484101529
104,0.15000000000000002,0.9045226130653283,0.8089924333173837
105,0.15000000000000002,1.1055276381909565,0.8078741561386893
106,0.15000000000000002,1.3065326633165846,0.8063135032109444
107,0.15000000000000002,1.5075376884422127,0.8043152440812226
108,0.15000000000000002,1.7085427135678408,0.8018859338381245
109,0.15000000000000002,1.909547738693469,0.7990339138593571
110,0.15000000000000002,2.110552763819097,0.7957692062913663
111,0.15000000000000002,2.311557788944725,0.7921034512451637
112,0.15000000000000002,2.5125628140703533,0.7880497207056842
113,0.15000000000000002,2.7135678391959814,0.7836225122446661
114,0.15000000000000002,2.9145728643216096,0.7788375139241757
115,0.15000000000000002,3.1155778894472377,0.7737115303982006
116,0.15000000000000002,3.316582914572866,0.7682622732941353
117,0.15000000000000002,3.517587939698494,0.7625082655196874
118,0.15000000000000002,3.718592964824122,0.7564686593129308
119,0.15000000000000002,3.91959798994975,0.7501630869095011
120,0.15000000000000002,4.120603015075378,0.7436115079789598
121,0.15000000000000002,4.321608040201006,0.7368340591030923
122,0.15000000000000002,4.5226130653266345,0.7298509189824263
123,0.15000000000000002,4.723618090452263,0.7226821576271623
124,0.15000000000000002,4.924623115577891,0.7153485207512654
125,0.15000000000000002,5.125628140703519,0.7078677501529845
126,0.15000000000000002,5.326633165829147,0.7002598103706117
127,0.15000000000000002,5.527638190954775,0.6925432153673451
128,0.15000000000000002,5.728643216080403,0.6847359061275929
129,0.15000000000000002,5.929648241206031,0.6768550865450172
130,0.15000000000000002,6.1306532663316595,0.6689172257471725
131,0.15000000000000002,6.331658291457288,0.6609380072842644
132,0.15000000000000002,6.532663316582916,0.6529322808594975
133,0.15000000000000002,6.733668341708544,0.6449140003802643
134,0.15000000000000002,6.934673366834172,0.6368962869202895
135,0.15000000000000002,7.1356783919598,0.6288913688340013
136,0.15000000000000002,7.336683417085428,0.6209105764343854
137,0.15000000000000002,7.537688442211056,0.6129643938463211
138,0.15000000000000002,7.7386934673366845,0.6050624222055038
139,0.15000000000000002,7.939698492462313,0.5972134615827545
140,0.15000000000000002,8.14070351758794,0.5894254697455603
141,0.15000000000000002,8.341708542713569,0.5817056522293473
142,0.15000000000000002,8.542713567839197,0.574060446264216
143,0.15000000000000002,8.743718592964825,0.5664955976165204
144,0.15000000000000002,8.944723618090453,0.5590161864674237
145,0.15000000000000002,9.145728643216081,0.5516266427680196
146,0.15000000000000002,9.34673366834171,0.5443308126403967
147,0.15000000000000002,9.547738693467338,0.537131962894087
148,0.15000000000000002,9.748743718592966,0.530032880230748
149,0.15000000000000002,9.949748743718594,0.5230358531060582
150,0.15000000000000002,10.150753768844222,0.5161427298901106
151,0.15000000000000002,10.35175879396985,0.5093549382659799
152,0.15000000000000002,10.552763819095478,0.502673561954821
153,0.15000000000000002,10.753768844221106,0.4960993329915104
154,0.15000000000000002,10.954773869346734,0.4896326615876092
155,0.15000000000000002,11.155778894472363,0.4832737015905224
156,0.15000000000000002,11.35678391959799,0.47702231917559546
157,0.15000000000000002,11.557788944723619,0.4708789644810486
158,0.15000000000000002,11.758793969849247,0.4648415717955163
159,0.15000000000000002,11.959798994974875,0.4589101927059908
160,0.15000000000000002,12.160804020100507,0.45308394969378246
161,0.15000000000000002,12.361809045226131,0.4473623500738445
162,0.15000000000000002,12.562814070351763,0.4417432150942819
163,0.15000000000000002,12.763819095477388,0.43622582731962906
164,0.15000000000000002,12.96482412060302,0.4308088563208727
165,0.15000000000000002,13.165829145728644,0.4254908913071801
166,0.15000000000000002,13.366834170854275,0.42027046247632915
167,0.15000000000000002,13.5678391959799,0.41514603144129075
168,0.15000000000000002,13.768844221105532,0.4101160321944306
169,0.15000000000000002,13.969849246231156,0.40517884408550214
170,0.15000000000000002,14.170854271356788,0.400332845033234
171,0.15000000000000002,14.371859296482413,0.39557638319635646
172,0.15000000000000002,14.572864321608044,0.39090778402790655
173,0.15000000000000002,14.773869346733669,0.38632538340445066
174,0.15000000000000002,14.9748743718593,0.3818277785323336
175,0.15000000000000002,15.175879396984925,0.3774127165621266
176,0.15000000000000002,15.376884422110557,0.3730788404134346
177,0.15000000000000002,15.577889447236181,0.3688250425513692
178,0.15000000000000002,15.778894472361813,0.36464854683486597
179,0.15000000000000002,15.979899497487438,0.36054827736018497
180,0.15000000000000002,16.18090452261307,0.35652265631711394
181,0.15000000000000002,16.381909547738694,0.35257006965147936
182,0.15000000000000002,16.582914572864325,0.3486889725296476
183,0.15000000000000002,16.78391959798995,0.3448778007803232
184,0.15000000000000002,16.98492462311558,0.34113503767595293
185,0.15000000000000002,17.185929648241206,0.33745919018216464
186,0.15000000000000002,17.386934673366838,0.33384880821523455
187,0.15000000000000002,17.587939698492463,0.33030243920040786
188,0.15000000000000002,17.788944723618094,0.32681866675087967
189,0.15000000000000002,17.98994974874372,0.32339610611354064
190,0.15000000000000002,18.19095477386935,0.32003342180379557
191,0.15000000000000002,18.391959798994975,0.3167297615083432
192,0.15000000000000002,18.592964824120607,0.31348283380625513
193,0.15000000000000002,18.79396984924623,0.31029187380773116
194,0.15000000000000002,18.994974874371863,0.30715564146470903
195,0.15000000000000002,19.195979899497488,0.3040729100785182
196,0.15000000000000002,19.39698492462312,0.30104250702116075
197,0.15000000000000002,19.597989949748744,0.29806326024752466
198,0.15000000000000002,19.798994974874375,0.2951340466297356
199,0.15000000000000002,20.0,0.29225375812654836
