,t,height,fid
0,0.45000000000000007,-20.0,0.23660670269387654
1,0.45000000000000007,-19.798994974874372,0.23665815713121466
2,0.45000000000000007,-19.597989949748744,0.2367376610071633
3,0.45000000000000007,-19.396984924623116,0.2368434439923736
4,0.45000000000000007,-19.195979899497488,0.23697526169701552
5,0.45000000000000007,-18.99497487437186,0.23713417500560732
6,0.45000000000000007,-18.79396984924623,0.23732206130214809
7,0.45000000000000007,-18.592964824120603,0.23754105131148404
8,0.45000000000000007,-18.391959798994975,0.237793012887704
9,0.45000000000000007,-18.190954773869347,0.23807926834334459
10,0.45000000000000007,-17.98994974874372,0.23840056631484882
11,0.45000000000000007,-17.78894472361809,0.23875719369255613
12,0.45000000000000007,-17.587939698492463,0.23914927670910852
13,0.45000000000000007,-17.386934673366834,0.2395769760870201
14,0.45000000000000007,-17.185929648241206,0.24004069152621763
15,0.45000000000000007,-16.984924623115578,0.24054107759753524
16,0.45000000000000007,-16.78391959798995,0.2410790118175145
17,0.45000000000000007,-16.582914572864322,0.24165552788467204
18,0.45000000000000007,-16.381909547738694,0.24227166553308385
19,0.45000000000000007,-16.180904522613066,0.24292847736120768
20,0.45000000000000007,-15.979899497487438,0.24362697887206008
21,0.45000000000000007,-15.77889447236181,0.2443681876693664
22,0.45000000000000007,-15.577889447236181,0.24515315475378535
23,0.45000000000000007,-15.376884422110553,0.2459829874077968
24,0.45000000000000007,-15.175879396984925,0.24685888887096508
25,0.45000000000000007,-14.974874371859297,0.2477821299632165
26,0.45000000000000007,-14.773869346733669,0.2487540728100693
27,0.45000000000000007,-14.57286432160804,0.24977614633057554
28,0.45000000000000007,-14.371859296482413,0.25084984129149457
29,0.45000000000000007,-14.170854271356784,0.2519767346909387
30,0.45000000000000007,-13.969849246231156,0.2531584981114184
31,0.45000000000000007,-13.768844221105528,0.2543968647764687
32,0.45000000000000007,-13.5678391959799,0.25569369165821515
33,0.45000000000000007,-13.366834170854272,0.25705091950222436
34,0.45000000000000007,-13.165829145728644,0.2584706150522418
35,0.45000000000000007,-12.964824120603016,0.2599549437629353
36,0.45000000000000007,-12.763819095477388,0.2615062115343683
37,0.45000000000000007,-12.56281407035176,0.2631268453878656
38,0.45000000000000007,-12.361809045226131,0.26481941220787875
39,0.45000000000000007,-12.160804020100503,0.26658662764617236
40,0.45000000000000007,-11.959798994974873,0.2684313798132183
41,0.45000000000000007,-11.758793969849245,0.2703566961379242
42,0.45000000000000007,-11.557788944723617,0.27236582675238497
43,0.45000000000000007,-11.356783919597989,0.27446218903246444
44,0.45000000000000007,-11.15577889447236,0.2766494169512976
45,0.45000000000000007,-10.954773869346733,0.2789313672776023
46,0.45000000000000007,-10.753768844221105,0.28131214757890366
47,0.45000000000000007,-10.552763819095476,0.2837961053620755
48,0.45000000000000007,-10.351758793969848,0.2863878992650264
49,0.45000000000000007,-10.15075376884422,0.28909244828162006
50,0.45000000000000007,-9.949748743718592,0.2919150278483858
51,0.45000000000000007,-9.748743718592964,0.2948612308220931
52,0.45000000000000007,-9.547738693467336,0.29793706196411773
53,0.45000000000000007,-9.346733668341708,0.30114890322686766
54,0.45000000000000007,-9.14572864321608,0.30450356269262413
55,0.45000000000000007,-8.944723618090451,0.3080083471648673
56,0.45000000000000007,-8.743718592964823,0.3116710583206452
57,0.45000000000000007,-8.542713567839195,0.31550001612996725
58,0.45000000000000007,-8.341708542713567,0.31950368129887935
59,0.45000000000000007,-8.140703517587939,0.3236926009414384
60,0.45000000000000007,-7.939698492462311,0.32807654860578467
61,0.45000000000000007,-7.738693467336683,0.3326665272270103
62,0.45000000000000007,-7.537688442211055,0.33747433659129483
63,0.45000000000000007,-7.3366834170854265,0.34251266808388914
64,0.45000000000000007,-7.135678391959798,0.3477951220803542
65,0.45000000000000007,-6.93467336683417,0.35333632275733223
66,0.45000000000000007,-6.733668341708542,0.3591519681726181
67,0.45000000000000007,-6.532663316582914,0.36525892736788995
68,0.45000000000000007,-6.331658291457286,0.37167619225726023
69,0.45000000000000007,-6.130653266331658,0.37842086161370814
70,0.45000000000000007,-5.92964824120603,0.3855146550257552
71,0.45000000000000007,-5.7286432160804015,0.39298164620140186
72,0.45000000000000007,-5.527638190954773,0.4008445645022969
73,0.45000000000000007,-5.326633165829145,0.4091288934202619
74,0.45000000000000007,-5.125628140703517,0.417861737534619
75,0.45000000000000007,-4.924623115577889,0.4270718514504807
76,0.45000000000000007,-4.723618090452261,0.43678952043058
77,0.45000000000000007,-4.522613065326633,0.4470464792839655
78,0.45000000000000007,-4.321608040201005,0.45787514490402387
79,0.45000000000000007,-4.1206030150753765,0.469310350243152
80,0.45000000000000007,-3.9195979899497466,0.4813849151411914
81,0.45000000000000007,-3.7185929648241185,0.4941339934862272
82,0.45000000000000007,-3.5175879396984904,0.5075889508159843
83,0.45000000000000007,-3.3165829145728623,0.5217788828379323
84,0.45000000000000007,-3.115577889447234,0.5367279148646262
85,0.45000000000000007,-2.914572864321606,0.5524525810821406
86,0.45000000000000007,-2.713567839195978,0.5689585656451965
87,0.45000000000000007,-2.5125628140703498,0.5862364747111698
88,0.45000000000000007,-2.3115577889447216,0.6042566815438465
89,0.45000000000000007,-2.1105527638190935,0.6229632889743637
90,0.45000000000000007,-1.9095477386934654,0.6422671281331672
91,0.45000000000000007,-1.7085427135678373,0.6620381529418868
92,0.45000000000000007,-1.5075376884422091,0.6820977051504322
93,0.45000000000000007,-1.306532663316581,0.7022115889301151
94,0.45000000000000007,-1.105527638190953,0.7220838956524296
95,0.45000000000000007,-0.9045226130653248,0.7413586695565705
96,0.45000000000000007,-0.7035175879396967,0.759617497211085
97,0.45000000000000007,-0.5025125628140685,0.7763920856945198
98,0.45000000000000007,-0.3015075376884404,0.7911797687106692
99,0.45000000000000007,-0.10050251256281229,0.8034675458057702
100,0.45000000000000007,0.10050251256281584,0.8127624721264264
101,0.45000000000000007,0.30150753768844396,0.8186264266716112
102,0.45000000000000007,0.5025125628140721,0.8207114434062681
103,0.45000000000000007,0.7035175879397002,0.8187914798717689
104,0.45000000000000007,0.9045226130653283,0.8127859989796105
105,0.45000000000000007,1.1055276381909565,0.8027713363112707
106,0.45000000000000007,1.3065326633165846,0.7889781830497897
107,0.45000000000000007,1.5075376884422127,0.7717747273270696
108,0.45000000000000007,1.7085427135678408,0.7516377959258805
109,0.45000000000000007,1.909547738693469,0.7291159000435884
110,0.45000000000000007,2.110552763819097,0.7047902644270088
111,0.45000000000000007,2.311557788944725,0.6792334292382812
112,0.45000000000000007,2.5125628140703533,0.652982599754688
113,0.45000000000000007,2.7135678391959814,0.6265129231013961
114,0.45000000000000007,2.9145728643216096,0.6002247645225144
115,0.45000000000000007,3.1155778894472377,0.5744387568903704
116,0.45000000000000007,3.316582914572866,0.5493981157752412
117,0.45000000000000007,3.517587939698494,0.5252759864905326
118,0.45000000000000007,3.718592964824122,0.5021853863397104
119,0.45000000000000007,3.91959798994975,0.48019037029154626
120,0.45000000000000007,4.120603015075378,0.45931735092849146
121,0.45000000000000007,4.321608040201006,0.4395622890331108
122,0.45000000000000007,4.5226130653266345,0.4209012554980474
123,0.45000000000000007,4.723618090452263,0.403296961749752
124,0.45000000000000007,4.924623115577891,0.38670168115675013
125,0.45000000000000007,5.125628140703519,0.37106682652281003
126,0.45000000000000007,5.326633165829147,0.3563335059833695
127,0.45000000000000007,5.527638190954775,0.3424485622824276
128,0.45000000000000007,5.728643216080403,0.3293580418536234
129,0.45000000000000007,5.929648241206031,0.3170103174584147
130,0.45000000000000007,6.1306532663316595,0.30535466332827377
131,0.45000000000000007,6.331658291457288,0.29434464918939895
132,0.45000000000000007,6.532663316582916,0.2839362002657793
133,0.45000000000000007,6.733668341708544,0.2740881991671161
134,0.45000000000000007,6.934673366834172,0.26476236291794786
135,0.45000000000000007,7.1356783919598,0.2559231920587548
136,0.45000000000000007,7.336683417085428,0.2475378056305978
137,0.45000000000000007,7.537688442211056,0.2395758022221618
138,0.45000000000000007,7.7386934673366845,0.2320090951049702
139,0.45000000000000007,7.939698492462313,0.2248117372495516
140,0.45000000000000007,8.14070351758794,0.21795975742638043
141,0.45000000000000007,8.341708542713569,0.21143102039344455
142,0.45000000000000007,8.542713567839197,0.20520509110807986
143,0.45000000000000007,8.743718592964825,0.1992630715980441
144,0.45000000000000007,8.944723618090453,0.1935874746620612
145,0.45000000000000007,9.145728643216081,0.1881624603108086
146,0.45000000000000007,9.34673366834171,0.18297241889019167
147,0.45000000000000007,9.547738693467338,0.17800421198945174
148,0.45000000000000007,9.748743718592966,0.1732441242013098
149,0.45000000000000007,9.949748743718594,0.16868063420259927
150,0.45000000000000007,10.150753768844222,0.16430264558165686
151,0.45000000000000007,10.35175879396985,0.16009984708162736
152,0.45000000000000007,10.552763819095478,0.15606262818789632
153,0.45000000000000007,10.753768844221106,0.15218204309190425
154,0.45000000000000007,10.954773869346734,0.14844975378742425
155,0.45000000000000007,11.155778894472363,0.14485796980067442
156,0.45000000000000007,11.35678391959799,0.14139942530296104
157,0.45000000000000007,11.557788944723619,0.13806732026850105
158,0.45000000000000007,11.758793969849247,0.13485529088544418
159,0.45000000000000007,11.959798994974875,0.1317573870687947
160,0.45000000000000007,12.160804020100507,0.12876802222623066
161,0.45000000000000007,12.361809045226131,0.125881972882895
162,0.45000000000000007,12.562814070351763,0.12309432073213351
163,0.45000000000000007,12.763819095477388,0.1204004283900404
164,0.45000000000000007,12.96482412060302,0.11779593038228033
165,0.45000000000000007,13.165829145728644,0.11527698937450795
166,0.45000000000000007,13.366834170854275,0.11283952917240495
167,0.45000000000000007,13.5678391959799,0.11047963115437864
168,0.45000000000000007,13.768844221105532,0.10819429176348971
169,0.45000000000000007,13.969849246231156,0.10598067415129658
170,0.45000000000000007,14.170854271356788,0.10383496152971591
171,0.45000000000000007,14.371859296482413,0.10175436042013405
172,0.45000000000000007,14.572864321608044,0.09973579114010356
173,0.45000000000000007,14.773869346733669,0.09777647458902239
174,0.45000000000000007,14.9748743718593,0.09587415654297816
175,0.45000000000000007,15.175879396984925,0.09402730416609865
176,0.45000000000000007,15.376884422110557,0.09223479900134929
177,0.45000000000000007,15.577889447236181,0.09049558551907277
178,0.45000000000000007,15.778894472361813,0.08880713913051129
179,0.45000000000000007,15.979899497487438,0.08716608707552385
180,0.45000000000000007,16.18090452261307,0.08556767268559676
181,0.45000000000000007,16.381909547738694,0.08400709446269164
182,0.45000000000000007,16.582914572864325,0.08248131319944695
183,0.45000000000000007,16.78391959798995,0.08099070319331843
184,0.45000000000000007,16.98492462311558,0.0795395967655071
185,0.45000000000000007,17.185929648241206,0.07813522381607513
186,0.45000000000000007,17.386934673366838,0.0767832835429918
187,0.45000000000000007,17.587939698492463,0.07548571874911827
188,0.45000000000000007,17.788944723618094,0.0742362401750637
189,0.45000000000000007,17.98994974874372,0.07301995880589142
190,0.45000000000000007,18.19095477386935,0.07181637594826083
191,0.45000000000000007,18.391959798994975,0.07060567181589836
192,0.45000000000000007,18.592964824120607,0.06937655575051395
193,0.45000000000000007,18.79396984924623,0.06813281702198014
194,0.45000000000000007,18.994974874371863,0.06689584502697662
195,0.45000000000000007,19.195979899497488,0.06570129607344756
196,0.45000000000000007,19.39698492462312,0.06458999947986593
197,0.45000000000000007,19.597989949748744,0.06359523857430133
198,0.45000000000000007,19.798994974874375,0.06273001260704443
199,0.45000000000000007,20.0,0.06197837658756518
