,t,height,fid
0,0.1,-20.0,0.4264987265318698
1,0.1,-19.798994974874372,0.42951230950468333
2,0.1,-19.597989949748744,0.43256233164299657
3,0.1,-19.396984924623116,0.4356492088794682
4,0.1,-19.195979899497488,0.43877337404114974
5,0.1,-18.99497487437186,0.44193523354460823
6,0.1,-18.79396984924623,0.445135199444355
7,0.1,-18.592964824120603,0.44837368113217896
8,0.1,-18.391959798994975,0.45165053858351606
9,0.1,-18.190954773869347,0.45496721028898574
10,0.1,-17.98994974874372,0.45832354828687005
11,0.1,-17.78894472361809,0.46171992618253666
12,0.1,-17.587939698492463,0.4651566912885738
13,0.1,-17.386934673366834,0.46863418859427836
14,0.1,-17.185929648241206,0.4721527297744821
15,0.1,-16.984924623115578,0.47571188033156464
16,0.1,-16.78391959798995,0.47931342630500573
17,0.1,-16.582914572864322,0.48295690203455105
18,0.1,-16.381909547738694,0.4866425275031872
19,0.1,-16.180904522613066,0.49037053926439556
20,0.1,-15.979899497487438,0.494141125697807
21,0.1,-15.77889447236181,0.4979544620974292
22,0.1,-15.577889447236181,0.5018106847435153
23,0.1,-15.376884422110553,0.5057098823058468
24,0.1,-15.175879396984925,0.5096521398476883
25,0.1,-14.974874371859297,0.5136374449650827
26,0.1,-14.773869346733669,0.5176658297200704
27,0.1,-14.57286432160804,0.5217372142996052
28,0.1,-14.371859296482413,0.5258514923054302
29,0.1,-14.170854271356784,0.5300084951690397
30,0.1,-13.969849246231156,0.5342080134532677
31,0.1,-13.768844221105528,0.5384497983337772
32,0.1,-13.5678391959799,0.5427334804099313
33,0.1,-13.366834170854272,0.5470586805658615
34,0.1,-13.165829145728644,0.5514249311445228
35,0.1,-12.964824120603016,0.5558316878474934
36,0.1,-12.763819095477388,0.5602783231849204
37,0.1,-12.56281407035176,0.5647641556441073
38,0.1,-12.361809045226131,0.5692883746019418
39,0.1,-12.160804020100503,0.5738501162158468
40,0.1,-11.959798994974873,0.5784484006332404
41,0.1,-11.758793969849245,0.5830821449218021
42,0.1,-11.557788944723617,0.5877501925267054
43,0.1,-11.356783919597989,0.5924512401447238
44,0.1,-11.15577889447236,0.5971838969783586
45,0.1,-10.954773869346733,0.6019466418187694
46,0.1,-10.753768844221105,0.6067378357099922
47,0.1,-10.552763819095476,0.6115556957969335
48,0.1,-10.351758793969848,0.6163983340359465
49,0.1,-10.15075376884422,0.621263717772831
50,0.1,-9.949748743718592,0.6261496488575591
51,0.1,-9.748743718592964,0.6310538174683804
52,0.1,-9.547738693467336,0.6359737657417571
53,0.1,-9.346733668341708,0.6409068674516206
54,0.1,-9.14572864321608,0.645850336460166
55,0.1,-8.944723618090451,0.6508012622432278
56,0.1,-8.743718592964823,0.655756545939541
57,0.1,-8.542713567839195,0.6607129389158666
58,0.1,-8.341708542713567,0.6656670179837654
59,0.1,-8.140703517587939,0.6706152293822413
60,0.1,-7.939698492462311,0.6755538255312337
61,0.1,-7.738693467336683,0.6804789031232794
62,0.1,-7.537688442211055,0.6853864152969814
63,0.1,-7.3366834170854265,0.690272135504702
64,0.1,-7.135678391959798,0.69513169987705
65,0.1,-6.93467336683417,0.6999605631116602
66,0.1,-6.733668341708542,0.7047540654448688
67,0.1,-6.532663316582914,0.7095074090576395
68,0.1,-6.331658291457286,0.7142156019488308
69,0.1,-6.130653266331658,0.718873573974074
70,0.1,-5.92964824120603,0.7234752483921185
71,0.1,-5.7286432160804015,0.7280170938142703
72,0.1,-5.527638190954773,0.7324927804852222
73,0.1,-5.326633165829145,0.7368968341981158
74,0.1,-5.125628140703517,0.7412236500882767
75,0.1,-4.924623115577889,0.7454675904499184
76,0.1,-4.723618090452261,0.7496229676141054
77,0.1,-4.522613065326633,0.7536840200765357
78,0.1,-4.321608040201005,0.7576450027421282
79,0.1,-4.1206030150753765,0.7615001576538961
80,0.1,-3.9195979899497466,0.7652437374930039
81,0.1,-3.7185929648241185,0.7688700109366695
82,0.1,-3.5175879396984904,0.7723733245344986
83,0.1,-3.3165829145728623,0.7757480636679602
84,0.1,-3.115577889447234,0.7789887281276274
85,0.1,-2.914572864321606,0.7820899048905856
86,0.1,-2.713567839195978,0.7850462889491876
87,0.1,-2.5125628140703498,0.7878527672747524
88,0.1,-2.3115577889447216,0.7905043707644595
89,0.1,-2.1105527638190935,0.7929962815243954
90,0.1,-1.9095477386934654,0.795323945647728
91,0.1,-1.7085427135678373,0.79748300298062
92,0.1,-1.5075376884422091,0.7994693084936346
93,0.1,-1.306532663316581,0.8012790305837951
94,0.1,-1.105527638190953,0.8029085567920391
95,0.1,-0.9045226130653248,0.80435459613098
96,0.1,-0.7035175879396967,0.805614162215181
97,0.1,-0.5025125628140685,0.8066845386506039
98,0.1,-0.3015075376884404,0.8075634023784797
99,0.1,-0.10050251256281229,0.808248690269887
100,0.1,0.10050251256281584,0.8087387487853688
101,0.1,0.30150753768844396,0.8090324872134704
102,0.1,0.5025125628140721,0.8091289882360234
103,0.1,0.7035175879397002,0.8090276359387808
104,0.1,0.9045226130653283,0.8087282081176644
105,0.1,1.1055276381909565,0.808230934313735
106,0.1,1.3065326633165846,0.807536329042537
107,0.1,1.5075376884422127,0.8066453456798435
108,0.1,1.7085427135678408,0.8055593190307927
109,0.1,1.909547738693469,0.8042798920922947
110,0.1,2.110552763819097,0.8028091042006791
111,0.1,2.311557788944725,0.8011493168746049
112,0.1,2.5125628140703533,0.7993032482291121
113,0.1,2.7135678391959814,0.7972739424466749
114,0.1,2.9145728643216096,0.7950647484612158
115,0.1,3.1155778894472377,0.7926792913905089
116,0.1,3.316582914572866,0.7901215270894317
117,0.1,3.517587939698494,0.7873956240034915
118,0.1,3.718592964824122,0.7845060621208052
119,0.1,3.91959798994975,0.7814574929245903
120,0.1,4.120603015075378,0.7782548139757313
121,0.1,4.321608040201006,0.7749031100398119
122,0.1,4.5226130653266345,0.7714076370125108
123,0.1,4.723618090452263,0.7677738040187281
124,0.1,4.924623115577891,0.764007148355178
125,0.1,5.125628140703519,0.7601133345215152
126,0.1,5.326633165829147,0.7560981041704852
127,0.1,5.527638190954775,0.7519672776155969
128,0.1,5.728643216080403,0.7477267389634066
129,0.1,5.929648241206031,0.7433823904471734
130,0.1,6.1306532663316595,0.7389401644984563
131,0.1,6.331658291457288,0.734405982382883
132,0.1,6.532663316582916,0.7297857497133851
133,0.1,6.733668341708544,0.7250853160377604
134,0.1,6.934673366834172,0.7203105100526654
135,0.1,7.1356783919598,0.7154679744888854
136,0.1,7.336683417085428,0.71056159601672
137,0.1,7.537688442211056,0.7055978428573885
138,0.1,7.7386934673366845,0.7005821653403617
139,0.1,7.939698492462313,0.695519946945998
140,0.1,8.14070351758794,0.6904163809743847
141,0.1,8.341708542713569,0.6852765971146457
142,0.1,8.542713567839197,0.6801055336838552
143,0.1,8.743718592964825,0.6749079846465609
144,0.1,8.944723618090453,0.6696886080824309
145,0.1,9.145728643216081,0.6644518668934204
146,0.1,9.34673366834171,0.659202115025124
147,0.1,9.547738693467338,0.6539434780287692
148,0.1,9.748743718592966,0.6486799563787623
149,0.1,9.949748743718594,0.6434153572900665
150,0.1,10.150753768844222,0.6381533292941547
151,0.1,10.35175879396985,0.6328973480109046
152,0.1,10.552763819095478,0.6276506941293315
153,0.1,10.753768844221106,0.6224165198235401
154,0.1,10.954773869346734,0.6171977831762903
155,0.1,11.155778894472363,0.6119972801277267
156,0.1,11.35678391959799,0.6068176424787057
157,0.1,11.557788944723619,0.6016613609832566
158,0.1,11.758793969849247,0.5965307478957491
159,0.1,11.959798994974875,0.591427968037485
160,0.1,12.160804020100507,0.586355064214065
161,0.1,12.361809045226131,0.5813138933660152
162,0.1,12.562814070351763,0.5763062154831715
163,0.1,12.763819095477388,0.5713336310483608
164,0.1,12.96482412060302,0.5663976273629301
165,0.1,13.165829145728644,0.5614995537786052
166,0.1,13.366834170854275,0.5566406527308346
167,0.1,13.5678391959799,0.5518220455775089
168,0.1,13.768844221105532,0.5470447583647605
169,0.1,13.969849246231156,0.5423096927451513
170,0.1,14.170854271356788,0.5376176603679443
171,0.1,14.371859296482413,0.5329693926593938
172,0.1,14.572864321608044,0.5283655173373646
173,0.1,14.773869346733669,0.5238065726707776
174,0.1,14.9748743718593,0.5192930387451397
175,0.1,15.175879396984925,0.514825299779064
176,0.1,15.376884422110557,0.5104036655846688
177,0.1,15.577889447236181,0.5060284115433918
178,0.1,15.778894472361813,0.5016997120261284
179,0.1,15.979899497487438,0.4974177145338643
180,0.1,16.18090452261307,0.49318248185683805
181,0.1,16.381909547738694,0.48899405941524043
182,0.1,16.582914572864325,0.48485241174706833
183,0.1,16.78391959798995,0.48075747679439673
184,0.1,16.98492462311558,0.47670915311822726
185,0.1,17.185929648241206,0.47270805034593666
186,0.1,17.386934673366838,0.468752453612082
187,0.1,17.587939698492463,0.46484292991226317
188,0.1,17.788944723618094,0.4609792274511817
189,0.1,17.98994974874372,0.45716108578802944
190,0.1,18.19095477386935,0.45338818376328266
191,0.1,18.391959798994975,0.44966073775748683
192,0.1,18.592964824120607,0.44597736899704205
193,0.1,18.79396984924623,0.44233822374152776
194,0.1,18.994974874371863,0.43874293426515465
195,0.1,19.195979899497488,0.4351911017762424
196,0.1,19.39698492462312,0.43168232574151205
197,0.1,19.597989949748744,0.4282161731046508
198,0.1,19.798994974874375,0.4247922189107326
199,0.1,20.0,0.42141002071551387
