,t,height,fid
0,1.7500000000000007,-20.0,0.24594370084745668
1,1.7500000000000007,-19.798994974874372,0.23981143097768856
2,1.7500000000000007,-19.597989949748744,0.23256097231505174
3,1.7500000000000007,-19.396984924623116,0.22385372973598588
4,1.7500000000000007,-19.195979899497488,0.21319092817160837
5,1.7500000000000007,-18.99497487437186,0.20091853015897007
6,1.7500000000000007,-18.79396984924623,0.18841429217719854
7,1.7500000000000007,-18.592964824120603,0.17731219378025265
8,1.7500000000000007,-18.391959798994975,0.16878502446812046
9,1.7500000000000007,-18.190954773869347,0.16366109947986937
10,1.7500000000000007,-17.98994974874372,0.16264383803409407
11,1.7500000000000007,-17.78894472361809,0.16595402567780188
12,1.7500000000000007,-17.587939698492463,0.17318094676452395
13,1.7500000000000007,-17.386934673366834,0.1839239924782133
14,1.7500000000000007,-17.185929648241206,0.19838294357866632
15,1.7500000000000007,-16.984924623115578,0.21708008328947848
16,1.7500000000000007,-16.78391959798995,0.24038525315504747
17,1.7500000000000007,-16.582914572864322,0.26839629909857077
18,1.7500000000000007,-16.381909547738694,0.3007025542628132
19,1.7500000000000007,-16.180904522613066,0.3361366955138898
20,1.7500000000000007,-15.979899497487438,0.37325000833575667
21,1.7500000000000007,-15.77889447236181,0.41102451313616634
22,1.7500000000000007,-15.577889447236181,0.4489795364885352
23,1.7500000000000007,-15.376884422110553,0.48693499868902684
24,1.7500000000000007,-15.175879396984925,0.5246451351943162
25,1.7500000000000007,-14.974874371859297,0.5612981014044666
26,1.7500000000000007,-14.773869346733669,0.595570353020767
27,1.7500000000000007,-14.57286432160804,0.6262697860171127
28,1.7500000000000007,-14.371859296482413,0.6528158377262693
29,1.7500000000000007,-14.170854271356784,0.6752328461391877
30,1.7500000000000007,-13.969849246231156,0.6936561563550465
31,1.7500000000000007,-13.768844221105528,0.7078085531949051
32,1.7500000000000007,-13.5678391959799,0.7171247053957528
33,1.7500000000000007,-13.366834170854272,0.7213205637190563
34,1.7500000000000007,-13.165829145728644,0.7207351058796881
35,1.7500000000000007,-12.964824120603016,0.7160371468525911
36,1.7500000000000007,-12.763819095477388,0.7077078049501851
37,1.7500000000000007,-12.56281407035176,0.6960100323146062
38,1.7500000000000007,-12.361809045226131,0.6813825821076982
39,1.7500000000000007,-12.160804020100503,0.6645937314745483
40,1.7500000000000007,-11.959798994974873,0.6464018322967153
41,1.7500000000000007,-11.758793969849245,0.6272872277762628
42,1.7500000000000007,-11.557788944723617,0.6076140904282082
43,1.7500000000000007,-11.356783919597989,0.5877989352795016
44,1.7500000000000007,-11.15577889447236,0.5681639345568396
45,1.7500000000000007,-10.954773869346733,0.5488332440037054
46,1.7500000000000007,-10.753768844221105,0.5298829530930254
47,1.7500000000000007,-10.552763819095476,0.5114192430080007
48,1.7500000000000007,-10.351758793969848,0.49352162125353677
49,1.7500000000000007,-10.15075376884422,0.4762744512883572
50,1.7500000000000007,-9.949748743718592,0.45981166769136556
51,1.7500000000000007,-9.748743718592964,0.44427011570336966
52,1.7500000000000007,-9.547738693467336,0.42977118540761533
53,1.7500000000000007,-9.346733668341708,0.4164164000938711
54,1.7500000000000007,-9.14572864321608,0.40426771241269005
55,1.7500000000000007,-8.944723618090451,0.39335282884153044
56,1.7500000000000007,-8.743718592964823,0.38367403944387457
57,1.7500000000000007,-8.542713567839195,0.37520318631603344
58,1.7500000000000007,-8.341708542713567,0.3678874049917348
59,1.7500000000000007,-8.140703517587939,0.3616454125477934
60,1.7500000000000007,-7.939698492462311,0.3563861707778081
61,1.7500000000000007,-7.738693467336683,0.352047542957685
62,1.7500000000000007,-7.537688442211055,0.3486374716289585
63,1.7500000000000007,-7.3366834170854265,0.34624419333157
64,1.7500000000000007,-7.135678391959798,0.34499863007847664
65,1.7500000000000007,-6.93467336683417,0.34500547614343685
66,1.7500000000000007,-6.733668341708542,0.34629409423868285
67,1.7500000000000007,-6.532663316582914,0.3488289367591304
68,1.7500000000000007,-6.331658291457286,0.35257147518170123
69,1.7500000000000007,-6.130653266331658,0.35755362896100074
70,1.7500000000000007,-5.92964824120603,0.36391902863767106
71,1.7500000000000007,-5.7286432160804015,0.37191487561383546
72,1.7500000000000007,-5.527638190954773,0.3818292013399681
73,1.7500000000000007,-5.326633165829145,0.39391895377771663
74,1.7500000000000007,-5.125628140703517,0.4083707027615671
75,1.7500000000000007,-4.924623115577889,0.4253501445108505
76,1.7500000000000007,-4.723618090452261,0.4451368804123589
77,1.7500000000000007,-4.522613065326633,0.468243630201878
78,1.7500000000000007,-4.321608040201005,0.49540465808448075
79,1.7500000000000007,-4.1206030150753765,0.5273455009499395
80,1.7500000000000007,-3.9195979899497466,0.5643572171676303
81,1.7500000000000007,-3.7185929648241185,0.6058386909185455
82,1.7500000000000007,-3.5175879396984904,0.6500174356522271
83,1.7500000000000007,-3.3165829145728623,0.6940315231240667
84,1.7500000000000007,-3.115577889447234,0.734401949906072
85,1.7500000000000007,-2.914572864321606,0.7677625779542405
86,1.7500000000000007,-2.713567839195978,0.7915853605739418
87,1.7500000000000007,-2.5125628140703498,0.8046817918062718
88,1.7500000000000007,-2.3115577889447216,0.8073370600317441
89,1.7500000000000007,-2.1105527638190935,0.8011014201226964
90,1.7500000000000007,-1.9095477386934654,0.7883667543299112
91,1.7500000000000007,-1.7085427135678373,0.7718945428203015
92,1.7500000000000007,-1.5075376884422091,0.7544304710213775
93,1.7500000000000007,-1.306532663316581,0.7384746525763097
94,1.7500000000000007,-1.105527638190953,0.7262133827716074
95,1.7500000000000007,-0.9045226130653248,0.7195812245962575
96,1.7500000000000007,-0.7035175879396967,0.7203949875435041
97,1.7500000000000007,-0.5025125628140685,0.7305168063235015
98,1.7500000000000007,-0.3015075376884404,0.7519015361191518
99,1.7500000000000007,-0.10050251256281229,0.7862798798507821
100,1.7500000000000007,0.10050251256281584,0.8337557032149098
101,1.7500000000000007,0.30150753768844396,0.8890311807441108
102,1.7500000000000007,0.5025125628140721,0.9347974398117962
103,1.7500000000000007,0.7035175879397002,0.9384578155016305
104,1.7500000000000007,0.9045226130653283,0.8683130183851624
105,1.7500000000000007,1.1055276381909565,0.7291985813765124
106,1.7500000000000007,1.3065326633165846,0.5693373431918716
107,1.7500000000000007,1.5075376884422127,0.433967421840467
108,1.7500000000000007,1.7085427135678408,0.3341446108838417
109,1.7500000000000007,1.909547738693469,0.26244033172343467
110,1.7500000000000007,2.110552763819097,0.21018375033305778
111,1.7500000000000007,2.311557788944725,0.17122110438235225
112,1.7500000000000007,2.5125628140703533,0.14151067984430385
113,1.7500000000000007,2.7135678391959814,0.11839923290785634
114,1.7500000000000007,2.9145728643216096,0.10010524511269338
115,1.7500000000000007,3.1155778894472377,0.08540973114363241
116,1.7500000000000007,3.316582914572866,0.07344255238949321
117,1.7500000000000007,3.517587939698494,0.0635994662983694
118,1.7500000000000007,3.718592964824122,0.055383364425020246
119,1.7500000000000007,3.91959798994975,0.048647796195907596
120,1.7500000000000007,4.120603015075378,0.042344946756397696
121,1.7500000000000007,4.321608040201006,0.03870626163148596
122,1.7500000000000007,4.5226130653266345,0.03232241047806188
123,1.7500000000000007,4.723618090452263,0.02991468878605237
124,1.7500000000000007,4.924623115577891,0.030762149219283837
125,1.7500000000000007,5.125628140703519,0.018507357043074848
126,1.7500000000000007,5.326633165829147,0.021319210328304163
127,1.7500000000000007,5.527638190954775,0.03439250011879201
128,1.7500000000000007,5.728643216080403,0.016734049645548137
129,1.7500000000000007,5.929648241206031,0.0033926939904626286
130,1.7500000000000007,6.1306532663316595,0.033433162143762574
131,1.7500000000000007,6.331658291457288,0.05657504182157549
132,1.7500000000000007,6.532663316582916,0.03128762869575892
133,1.7500000000000007,6.733668341708544,0.005205824996949376
134,1.7500000000000007,6.934673366834172,0.032793106477818156
135,1.7500000000000007,7.1356783919598,0.09035584620407666
136,1.7500000000000007,7.336683417085428,0.11538289863199812
137,1.7500000000000007,7.537688442211056,0.09028798546229391
138,1.7500000000000007,7.7386934673366845,0.056874467802178925
139,1.7500000000000007,7.939698492462313,0.06297738705870654
140,1.7500000000000007,8.14070351758794,0.11462627785833296
141,1.7500000000000007,8.341708542713569,0.17762302488890633
142,1.7500000000000007,8.542713567839197,0.21306317035928052
143,1.7500000000000007,8.743718592964825,0.20771739788767588
144,1.7500000000000007,8.944723618090453,0.17796165228630287
145,1.7500000000000007,9.145728643216081,0.15363772543132256
146,1.7500000000000007,9.34673366834171,0.1566167973363116
147,1.7500000000000007,9.547738693467338,0.18922160961895929
148,1.7500000000000007,9.748743718592966,0.23756466890671493
149,1.7500000000000007,9.949748743718594,0.2840488265343269
150,1.7500000000000007,10.150753768844222,0.31409852515103814
151,1.7500000000000007,10.35175879396985,0.3177781260039557
152,1.7500000000000007,10.552763819095478,0.2990366231874518
153,1.7500000000000007,10.753768844221106,0.27520215509061674
154,1.7500000000000007,10.954773869346734,0.2598984938323428
155,1.7500000000000007,11.155778894472363,0.2549462372876471
156,1.7500000000000007,11.35678391959799,0.257145456840809
157,1.7500000000000007,11.557788944723619,0.2664403117184211
158,1.7500000000000007,11.758793969849247,0.28802170714861663
159,1.7500000000000007,11.959798994974875,0.32379471525560727
160,1.7500000000000007,12.160804020100507,0.36067552840496014
161,1.7500000000000007,12.361809045226131,0.3761056188834887
162,1.7500000000000007,12.562814070351763,0.36053615038883263
163,1.7500000000000007,12.763819095477388,0.3292925940947538
164,1.7500000000000007,12.96482412060302,0.3078139909555276
165,1.7500000000000007,13.165829145728644,0.30818513832388095
166,1.7500000000000007,13.366834170854275,0.32177961015840284
167,1.7500000000000007,13.5678391959799,0.32987997744179864
168,1.7500000000000007,13.768844221105532,0.31945555067118436
169,1.7500000000000007,13.969849246231156,0.2906205442780214
170,1.7500000000000007,14.170854271356788,0.25514273421565414
171,1.7500000000000007,14.371859296482413,0.2317544075337232
172,1.7500000000000007,14.572864321608044,0.23621846461872
173,1.7500000000000007,14.773869346733669,0.2714934628433201
174,1.7500000000000007,14.9748743718593,0.326668183776159
175,1.7500000000000007,15.175879396984925,0.379571647314033
176,1.7500000000000007,15.376884422110557,0.4045003123560129
177,1.7500000000000007,15.577889447236181,0.38880585289319985
178,1.7500000000000007,15.778894472361813,0.33975745660812007
179,1.7500000000000007,15.979899497487438,0.2745592083111106
180,1.7500000000000007,16.18090452261307,0.21365210245665925
181,1.7500000000000007,16.381909547738694,0.17867743656796287
182,1.7500000000000007,16.582914572864325,0.18113693263241662
183,1.7500000000000007,16.78391959798995,0.2136401796084928
184,1.7500000000000007,16.98492462311558,0.26002225439570303
185,1.7500000000000007,17.185929648241206,0.3087967184088062
186,1.7500000000000007,17.386934673366838,0.3509748559293353
187,1.7500000000000007,17.587939698492463,0.3729687677175261
188,1.7500000000000007,17.788944723618094,0.36256017461820894
189,1.7500000000000007,17.98994974874372,0.32162287336963086
190,1.7500000000000007,18.19095477386935,0.26537751943122107
191,1.7500000000000007,18.391959798994975,0.20863131821408507
192,1.7500000000000007,18.592964824120607,0.15665140695830534
193,1.7500000000000007,18.79396984924623,0.1110285982353919
194,1.7500000000000007,18.994974874371863,0.08078676764707346
195,1.7500000000000007,19.195979899497488,0.07984077437387359
196,1.7500000000000007,19.39698492462312,0.11351545970636744
197,1.7500000000000007,19.597989949748744,0.17101546867033446
198,1.7500000000000007,19.798994974874375,0.2319336573284758
199,1.7500000000000007,20.0,0.2829436875290374
