,t,height,fid
0,1.8000000000000007,-20.0,0.2539844293689527
1,1.8000000000000007,-19.798994974874372,0.2583662604756969
2,1.8000000000000007,-19.597989949748744,0.2614435150034367
3,1.8000000000000007,-19.396984924623116,0.26280032094455325
4,1.8000000000000007,-19.195979899497488,0.2623224721218518
5,1.8000000000000007,-18.99497487437186,0.2604419661133418
6,1.8000000000000007,-18.79396984924623,0.25726750931285725
7,1.8000000000000007,-18.592964824120603,0.25202844994409657
8,1.8000000000000007,-18.391959798994975,0.24385469152568268
9,1.8000000000000007,-18.190954773869347,0.23279084774738218
10,1.8000000000000007,-17.98994974874372,0.2198400347662361
11,1.8000000000000007,-17.78894472361809,0.20624295808880957
12,1.8000000000000007,-17.587939698492463,0.19326071962370764
13,1.8000000000000007,-17.386934673366834,0.18241490196599858
14,1.8000000000000007,-17.185929648241206,0.17509355468748147
15,1.8000000000000007,-16.984924623115578,0.1718669301604361
16,1.8000000000000007,-16.78391959798995,0.17266280569560796
17,1.8000000000000007,-16.582914572864322,0.17752334335622894
18,1.8000000000000007,-16.381909547738694,0.1867956815379706
19,1.8000000000000007,-16.180904522613066,0.20095192916215576
20,1.8000000000000007,-15.979899497487438,0.2205662778552231
21,1.8000000000000007,-15.77889447236181,0.24596989320234355
22,1.8000000000000007,-15.577889447236181,0.27666065367728376
23,1.8000000000000007,-15.376884422110553,0.31141027135331983
24,1.8000000000000007,-15.175879396984925,0.34887250045959156
25,1.8000000000000007,-14.974874371859297,0.3879739727612713
26,1.8000000000000007,-14.773869346733669,0.42811585781382083
27,1.8000000000000007,-14.57286432160804,0.4689397490950763
28,1.8000000000000007,-14.371859296482413,0.5097160201340825
29,1.8000000000000007,-14.170854271356784,0.5491696053673497
30,1.8000000000000007,-13.969849246231156,0.5859042934240973
31,1.8000000000000007,-13.768844221105528,0.6189710396064868
32,1.8000000000000007,-13.5678391959799,0.6480983829095177
33,1.8000000000000007,-13.366834170854272,0.6732552593031549
34,1.8000000000000007,-13.165829145728644,0.6940970483774251
35,1.8000000000000007,-12.964824120603016,0.7099933548729633
36,1.8000000000000007,-12.763819095477388,0.7205488249662677
37,1.8000000000000007,-12.56281407035176,0.7259366152826093
38,1.8000000000000007,-12.361809045226131,0.7265786915143783
39,1.8000000000000007,-12.160804020100503,0.7227141471423776
40,1.8000000000000007,-11.959798994974873,0.7144936088702336
41,1.8000000000000007,-11.758793969849245,0.7023702888294571
42,1.8000000000000007,-11.557788944723617,0.6871014213342386
43,1.8000000000000007,-11.356783919597989,0.6693933978856959
44,1.8000000000000007,-11.15577889447236,0.6498273822426983
45,1.8000000000000007,-10.954773869346733,0.6290497182583652
46,1.8000000000000007,-10.753768844221105,0.6077226238287385
47,1.8000000000000007,-10.552763819095476,0.5863268487379747
48,1.8000000000000007,-10.351758793969848,0.5651917516501955
49,1.8000000000000007,-10.15075376884422,0.5445836030359574
50,1.8000000000000007,-9.949748743718592,0.5246635950448163
51,1.8000000000000007,-9.748743718592964,0.5055154440864194
52,1.8000000000000007,-9.547738693467336,0.4872209854600157
53,1.8000000000000007,-9.346733668341708,0.4698635710286881
54,1.8000000000000007,-9.14572864321608,0.4535307272371436
55,1.8000000000000007,-8.944723618090451,0.4383206971646043
56,1.8000000000000007,-8.743718592964823,0.42431825073873053
57,1.8000000000000007,-8.542713567839195,0.4115915841251888
58,1.8000000000000007,-8.341708542713567,0.40018850151821544
59,1.8000000000000007,-8.140703517587939,0.3901359663618478
60,1.8000000000000007,-7.939698492462311,0.3814353471338105
61,1.8000000000000007,-7.738693467336683,0.37404641199884314
62,1.8000000000000007,-7.537688442211055,0.36789323765153426
63,1.8000000000000007,-7.3366834170854265,0.3628861391543785
64,1.8000000000000007,-7.135678391959798,0.35897002015922064
65,1.8000000000000007,-6.93467336683417,0.35616782118499474
66,1.8000000000000007,-6.733668341708542,0.35457755083656367
67,1.8000000000000007,-6.532663316582914,0.3543196261453052
68,1.8000000000000007,-6.331658291457286,0.35547429404257586
69,1.8000000000000007,-6.130653266331658,0.3580614906457927
70,1.8000000000000007,-5.92964824120603,0.36207892497610267
71,1.8000000000000007,-5.7286432160804015,0.3675705631076762
72,1.8000000000000007,-5.527638190954773,0.3746767199005332
73,1.8000000000000007,-5.326633165829145,0.383649119972384
74,1.8000000000000007,-5.125628140703517,0.3947920489947722
75,1.8000000000000007,-4.924623115577889,0.4083963963139791
76,1.8000000000000007,-4.723618090452261,0.4247033796250917
77,1.8000000000000007,-4.522613065326633,0.44397702831828834
78,1.8000000000000007,-4.321608040201005,0.4666308653523193
79,1.8000000000000007,-4.1206030150753765,0.49329761424296115
80,1.8000000000000007,-3.9195979899497466,0.5246987426657366
81,1.8000000000000007,-3.7185929648241185,0.561260381563834
82,1.8000000000000007,-3.5175879396984904,0.6025941615088393
83,1.8000000000000007,-3.3165829145728623,0.6470885261582263
84,1.8000000000000007,-3.115577889447234,0.6918720608022977
85,1.8000000000000007,-2.914572864321606,0.7332588794179312
86,1.8000000000000007,-2.713567839195978,0.7675605208709944
87,1.8000000000000007,-2.5125628140703498,0.7919558780967847
88,1.8000000000000007,-2.3115577889447216,0.805117889269723
89,1.8000000000000007,-2.1105527638190935,0.807399006920085
90,1.8000000000000007,-1.9095477386934654,0.8005881292733332
91,1.8000000000000007,-1.7085427135678373,0.7874054698974278
92,1.8000000000000007,-1.5075376884422091,0.7709480245727685
93,1.8000000000000007,-1.306532663316581,0.7542561913323427
94,1.8000000000000007,-1.105527638190953,0.7400794479723284
95,1.8000000000000007,-0.9045226130653248,0.7308394665128778
96,1.8000000000000007,-0.7035175879396967,0.7287371743237803
97,1.8000000000000007,-0.5025125628140685,0.7359270939629784
98,1.8000000000000007,-0.3015075376884404,0.7546350245549063
99,1.8000000000000007,-0.10050251256281229,0.7869362876347297
100,1.8000000000000007,0.10050251256281584,0.8334652129084361
101,1.8000000000000007,0.30150753768844396,0.8895750321648911
102,1.8000000000000007,0.5025125628140721,0.9379620844352333
103,1.8000000000000007,0.7035175879397002,0.9438092109428485
104,1.8000000000000007,0.9045226130653283,0.8713773775216506
105,1.8000000000000007,1.1055276381909565,0.7250579733108923
106,1.8000000000000007,1.3065326633165846,0.5585193463162952
107,1.8000000000000007,1.5075376884422127,0.42059487007254087
108,1.8000000000000007,1.7085427135678408,0.32094113161333765
109,1.8000000000000007,1.909547738693469,0.25032383939921543
110,1.8000000000000007,2.110552763819097,0.1993336208351087
111,1.8000000000000007,2.311557788944725,0.1615763323178748
112,1.8000000000000007,2.5125628140703533,0.1329449199343128
113,1.8000000000000007,2.7135678391959814,0.11077927722011635
114,1.8000000000000007,2.9145728643216096,0.09330597800941044
115,1.8000000000000007,3.1155778894472377,0.07932021042068527
116,1.8000000000000007,3.316582914572866,0.06798850403051726
117,1.8000000000000007,3.517587939698494,0.05864284528828285
118,1.8000000000000007,3.718592964824122,0.05100852615677748
119,1.8000000000000007,3.91959798994975,0.044495710256754493
120,1.8000000000000007,4.120603015075378,0.03875603506317593
121,1.8000000000000007,4.321608040201006,0.03571948720287523
122,1.8000000000000007,4.5226130653266345,0.027993793164720948
123,1.8000000000000007,4.723618090452263,0.029429442718557696
124,1.8000000000000007,4.924623115577891,0.027533668261630877
125,1.8000000000000007,5.125628140703519,0.013281425248655337
126,1.8000000000000007,5.326633165829147,0.025867736628825078
127,1.8000000000000007,5.527638190954775,0.03518409266173941
128,1.8000000000000007,5.728643216080403,0.00868926169806479
129,1.8000000000000007,5.929648241206031,0.007548946706859897
130,1.8000000000000007,6.1306532663316595,0.04952344809538633
131,1.8000000000000007,6.331658291457288,0.06250415491856942
132,1.8000000000000007,6.532663316582916,0.027192328296931887
133,1.8000000000000007,6.733668341708544,0.012779636210516688
134,1.8000000000000007,6.934673366834172,0.05887092378780949
135,1.8000000000000007,7.1356783919598,0.1186099287378279
136,1.8000000000000007,7.336683417085428,0.1310918314110263
137,1.8000000000000007,7.537688442211056,0.09775091926197776
138,1.8000000000000007,7.7386934673366845,0.07107008543366644
139,1.8000000000000007,7.939698492462313,0.09195304475354932
140,1.8000000000000007,8.14070351758794,0.15297154341109165
141,1.8000000000000007,8.341708542713569,0.21382702490282665
142,1.8000000000000007,8.542713567839197,0.23983694377065587
143,1.8000000000000007,8.743718592964825,0.22597370817883927
144,1.8000000000000007,8.944723618090453,0.19502055585932693
145,1.8000000000000007,9.145728643216081,0.17630072612452644
146,1.8000000000000007,9.34673366834171,0.18592289803855178
147,1.8000000000000007,9.547738693467338,0.22206183822608133
148,1.8000000000000007,9.748743718592966,0.2714987951577006
149,1.8000000000000007,9.949748743718594,0.31531517661384095
150,1.8000000000000007,10.150753768844222,0.33509547740274304
151,1.8000000000000007,10.35175879396985,0.3290862254173327
152,1.8000000000000007,10.552763819095478,0.31236064499250343
153,1.8000000000000007,10.753768844221106,0.2955117600721827
154,1.8000000000000007,10.954773869346734,0.2789267745885384
155,1.8000000000000007,11.155778894472363,0.2649088259890747
156,1.8000000000000007,11.35678391959799,0.26264362885256715
157,1.8000000000000007,11.557788944723619,0.28168516984013925
158,1.8000000000000007,11.758793969849247,0.32007294796072594
159,1.8000000000000007,11.959798994974875,0.3578054260352228
160,1.8000000000000007,12.160804020100507,0.3703275278520323
161,1.8000000000000007,12.361809045226131,0.35347521374227703
162,1.8000000000000007,12.562814070351763,0.32922415138503663
163,1.8000000000000007,12.763819095477388,0.32250438913739393
164,1.8000000000000007,12.96482412060302,0.33678607414825706
165,1.8000000000000007,13.165829145728644,0.35309829479579846
166,1.8000000000000007,13.366834170854275,0.3496282534394432
167,1.8000000000000007,13.5678391959799,0.31967303885049086
168,1.8000000000000007,13.768844221105532,0.27363221284886197
169,1.8000000000000007,13.969849246231156,0.23261309471617322
170,1.8000000000000007,14.170854271356788,0.21734377895535426
171,1.8000000000000007,14.371859296482413,0.23679792867489585
172,1.8000000000000007,14.572864321608044,0.2858787360600083
173,1.8000000000000007,14.773869346733669,0.3461733585929262
174,1.8000000000000007,14.9748743718593,0.3896184399127418
175,1.8000000000000007,15.175879396984925,0.39509955461020024
176,1.8000000000000007,15.376884422110557,0.3612449493976008
177,1.8000000000000007,15.577889447236181,0.3002153439404493
178,1.8000000000000007,15.778894472361813,0.23192545399319353
179,1.8000000000000007,15.979899497487438,0.18306234361006823
180,1.8000000000000007,16.18090452261307,0.17280382647928957
181,1.8000000000000007,16.381909547738694,0.1983949737292797
182,1.8000000000000007,16.582914572864325,0.24448574270743673
183,1.8000000000000007,16.78391959798995,0.29886703739684184
184,1.8000000000000007,16.98492462311558,0.35005513966716256
185,1.8000000000000007,17.185929648241206,0.38004291904670573
186,1.8000000000000007,17.386934673366838,0.3738449165497511
187,1.8000000000000007,17.587939698492463,0.3343125752100232
188,1.8000000000000007,17.788944723618094,0.2783985375528151
189,1.8000000000000007,17.98994974874372,0.2203091316460895
190,1.8000000000000007,18.19095477386935,0.1632959548469851
191,1.8000000000000007,18.391959798994975,0.10949431457798255
192,1.8000000000000007,18.592964824120607,0.07110235773483492
193,1.8000000000000007,18.79396984924623,0.06398211039753264
194,1.8000000000000007,18.994974874371863,0.09284757234595108
195,1.8000000000000007,19.195979899497488,0.1450341712162171
196,1.8000000000000007,19.39698492462312,0.20094205650563515
197,1.8000000000000007,19.597989949748744,0.25202800199716063
198,1.8000000000000007,19.798994974874375,0.30238760801238007
199,1.8000000000000007,20.0,0.3549452079768016
