,t,height,fid
0,1.8500000000000008,-20.0,0.2096659707136874
1,1.8500000000000008,-19.798994974874372,0.21427590762920268
2,1.8500000000000008,-19.597989949748744,0.2209540041425363
3,1.8500000000000008,-19.396984924623116,0.22845996613399527
4,1.8500000000000008,-19.195979899497488,0.23638104220356965
5,1.8500000000000008,-18.99497487437186,0.24437965123032768
6,1.8500000000000008,-18.79396984924623,0.251703837728605
7,1.8500000000000008,-18.592964824120603,0.2576086871834895
8,1.8500000000000008,-18.391959798994975,0.26217149518657035
9,1.8500000000000008,-18.190954773869347,0.26585509347180714
10,1.8500000000000008,-17.98994974874372,0.2683484286186948
11,1.8500000000000008,-17.78894472361809,0.2684973599095136
12,1.8500000000000008,-17.587939698492463,0.2652985468617727
13,1.8500000000000008,-17.386934673366834,0.25855408248622125
14,1.8500000000000008,-17.185929648241206,0.24852136948771764
15,1.8500000000000008,-16.984924623115578,0.2357763976456763
16,1.8500000000000008,-16.78391959798995,0.2216759060273411
17,1.8500000000000008,-16.582914572864322,0.20815819387702325
18,1.8500000000000008,-16.381909547738694,0.19677594911971086
19,1.8500000000000008,-16.180904522613066,0.18834304021357337
20,1.8500000000000008,-15.979899497487438,0.18341408646367408
21,1.8500000000000008,-15.77889447236181,0.18251543772163015
22,1.8500000000000008,-15.577889447236181,0.1862263391154635
23,1.8500000000000008,-15.376884422110553,0.1954601404186725
24,1.8500000000000008,-15.175879396984925,0.21120676120902182
25,1.8500000000000008,-14.974874371859297,0.2337969195728919
26,1.8500000000000008,-14.773869346733669,0.26269716088169187
27,1.8500000000000008,-14.57286432160804,0.29677199318162806
28,1.8500000000000008,-14.371859296482413,0.33471380649470356
29,1.8500000000000008,-14.170854271356784,0.3755590780357715
30,1.8500000000000008,-13.969849246231156,0.4186303886211587
31,1.8500000000000008,-13.768844221105528,0.4629896932453643
32,1.8500000000000008,-13.5678391959799,0.5071840825839646
33,1.8500000000000008,-13.366834170854272,0.5495072790607975
34,1.8500000000000008,-13.165829145728644,0.5886321778781594
35,1.8500000000000008,-12.964824120603016,0.6239225801776332
36,1.8500000000000008,-12.763819095477388,0.6550373281271836
37,1.8500000000000008,-12.56281407035176,0.6814371289779302
38,1.8500000000000008,-12.361809045226131,0.702437766168008
39,1.8500000000000008,-12.160804020100503,0.717716469905677
40,1.8500000000000008,-11.959798994974873,0.7274672152794047
41,1.8500000000000008,-11.758793969849245,0.7319894352816892
42,1.8500000000000008,-11.557788944723617,0.7313924236077122
43,1.8500000000000008,-11.356783919597989,0.7258615498015322
44,1.8500000000000008,-11.15577889447236,0.7159134994218155
45,1.8500000000000008,-10.954773869346733,0.7021878362286833
46,1.8500000000000008,-10.753768844221105,0.6852549630223941
47,1.8500000000000008,-10.552763819095476,0.6657605265278618
48,1.8500000000000008,-10.351758793969848,0.644482097246232
49,1.8500000000000008,-10.15075376884422,0.6221425109074287
50,1.8500000000000008,-9.949748743718592,0.5993590000268337
51,1.8500000000000008,-9.748743718592964,0.5766827990808324
52,1.8500000000000008,-9.547738693467336,0.5545302062834172
53,1.8500000000000008,-9.346733668341708,0.5331718803074994
54,1.8500000000000008,-9.14572864321608,0.5127877029294875
55,1.8500000000000008,-8.944723618090451,0.4934868438021206
56,1.8500000000000008,-8.743718592964823,0.47534424899768374
57,1.8500000000000008,-8.542713567839195,0.45842804376471563
58,1.8500000000000008,-8.341708542713567,0.442798898382611
59,1.8500000000000008,-8.140703517587939,0.4285140860333434
60,1.8500000000000008,-7.939698492462311,0.4156255042311076
61,1.8500000000000008,-7.738693467336683,0.4041793087735277
62,1.8500000000000008,-7.537688442211055,0.39421129228233104
63,1.8500000000000008,-7.3366834170854265,0.3857307870818841
64,1.8500000000000008,-7.135678391959798,0.3787041064693137
65,1.8500000000000008,-6.93467336683417,0.37305448304433236
66,1.8500000000000008,-6.733668341708542,0.3687077963670709
67,1.8500000000000008,-6.532663316582914,0.36564495208038794
68,1.8500000000000008,-6.331658291457286,0.36392574828578905
69,1.8500000000000008,-6.130653266331658,0.3636602804432565
70,1.8500000000000008,-5.92964824120603,0.3649502692473472
71,1.8500000000000008,-5.7286432160804015,0.36785704927929425
72,1.8500000000000008,-5.527638190954773,0.37241882602933113
73,1.8500000000000008,-5.326633165829145,0.3787139744055649
74,1.8500000000000008,-5.125628140703517,0.3869152474031138
75,1.8500000000000008,-4.924623115577889,0.39730127378658225
76,1.8500000000000008,-4.723618090452261,0.41020300502521456
77,1.8500000000000008,-4.522613065326633,0.42594352156722226
78,1.8500000000000008,-4.321608040201005,0.44483492096280536
79,1.8500000000000008,-4.1206030150753765,0.4672660704774411
80,1.8500000000000008,-3.9195979899497466,0.49380013208200574
81,1.8500000000000008,-3.7185929648241185,0.5251191602314649
82,1.8500000000000008,-3.5175879396984904,0.5616907783943377
83,1.8500000000000008,-3.3165829145728623,0.6032221947567127
84,1.8500000000000008,-3.115577889447234,0.6481528268648094
85,1.8500000000000008,-2.914572864321606,0.6935242824007876
86,1.8500000000000008,-2.713567839195978,0.7354172969212889
87,1.8500000000000008,-2.5125628140703498,0.7698609753036443
88,1.8500000000000008,-2.3115577889447216,0.7938480033774588
89,1.8500000000000008,-2.1105527638190935,0.8060695568203992
90,1.8500000000000008,-1.9095477386934654,0.8071118173356943
91,1.8500000000000008,-1.7085427135678373,0.7991408797301313
92,1.8500000000000008,-1.5075376884422091,0.7852895450494903
93,1.8500000000000008,-1.306532663316581,0.769021622664904
94,1.8500000000000008,-1.105527638190953,0.7536708952129308
95,1.8500000000000008,-0.9045226130653248,0.7422344004219597
96,1.8500000000000008,-0.7035175879396967,0.7373931540734976
97,1.8500000000000008,-0.5025125628140685,0.7416764065618777
98,1.8500000000000008,-0.3015075376884404,0.757629745251314
99,1.8500000000000008,-0.10050251256281229,0.7876964547442564
100,1.8500000000000008,0.10050251256281584,0.8330604775813419
101,1.8500000000000008,0.30150753768844396,0.8897964334559799
102,1.8500000000000008,0.5025125628140721,0.9407696377238652
103,1.8500000000000008,0.7035175879397002,0.9490230034179212
104,1.8500000000000008,0.9045226130653283,0.8744723789133749
105,1.8500000000000008,1.1055276381909565,0.7208478022205782
106,1.8500000000000008,1.3065326633165846,0.5476757444983138
107,1.8500000000000008,1.5075376884422127,0.40746719174856877
108,1.8500000000000008,1.7085427135678408,0.30817742259588377
109,1.8500000000000008,1.909547738693469,0.23872918385377967
110,1.8500000000000008,2.110552763819097,0.18902694360298536
111,1.8500000000000008,2.311557788944725,0.15246838312131955
112,1.8500000000000008,2.5125628140703533,0.12489556733338099
113,1.8500000000000008,2.7135678391959814,0.10364926407640235
114,1.8500000000000008,2.9145728643216096,0.08697140525903597
115,1.8500000000000008,3.1155778894472377,0.07366027936999849
116,1.8500000000000008,3.316582914572866,0.06295683518294626
117,1.8500000000000008,3.517587939698494,0.054032684133009504
118,1.8500000000000008,3.718592964824122,0.0470803149694406
119,1.8500000000000008,3.91959798994975,0.040477042689493876
120,1.8500000000000008,4.120603015075378,0.035880131730271346
121,1.8500000000000008,4.321608040201006,0.03250512879533762
122,1.8500000000000008,4.5226130653266345,0.024234272619090252
123,1.8500000000000008,4.723618090452263,0.030178134765732265
124,1.8500000000000008,4.924623115577891,0.022570897629241932
125,1.8500000000000008,5.125628140703519,0.010410311829742008
126,1.8500000000000008,5.326633165829147,0.03295345013760731
127,1.8500000000000008,5.527638190954775,0.033401474034912
128,1.8500000000000008,5.728643216080403,0.0025125999442345173
129,1.8500000000000008,5.929648241206031,0.01828506923215149
130,1.8500000000000008,6.1306532663316595,0.06701493935809322
131,1.8500000000000008,6.331658291457288,0.0664678199033386
132,1.8500000000000008,6.532663316582916,0.02650447484185446
133,1.8500000000000008,6.733668341708544,0.02821313242573863
134,1.8500000000000008,6.934673366834172,0.08959392989746057
135,1.8500000000000008,7.1356783919598,0.14628311026731083
136,1.8500000000000008,7.336683417085428,0.14602638438371984
137,1.8500000000000008,7.537688442211056,0.10842509954243754
138,1.8500000000000008,7.7386934673366845,0.09109082786869069
139,1.8500000000000008,7.939698492462313,0.12509432081438115
140,1.8500000000000008,8.14070351758794,0.19161883965326268
141,1.8500000000000008,8.341708542713569,0.24766937176451825
142,1.8500000000000008,8.542713567839197,0.26391420692981526
143,1.8500000000000008,8.743718592964825,0.24402250756381574
144,1.8500000000000008,8.944723618090453,0.2139342182995178
145,1.8500000000000008,9.145728643216081,0.19949475995725546
146,1.8500000000000008,9.34673366834171,0.21398840498249702
147,1.8500000000000008,9.547738693467338,0.2546191684873902
148,1.8500000000000008,9.748743718592966,0.30362007288065973
149,1.8500000000000008,9.949748743718594,0.33718347476247895
150,1.8500000000000008,10.150753768844222,0.34736355805992625
151,1.8500000000000008,10.35175879396985,0.3442303860664463
152,1.8500000000000008,10.552763819095478,0.3322117219168027
153,1.8500000000000008,10.753768844221106,0.30831268714362514
154,1.8500000000000008,10.954773869346734,0.28036530937457826
155,1.8500000000000008,11.155778894472363,0.26697648915794986
156,1.8500000000000008,11.35678391959799,0.2810101406283404
157,1.8500000000000008,11.557788944723619,0.3165238323354766
158,1.8500000000000008,11.758793969849247,0.34934209247221837
159,1.8500000000000008,11.959798994974875,0.35636383972486835
160,1.8500000000000008,12.160804020100507,0.33967498624346637
161,1.8500000000000008,12.361809045226131,0.3254564898899302
162,1.8500000000000008,12.562814070351763,0.3352364348737511
163,1.8500000000000008,12.763819095477388,0.3624625356868199
164,1.8500000000000008,12.96482412060302,0.3791237686866748
165,1.8500000000000008,13.165829145728644,0.3633528497102901
166,1.8500000000000008,13.366834170854275,0.3160085201821851
167,1.8500000000000008,13.5678391959799,0.25820014806210095
168,1.8500000000000008,13.768844221105532,0.2179215290134727
169,1.8500000000000008,13.969849246231156,0.21297815039028814
170,1.8500000000000008,14.170854271356788,0.24539337059929658
171,1.8500000000000008,14.371859296482413,0.30299678406684916
172,1.8500000000000008,14.572864321608044,0.35958846273090767
173,1.8500000000000008,14.773869346733669,0.3875747033652121
174,1.8500000000000008,14.9748743718593,0.37553446620403674
175,1.8500000000000008,15.175879396984925,0.32740333304049707
176,1.8500000000000008,15.376884422110557,0.2576720161652053
177,1.8500000000000008,15.577889447236181,0.194099466151485
178,1.8500000000000008,15.778894472361813,0.16484311612021935
179,1.8500000000000008,15.979899497487438,0.17642925497735554
180,1.8500000000000008,16.18090452261307,0.21722805396057587
181,1.8500000000000008,16.381909547738694,0.27541352249958134
182,1.8500000000000008,16.582914572864325,0.3381084900297225
183,1.8500000000000008,16.78391959798995,0.38265585087757226
184,1.8500000000000008,16.98492462311558,0.38841258337234635
185,1.8500000000000008,17.185929648241206,0.35589281025014596
186,1.8500000000000008,17.386934673366838,0.3028814235055025
187,1.8500000000000008,17.587939698492463,0.2441109895851587
188,1.8500000000000008,17.788944723618094,0.18188980414582717
189,1.8500000000000008,17.98994974874372,0.11875128152823312
190,1.8500000000000008,18.19095477386935,0.06922125334441213
191,1.8500000000000008,18.391959798994975,0.05135128462116198
192,1.8500000000000008,18.592964824120607,0.07063498012511683
193,1.8500000000000008,18.79396984924623,0.11407396996976386
194,1.8500000000000008,18.994974874371863,0.16370883793523838
195,1.8500000000000008,19.195979899497488,0.21441032079205916
196,1.8500000000000008,19.39698492462312,0.2712808859825896
197,1.8500000000000008,19.597989949748744,0.33576407349398985
198,1.8500000000000008,19.798994974874375,0.3969230633093961
199,1.8500000000000008,20.0,0.4312746402264876
