,t,height,fid
0,1.6000000000000005,-20.0,0.2794336017787621
1,1.6000000000000005,-19.798994974874372,0.3084672650789012
2,1.6000000000000005,-19.597989949748744,0.33953072523793737
3,1.6000000000000005,-19.396984924623116,0.372800952902561
4,1.6000000000000005,-19.195979899497488,0.40792947465726037
5,1.6000000000000005,-18.99497487437186,0.44368168497717253
6,1.6000000000000005,-18.79396984924623,0.47844234468767716
7,1.6000000000000005,-18.592964824120603,0.511010902246629
8,1.6000000000000005,-18.391959798994975,0.5407655832702382
9,1.6000000000000005,-18.190954773869347,0.5674964414193204
10,1.6000000000000005,-17.98994974874372,0.5914543342802443
11,1.6000000000000005,-17.78894472361809,0.6132601068287523
12,1.6000000000000005,-17.587939698492463,0.6332636365122618
13,1.6000000000000005,-17.386934673366834,0.6510527280454534
14,1.6000000000000005,-17.185929648241206,0.6657591216128007
15,1.6000000000000005,-16.984924623115578,0.6766262648778995
16,1.6000000000000005,-16.78391959798995,0.6833470567248509
17,1.6000000000000005,-16.582914572864322,0.686294568861247
18,1.6000000000000005,-16.381909547738694,0.6864424723209842
19,1.6000000000000005,-16.180904522613066,0.6847373685717346
20,1.6000000000000005,-15.979899497487438,0.681539069512071
21,1.6000000000000005,-15.77889447236181,0.6766412094101153
22,1.6000000000000005,-15.577889447236181,0.6696748990419051
23,1.6000000000000005,-15.376884422110553,0.660614347814519
24,1.6000000000000005,-15.175879396984925,0.649989348748057
25,1.6000000000000005,-14.974874371859297,0.638515762358122
26,1.6000000000000005,-14.773869346733669,0.6265524646764475
27,1.6000000000000005,-14.57286432160804,0.613940094711962
28,1.6000000000000005,-14.371859296482413,0.6003369460720449
29,1.6000000000000005,-14.170854271356784,0.5856952532500134
30,1.6000000000000005,-13.969849246231156,0.5703370876979283
31,1.6000000000000005,-13.768844221105528,0.5545973720204098
32,1.6000000000000005,-13.5678391959799,0.5385377277791582
33,1.6000000000000005,-13.366834170854272,0.5220900550352106
34,1.6000000000000005,-13.165829145728644,0.5053885074979075
35,1.6000000000000005,-12.964824120603016,0.48880131717077335
36,1.6000000000000005,-12.763819095477388,0.4726612485663736
37,1.6000000000000005,-12.56281407035176,0.45712520563297265
38,1.6000000000000005,-12.361809045226131,0.44232394977045886
39,1.6000000000000005,-12.160804020100503,0.4284513244380493
40,1.6000000000000005,-11.959798994974873,0.4156427427983975
41,1.6000000000000005,-11.758793969849245,0.4038878188597288
42,1.6000000000000005,-11.557788944723617,0.3931225887138473
43,1.6000000000000005,-11.356783919597989,0.3832911896778425
44,1.6000000000000005,-11.15577889447236,0.3743011458354944
45,1.6000000000000005,-10.954773869346733,0.3660486991996272
46,1.6000000000000005,-10.753768844221105,0.35845936971422176
47,1.6000000000000005,-10.552763819095476,0.35148494859505724
48,1.6000000000000005,-10.351758793969848,0.34508525640532184
49,1.6000000000000005,-10.15075376884422,0.33923716306868146
50,1.6000000000000005,-9.949748743718592,0.3339312085269079
51,1.6000000000000005,-9.748743718592964,0.32917707854480033
52,1.6000000000000005,-9.547738693467336,0.32502065921220824
53,1.6000000000000005,-9.346733668341708,0.3215507919341722
54,1.6000000000000005,-9.14572864321608,0.31888850949345093
55,1.6000000000000005,-8.944723618090451,0.31715075350364236
56,1.6000000000000005,-8.743718592964823,0.3164021728193082
57,1.6000000000000005,-8.542713567839195,0.31661429577665234
58,1.6000000000000005,-8.341708542713567,0.31766541257696335
59,1.6000000000000005,-8.140703517587939,0.3193919263160818
60,1.6000000000000005,-7.939698492462311,0.3216732417814137
61,1.6000000000000005,-7.738693467336683,0.3245033058763057
62,1.6000000000000005,-7.537688442211055,0.32801670444152636
63,1.6000000000000005,-7.3366834170854265,0.33245464096452343
64,1.6000000000000005,-7.135678391959798,0.33809419228175003
65,1.6000000000000005,-6.93467336683417,0.3451760939250121
66,1.6000000000000005,-6.733668341708542,0.3538502510419752
67,1.6000000000000005,-6.532663316582914,0.3641521114293944
68,1.6000000000000005,-6.331658291457286,0.3760291113785477
69,1.6000000000000005,-6.130653266331658,0.38943144115956163
70,1.6000000000000005,-5.92964824120603,0.40445380551302085
71,1.6000000000000005,-5.7286432160804015,0.42144584399353135
72,1.6000000000000005,-5.527638190954773,0.44105146606899337
73,1.6000000000000005,-5.326633165829145,0.46411589117700136
74,1.6000000000000005,-5.125628140703517,0.49146842757673787
75,1.6000000000000005,-4.924623115577889,0.5236179446528755
76,1.6000000000000005,-4.723618090452261,0.5604475250011302
77,1.6000000000000005,-4.522613065326633,0.6010169003253243
78,1.6000000000000005,-4.321608040201005,0.6435432632669875
79,1.6000000000000005,-4.1206030150753765,0.6855914292526565
80,1.6000000000000005,-3.9195979899497466,0.7244340559020594
81,1.6000000000000005,-3.7185929648241185,0.7574973918854735
82,1.6000000000000005,-3.5175879396984904,0.7827685112584846
83,1.6000000000000005,-3.3165829145728623,0.7990846490452016
84,1.6000000000000005,-3.115577889447234,0.806240803412272
85,1.6000000000000005,-2.914572864321606,0.804920466742581
86,1.6000000000000005,-2.713567839195978,0.7964952873500829
87,1.6000000000000005,-2.5125628140703498,0.7827607461783819
88,1.6000000000000005,-2.3115577889447216,0.7656754797408403
89,1.6000000000000005,-2.1105527638190935,0.7471527226587641
90,1.6000000000000005,-1.9095477386934654,0.7289279487939955
91,1.6000000000000005,-1.7085427135678373,0.7125051322882062
92,1.6000000000000005,-1.5075376884422091,0.6991636882981072
93,1.6000000000000005,-1.306532663316581,0.6900206543665759
94,1.6000000000000005,-1.105527638190953,0.6861123368235482
95,1.6000000000000005,-0.9045226130653248,0.6884921848287914
96,1.6000000000000005,-0.7035175879396967,0.698318596603309
97,1.6000000000000005,-0.5025125628140685,0.7168920220781398
98,1.6000000000000005,-0.3015075376884404,0.7455278778661067
99,1.6000000000000005,-0.10050251256281229,0.7849926037327968
100,1.6000000000000005,0.10050251256281584,0.8339183175979367
101,1.6000000000000005,0.30150753768844396,0.885530196112952
102,1.6000000000000005,0.5025125628140721,0.923415363570748
103,1.6000000000000005,0.7035175879397002,0.9218305586291978
104,1.6000000000000005,0.9045226130653283,0.8593594554809956
105,1.6000000000000005,1.1055276381909565,0.741171938605789
106,1.6000000000000005,1.3065326633165846,0.6014907720609474
107,1.6000000000000005,1.5075376884422127,0.47538464929551594
108,1.6000000000000005,1.7085427135678408,0.3763893497777249
109,1.6000000000000005,1.909547738693469,0.3020737725576637
110,1.6000000000000005,2.110552763819097,0.24624737296274024
111,1.6000000000000005,2.311557788944725,0.20367999367316336
112,1.6000000000000005,2.5125628140703533,0.17064048414729427
113,1.6000000000000005,2.7135678391959814,0.14455237742612295
114,1.6000000000000005,2.9145728643216096,0.12363274897776616
115,1.6000000000000005,3.1155778894472377,0.1066278018864567
116,1.6000000000000005,3.316582914572866,0.0926339152228671
117,1.6000000000000005,3.517587939698494,0.08100331597583205
118,1.6000000000000005,3.718592964824122,0.07122424980034994
119,1.6000000000000005,3.91959798994975,0.06298336597302961
120,1.6000000000000005,4.120603015075378,0.05590479176605197
121,1.6000000000000005,4.321608040201006,0.04979826712830058
122,1.6000000000000005,4.5226130653266345,0.044947649419426895
123,1.6000000000000005,4.723618090452263,0.03946902553432744
124,1.6000000000000005,4.924623115577891,0.036497308466728336
125,1.6000000000000005,5.125628140703519,0.034062706425526765
126,1.6000000000000005,5.326633165829147,0.026631105491198816
127,1.6000000000000005,5.527638190954775,0.027194172247482867
128,1.6000000000000005,5.728643216080403,0.031555985926893966
129,1.6000000000000005,5.929648241206031,0.01978215566040876
130,1.6000000000000005,6.1306532663316595,0.011388208288368642
131,1.6000000000000005,6.331658291457288,0.028023863253709303
132,1.6000000000000005,6.532663316582916,0.03971406795637157
133,1.6000000000000005,6.733668341708544,0.020182725785497086
134,1.6000000000000005,6.934673366834172,0.00032347113309769945
135,1.6000000000000005,7.1356783919598,0.018136695286883255
136,1.6000000000000005,7.336683417085428,0.05767319094713706
137,1.6000000000000005,7.537688442211056,0.072585291030263
138,1.6000000000000005,7.7386934673366845,0.04874471806725831
139,1.6000000000000005,7.939698492462313,0.01911518259509209
140,1.6000000000000005,8.14070351758794,0.023120212818212377
141,1.6000000000000005,8.341708542713569,0.066076482202009
142,1.6000000000000005,8.542713567839197,0.11845903509472053
143,1.6000000000000005,8.743718592964825,0.1458389705785684
144,1.6000000000000005,8.944723618090453,0.1365740453491891
145,1.6000000000000005,9.145728643216081,0.10657595681026392
146,1.6000000000000005,9.34673366834171,0.0838785166922138
147,1.6000000000000005,9.547738693467338,0.08879554785199215
148,1.6000000000000005,9.748743718592966,0.12339685635088374
149,1.6000000000000005,9.949748743718594,0.17387020508335044
150,1.6000000000000005,10.150753768844222,0.22041938382765913
151,1.6000000000000005,10.35175879396985,0.2469336170808048
152,1.6000000000000005,10.552763819095478,0.24835032409266114
153,1.6000000000000005,10.753768844221106,0.23170070077978083
154,1.6000000000000005,10.954773869346734,0.20877324616651247
155,1.6000000000000005,11.155778894472363,0.1901473869086146
156,1.6000000000000005,11.35678391959799,0.1840206526022264
157,1.6000000000000005,11.557788944723619,0.19501710936323566
158,1.6000000000000005,11.758793969849247,0.22262492827334707
159,1.6000000000000005,11.959798994974875,0.25953611599453025
160,1.6000000000000005,12.160804020100507,0.292794953650737
161,1.6000000000000005,12.361809045226131,0.31259163001048834
162,1.6000000000000005,12.562814070351763,0.320612479336181
163,1.6000000000000005,12.763819095477388,0.3248897588753717
164,1.6000000000000005,12.96482412060302,0.3272144036829442
165,1.6000000000000005,13.165829145728644,0.32086225297496385
166,1.6000000000000005,13.366834170854275,0.30083345215537793
167,1.6000000000000005,13.5678391959799,0.27220907293559343
168,1.6000000000000005,13.768844221105532,0.2477083165755967
169,1.6000000000000005,13.969849246231156,0.23919214524591406
170,1.6000000000000005,14.170854271356788,0.2509541926697385
171,1.6000000000000005,14.371859296482413,0.27778384933186057
172,1.6000000000000005,14.572864321608044,0.30695419490826953
173,1.6000000000000005,14.773869346733669,0.32409957521810456
174,1.6000000000000005,14.9748743718593,0.321754169297683
175,1.6000000000000005,15.175879396984925,0.3043749594075813
176,1.6000000000000005,15.376884422110557,0.2861486397387934
177,1.6000000000000005,15.577889447236181,0.2829597624263624
178,1.6000000000000005,15.778894472361813,0.30160158136361337
179,1.6000000000000005,15.979899497487438,0.3347920622470186
180,1.6000000000000005,16.18090452261307,0.36681159778715955
181,1.6000000000000005,16.381909547738694,0.38170981045840396
182,1.6000000000000005,16.582914572864325,0.36924226735473065
183,1.6000000000000005,16.78391959798995,0.330441636440394
184,1.6000000000000005,16.98492462311558,0.2777545289772248
185,1.6000000000000005,17.185929648241206,0.22674464834239424
186,1.6000000000000005,17.386934673366838,0.18917027351876392
187,1.6000000000000005,17.587939698492463,0.1732668844182734
188,1.6000000000000005,17.788944723618094,0.18378073769490832
189,1.6000000000000005,17.98994974874372,0.21781210319876346
190,1.6000000000000005,18.19095477386935,0.2640479821676906
191,1.6000000000000005,18.391959798994975,0.3096185904032878
192,1.6000000000000005,18.592964824120607,0.3463087184158366
193,1.6000000000000005,18.79396984924623,0.36863010865522416
194,1.6000000000000005,18.994974874371863,0.36957808117841806
195,1.6000000000000005,19.195979899497488,0.3435224624594109
196,1.6000000000000005,19.39698492462312,0.2942699431685742
197,1.6000000000000005,19.597989949748744,0.2363310997115227
198,1.6000000000000005,19.798994974874375,0.18549966756741018
199,1.6000000000000005,20.0,0.1497395257321148
