,t,height,fid
0,1.0000000000000004,-20.0,0.23393959930123118
1,1.0000000000000004,-19.798994974874372,0.2376319230609283
2,1.0000000000000004,-19.597989949748744,0.24097307347847924
3,1.0000000000000004,-19.396984924623116,0.24380166554734595
4,1.0000000000000004,-19.195979899497488,0.24601025056638373
5,1.0000000000000004,-18.99497487437186,0.24752150524103922
6,1.0000000000000004,-18.79396984924623,0.24825814801256016
7,1.0000000000000004,-18.592964824120603,0.24814683874253232
8,1.0000000000000004,-18.391959798994975,0.2471566240355825
9,1.0000000000000004,-18.190954773869347,0.2453381213900634
10,1.0000000000000004,-17.98994974874372,0.24283029043982612
11,1.0000000000000004,-17.78894472361809,0.23983738209549488
12,1.0000000000000004,-17.587939698492463,0.2366059049267915
13,1.0000000000000004,-17.386934673366834,0.23341898592618707
14,1.0000000000000004,-17.185929648241206,0.23059708384257643
15,1.0000000000000004,-16.984924623115578,0.22848241807643765
16,1.0000000000000004,-16.78391959798995,0.22740697222903275
17,1.0000000000000004,-16.582914572864322,0.22766232048603074
18,1.0000000000000004,-16.381909547738694,0.2294842412588634
19,1.0000000000000004,-16.180904522613066,0.23304730884890662
20,1.0000000000000004,-15.979899497487438,0.23846026872168363
21,1.0000000000000004,-15.77889447236181,0.24576715304232846
22,1.0000000000000004,-15.577889447236181,0.2549593493028745
23,1.0000000000000004,-15.376884422110553,0.26599822626842107
24,1.0000000000000004,-15.175879396984925,0.2788380639065888
25,1.0000000000000004,-14.974874371859297,0.29344376029826424
26,1.0000000000000004,-14.773869346733669,0.3098015202926412
27,1.0000000000000004,-14.57286432160804,0.32791929950968834
28,1.0000000000000004,-14.371859296482413,0.3478157353780469
29,1.0000000000000004,-14.170854271356784,0.3694905066756875
30,1.0000000000000004,-13.969849246231156,0.39289507464712137
31,1.0000000000000004,-13.768844221105528,0.4179055521309595
32,1.0000000000000004,-13.5678391959799,0.44429841967485917
33,1.0000000000000004,-13.366834170854272,0.47175184182365926
34,1.0000000000000004,-13.165829145728644,0.49986526549417776
35,1.0000000000000004,-12.964824120603016,0.5281963602340675
36,1.0000000000000004,-12.763819095477388,0.5563032160124143
37,1.0000000000000004,-12.56281407035176,0.5837876117779406
38,1.0000000000000004,-12.361809045226131,0.6103176647207509
39,1.0000000000000004,-12.160804020100503,0.6356283941407129
40,1.0000000000000004,-11.959798994974873,0.6595010541007856
41,1.0000000000000004,-11.758793969849245,0.6817329235827236
42,1.0000000000000004,-11.557788944723617,0.702113655775924
43,1.0000000000000004,-11.356783919597989,0.7204196552825507
44,1.0000000000000004,-11.15577889447236,0.7364361884428574
45,1.0000000000000004,-10.954773869346733,0.7499839982888685
46,1.0000000000000004,-10.753768844221105,0.7609517796274808
47,1.0000000000000004,-10.552763819095476,0.7693059131264357
48,1.0000000000000004,-10.351758793969848,0.7750802206101614
49,1.0000000000000004,-10.15075376884422,0.7783513420075258
50,1.0000000000000004,-9.949748743718592,0.7792184040402192
51,1.0000000000000004,-9.748743718592964,0.7777961240649898
52,1.0000000000000004,-9.547738693467336,0.7742204397180847
53,1.0000000000000004,-9.346733668341708,0.768655782973837
54,1.0000000000000004,-9.14572864321608,0.7612942600423592
55,1.0000000000000004,-8.944723618090451,0.75234583591869
56,1.0000000000000004,-8.743718592964823,0.7420265126214163
57,1.0000000000000004,-8.542713567839195,0.7305513331195492
58,1.0000000000000004,-8.341708542713567,0.7181329260900532
59,1.0000000000000004,-8.140703517587939,0.7049765543559511
60,1.0000000000000004,-7.939698492462311,0.6912824656105342
61,1.0000000000000004,-7.738693467336683,0.6772384896342785
62,1.0000000000000004,-7.537688442211055,0.6630185793576296
63,1.0000000000000004,-7.3366834170854265,0.6487816318984861
64,1.0000000000000004,-7.135678391959798,0.6346710190689002
65,1.0000000000000004,-6.93467336683417,0.620814354740247
66,1.0000000000000004,-6.733668341708542,0.6073237955886309
67,1.0000000000000004,-6.532663316582914,0.5942966730315324
68,1.0000000000000004,-6.331658291457286,0.5818164944687776
69,1.0000000000000004,-6.130653266331658,0.5699542617634178
70,1.0000000000000004,-5.92964824120603,0.5587698949565383
71,1.0000000000000004,-5.7286432160804015,0.5483137612511828
72,1.0000000000000004,-5.527638190954773,0.5386283432533097
73,1.0000000000000004,-5.326633165829145,0.5297498498632509
74,1.0000000000000004,-5.125628140703517,0.5217098931433034
75,1.0000000000000004,-4.924623115577889,0.5145371725286748
76,1.0000000000000004,-4.723618090452261,0.5082590436008394
77,1.0000000000000004,-4.522613065326633,0.5029031536299658
78,1.0000000000000004,-4.321608040201005,0.49849905162320446
79,1.0000000000000004,-4.1206030150753765,0.4950798691004363
80,1.0000000000000004,-3.9195979899497466,0.49268399178339833
81,1.0000000000000004,-3.7185929648241185,0.49135687034852477
82,1.0000000000000004,-3.5175879396984904,0.49115301069597556
83,1.0000000000000004,-3.3165829145728623,0.49213811570256255
84,1.0000000000000004,-3.115577889447234,0.4943915644822959
85,1.0000000000000004,-2.914572864321606,0.49800915974815047
86,1.0000000000000004,-2.713567839195978,0.5031062980594002
87,1.0000000000000004,-2.5125628140703498,0.5098214765623406
88,1.0000000000000004,-2.3115577889447216,0.518320169091061
89,1.0000000000000004,-2.1105527638190935,0.5287986854801222
90,1.0000000000000004,-1.9095477386934654,0.5414874445582373
91,1.0000000000000004,-1.7085427135678373,0.556652559005158
92,1.0000000000000004,-1.5075376884422091,0.5745928965389543
93,1.0000000000000004,-1.306532663316581,0.5956281876414646
94,1.0000000000000004,-1.105527638190953,0.6200696144736856
95,1.0000000000000004,-0.9045226130653248,0.6481586800326411
96,1.0000000000000004,-0.7035175879396967,0.6799522327420425
97,1.0000000000000004,-0.5025125628140685,0.7151256763012538
98,1.0000000000000004,-0.3015075376884404,0.7526713725639426
99,1.0000000000000004,-0.10050251256281229,0.7905160995770851
100,1.0000000000000004,0.10050251256281584,0.8251626395233477
101,1.0000000000000004,0.30150753768844396,0.8516457471028059
102,1.0000000000000004,0.5025125628140721,0.8641562185251243
103,1.0000000000000004,0.7035175879397002,0.857533924894374
104,1.0000000000000004,0.9045226130653283,0.829253655444071
105,1.0000000000000004,1.1055276381909565,0.780871690268217
106,1.0000000000000004,1.3065326633165846,0.7178613427826697
107,1.0000000000000004,1.5075376884422127,0.6477107400327808
108,1.0000000000000004,1.7085427135678408,0.5774160100388669
109,1.0000000000000004,1.909547738693469,0.5117893870603
110,1.0000000000000004,2.110552763819097,0.45317435678757434
111,1.0000000000000004,2.311557788944725,0.40209041582033284
112,1.0000000000000004,2.5125628140703533,0.3580792298386674
113,1.0000000000000004,2.7135678391959814,0.3202867600253233
114,1.0000000000000004,2.9145728643216096,0.287800099843876
115,1.0000000000000004,3.1155778894472377,0.25977559466998534
116,1.0000000000000004,3.316582914572866,0.23548753446500276
117,1.0000000000000004,3.517587939698494,0.21432901039062585
118,1.0000000000000004,3.718592964824122,0.1958001078096836
119,1.0000000000000004,3.91959798994975,0.17949019557800622
120,1.0000000000000004,4.120603015075378,0.16506209859504106
121,1.0000000000000004,4.321608040201006,0.15223943470666593
122,1.0000000000000004,4.5226130653266345,0.14079355374357985
123,1.0000000000000004,4.723618090452263,0.13053467079941897
124,1.0000000000000004,4.924623115577891,0.12130446757658275
125,1.0000000000000004,5.125628140703519,0.11297041920659905
126,1.0000000000000004,5.326633165829147,0.10542034325331988
127,1.0000000000000004,5.527638190954775,0.09855853346126765
128,1.0000000000000004,5.728643216080403,0.09230509269977964
129,1.0000000000000004,5.929648241206031,0.0865884937608352
130,1.0000000000000004,6.1306532663316595,0.08135047908866914
131,1.0000000000000004,6.331658291457288,0.07654673854284359
132,1.0000000000000004,6.532663316582916,0.07212129445107524
133,1.0000000000000004,6.733668341708544,0.06801700462034016
134,1.0000000000000004,6.934673366834172,0.06424128403387264
135,1.0000000000000004,7.1356783919598,0.060808178136500975
136,1.0000000000000004,7.336683417085428,0.05757697768685734
137,1.0000000000000004,7.537688442211056,0.054404606054736
138,1.0000000000000004,7.7386934673366845,0.05150776472624909
139,1.0000000000000004,7.939698492462313,0.04920754663995633
140,1.0000000000000004,8.14070351758794,0.047166269022224025
141,1.0000000000000004,8.341708542713569,0.044554433032481015
142,1.0000000000000004,8.542713567839197,0.041395910281075185
143,1.0000000000000004,8.743718592964825,0.039062449203388416
144,1.0000000000000004,8.944723618090453,0.038606659516046915
145,1.0000000000000004,9.145728643216081,0.03889322369803574
146,1.0000000000000004,9.34673366834171,0.037337064505913044
147,1.0000000000000004,9.547738693467338,0.03288133905835428
148,1.0000000000000004,9.748743718592966,0.027780572509752365
149,1.0000000000000004,9.949748743718594,0.02586970734396678
150,1.0000000000000004,10.150753768844222,0.0288400639443905
151,1.0000000000000004,10.35175879396985,0.034195528983761075
152,1.0000000000000004,10.552763819095478,0.036900517481763546
153,1.0000000000000004,10.753768844221106,0.033324226424535815
154,1.0000000000000004,10.954773869346734,0.024219333958939753
155,1.0000000000000004,11.155778894472363,0.014490969849352553
156,1.0000000000000004,11.35678391959799,0.01008321029476932
157,1.0000000000000004,11.557788944723619,0.014256385319417602
158,1.0000000000000004,11.758793969849247,0.02561579747399705
159,1.0000000000000004,11.959798994974875,0.03888280769287372
160,1.0000000000000004,12.160804020100507,0.04768099102762717
161,1.0000000000000004,12.361809045226131,0.04767119167723436
162,1.0000000000000004,12.562814070351763,0.038475456356164645
163,1.0000000000000004,12.763819095477388,0.023675219533495495
164,1.0000000000000004,12.96482412060302,0.00915974465122298
165,1.0000000000000004,13.165829145728644,0.0007414536806292057
166,1.0000000000000004,13.366834170854275,0.0020644745993162734
167,1.0000000000000004,13.5678391959799,0.013512500510653258
168,1.0000000000000004,13.768844221105532,0.032332196536303974
169,1.0000000000000004,13.969849246231156,0.053729228178368324
170,1.0000000000000004,14.170854271356788,0.07242600522133727
171,1.0000000000000004,14.371859296482413,0.0841559661045907
172,1.0000000000000004,14.572864321608044,0.08667673161757215
173,1.0000000000000004,14.773869346733669,0.08012073958505353
174,1.0000000000000004,14.9748743718593,0.06673521581554143
175,1.0000000000000004,15.175879396984925,0.05016894328728795
176,1.0000000000000004,15.376884422110557,0.03453771470705263
177,1.0000000000000004,15.577889447236181,0.023519044526862525
178,1.0000000000000004,15.778894472361813,0.019697413453330086
179,1.0000000000000004,15.979899497487438,0.024204962524429323
180,1.0000000000000004,16.18090452261307,0.036665746022867624
181,1.0000000000000004,16.381909547738694,0.05544019183218508
182,1.0000000000000004,16.582914572864325,0.07807717397920769
183,1.0000000000000004,16.78391959798995,0.10176777244679952
184,1.0000000000000004,16.98492462311558,0.12369884479667935
185,1.0000000000000004,17.185929648241206,0.14140259316431283
186,1.0000000000000004,17.386934673366838,0.1531757528463085
187,1.0000000000000004,17.587939698492463,0.15839883597672053
188,1.0000000000000004,17.788944723618094,0.1574790246731836
189,1.0000000000000004,17.98994974874372,0.15144619088229444
190,1.0000000000000004,18.19095477386935,0.14154612061406072
191,1.0000000000000004,18.391959798994975,0.1291196538060037
192,1.0000000000000004,18.592964824120607,0.115696959063913
193,1.0000000000000004,18.79396984924623,0.1030126761446207
194,1.0000000000000004,18.994974874371863,0.09279203383499973
195,1.0000000000000004,19.195979899497488,0.08644014465172113
196,1.0000000000000004,19.39698492462312,0.08483987317398992
197,1.0000000000000004,19.597989949748744,0.08831540210594233
198,1.0000000000000004,19.798994974874375,0.09664271859613788
199,1.0000000000000004,20.0,0.10903168727587303
