,t,height,fid
0,1.4500000000000006,-20.0,0.6602250197141865
1,1.4500000000000006,-19.798994974874372,0.6605296172480801
2,1.4500000000000006,-19.597989949748744,0.6576493518815621
3,1.4500000000000006,-19.396984924623116,0.6520346214355248
4,1.4500000000000006,-19.195979899497488,0.6446798961907142
5,1.4500000000000006,-18.99497487437186,0.6364850139530165
6,1.4500000000000006,-18.79396984924623,0.6278596354981176
7,1.4500000000000006,-18.592964824120603,0.6187060061581462
8,1.4500000000000006,-18.391959798994975,0.6085232428299386
9,1.4500000000000006,-18.190954773869347,0.5966857075902664
10,1.4500000000000006,-17.98994974874372,0.5829417612998186
11,1.4500000000000006,-17.78894472361809,0.567700634909244
12,1.4500000000000006,-17.587939698492463,0.5518100068712173
13,1.4500000000000006,-17.386934673366834,0.5360957948037709
14,1.4500000000000006,-17.185929648241206,0.5210011150578402
15,1.4500000000000006,-16.984924623115578,0.5064609402060961
16,1.4500000000000006,-16.78391959798995,0.4921409116364685
17,1.4500000000000006,-16.582914572864322,0.47788700542060764
18,1.4500000000000006,-16.381909547738694,0.4639576838326288
19,1.4500000000000006,-16.180904522613066,0.45085502650746256
20,1.4500000000000006,-15.979899497487438,0.4389500401318626
21,1.4500000000000006,-15.77889447236181,0.42820513018106177
22,1.4500000000000006,-15.577889447236181,0.418269112759717
23,1.4500000000000006,-15.376884422110553,0.4088232515916399
24,1.4500000000000006,-15.175879396984925,0.39980712534010937
25,1.4500000000000006,-14.974874371859297,0.391316881890008
26,1.4500000000000006,-14.773869346733669,0.3833363803163565
27,1.4500000000000006,-14.57286432160804,0.37563747676531384
28,1.4500000000000006,-14.371859296482413,0.36797894195352576
29,1.4500000000000006,-14.170854271356784,0.36030212796132294
30,1.4500000000000006,-13.969849246231156,0.35271235798521583
31,1.4500000000000006,-13.768844221105528,0.34529441881519507
32,1.4500000000000006,-13.5678391959799,0.33805420184329793
33,1.4500000000000006,-13.366834170854272,0.3310278006149036
34,1.4500000000000006,-13.165829145728644,0.3243414925935977
35,1.4500000000000006,-12.964824120603016,0.3181243856938535
36,1.4500000000000006,-12.763819095477388,0.31243116191604137
37,1.4500000000000006,-12.56281407035176,0.3072880214862529
38,1.4500000000000006,-12.361809045226131,0.30273790191667194
39,1.4500000000000006,-12.160804020100503,0.29881442466308883
40,1.4500000000000006,-11.959798994974873,0.29552672377513167
41,1.4500000000000006,-11.758793969849245,0.29289020374085095
42,1.4500000000000006,-11.557788944723617,0.29093019415126176
43,1.4500000000000006,-11.356783919597989,0.2896540913782533
44,1.4500000000000006,-11.15577889447236,0.28903587193698277
45,1.4500000000000006,-10.954773869346733,0.2890058938604334
46,1.4500000000000006,-10.753768844221105,0.28943977836328155
47,1.4500000000000006,-10.552763819095476,0.290172335077393
48,1.4500000000000006,-10.351758793969848,0.2910384545921862
49,1.4500000000000006,-10.15075376884422,0.2919246436624154
50,1.4500000000000006,-9.949748743718592,0.29282293293020106
51,1.4500000000000006,-9.748743718592964,0.2938606715512259
52,1.4500000000000006,-9.547738693467336,0.2952880701383595
53,1.4500000000000006,-9.346733668341708,0.29742328279924246
54,1.4500000000000006,-9.14572864321608,0.30056929892837336
55,1.4500000000000006,-8.944723618090451,0.3049366723675037
56,1.4500000000000006,-8.743718592964823,0.31059924544927725
57,1.4500000000000006,-8.542713567839195,0.31749645110492747
58,1.4500000000000006,-8.341708542713567,0.32546862456744485
59,1.4500000000000006,-8.140703517587939,0.3343105117149218
60,1.4500000000000006,-7.939698492462311,0.3438238387508678
61,1.4500000000000006,-7.738693467336683,0.3538816564950023
62,1.4500000000000006,-7.537688442211055,0.3645055777923075
63,1.4500000000000006,-7.3366834170854265,0.3759407379368612
64,1.4500000000000006,-7.135678391959798,0.3886894548166068
65,1.4500000000000006,-6.93467336683417,0.40348221875105916
66,1.4500000000000006,-6.733668341708542,0.42116330859284346
67,1.4500000000000006,-6.532663316582914,0.44254316932982635
68,1.4500000000000006,-6.331658291457286,0.468224920444716
69,1.4500000000000006,-6.130653266331658,0.4984405104374936
70,1.4500000000000006,-5.92964824120603,0.5329225992992408
71,1.4500000000000006,-5.7286432160804015,0.5708467207736162
72,1.4500000000000006,-5.527638190954773,0.6108670188649408
73,1.4500000000000006,-5.326633165829145,0.6512378242808922
74,1.4500000000000006,-5.125628140703517,0.6900018318951535
75,1.4500000000000006,-4.924623115577889,0.725214400858136
76,1.4500000000000006,-4.723618090452261,0.7551673477061608
77,1.4500000000000006,-4.522613065326633,0.7785660556863965
78,1.4500000000000006,-4.321608040201005,0.7946470450799826
79,1.4500000000000006,-4.1206030150753765,0.8032153626151861
80,1.4500000000000006,-3.9195979899497466,0.8046084483150553
81,1.4500000000000006,-3.7185929648241185,0.7996027123179527
82,1.4500000000000006,-3.5175879396984904,0.7892863379639666
83,1.4500000000000006,-3.3165829145728623,0.7749228380039281
84,1.4500000000000006,-3.115577889447234,0.7578261877297169
85,1.4500000000000006,-2.914572864321606,0.7392621135396356
86,1.4500000000000006,-2.713567839195978,0.7203818332608452
87,1.4500000000000006,-2.5125628140703498,0.7021894371793752
88,1.4500000000000006,-2.3115577889447216,0.6855332023963709
89,1.4500000000000006,-2.1105527638190935,0.6711276329853264
90,1.4500000000000006,-1.9095477386934654,0.6595816302967941
91,1.4500000000000006,-1.7085427135678373,0.651440451281677
92,1.4500000000000006,-1.5075376884422091,0.6472319893692403
93,1.4500000000000006,-1.306532663316581,0.6475150261512072
94,1.4500000000000006,-1.105527638190953,0.6529267951838662
95,1.4500000000000006,-0.9045226130653248,0.6642221041241633
96,1.4500000000000006,-0.7035175879396967,0.6822844763176237
97,1.4500000000000006,-0.5025125628140685,0.7080593960915523
98,1.4500000000000006,-0.3015075376884404,0.7422880768204534
99,1.4500000000000006,-0.10050251256281229,0.7848044615993469
100,1.4500000000000006,0.10050251256281584,0.8330184861287946
101,1.4500000000000006,0.30150753768844396,0.8794828007217941
102,1.4500000000000006,0.5025125628140721,0.9098112387368764
103,1.4500000000000006,0.7035175879397002,0.9048566491780166
104,1.4500000000000006,0.9045226130653283,0.8508698839593141
105,1.4500000000000006,1.1055276381909565,0.7524071290187876
106,1.4500000000000006,1.3065326633165846,0.6328684475332749
107,1.4500000000000006,1.5075376884422127,0.5182996644961863
108,1.4500000000000006,1.7085427135678408,0.4224608862162097
109,1.4500000000000006,1.909547738693469,0.34688824151840464
110,1.4500000000000006,2.110552763819097,0.28810122040108804
111,1.4500000000000006,2.311557788944725,0.242112734702698
112,1.4500000000000006,2.5125628140703533,0.20569860115236507
113,1.4500000000000006,2.7135678391959814,0.17647365599770512
114,1.4500000000000006,2.9145728643216096,0.15270815687817538
115,1.4500000000000006,3.1155778894472377,0.1331483617022738
116,1.4500000000000006,3.316582914572866,0.11687417679535864
117,1.4500000000000006,3.517587939698494,0.10320122769732255
118,1.4500000000000006,3.718592964824122,0.09161378868751373
119,1.4500000000000006,3.91959798994975,0.0817109103338536
120,1.4500000000000006,4.120603015075378,0.07320482871729529
121,1.4500000000000006,4.321608040201006,0.06582064369623628
122,1.4500000000000006,4.5226130653266345,0.05939457896563948
123,1.4500000000000006,4.723618090452263,0.0538772920358822
124,1.4500000000000006,4.924623115577891,0.048674768042774104
125,1.4500000000000006,5.125628140703519,0.04453292727267568
126,1.4500000000000006,5.326633165829147,0.04117410802088529
127,1.4500000000000006,5.527638190954775,0.03623868550115816
128,1.4500000000000006,5.728643216080403,0.033583803001389696
129,1.4500000000000006,5.929648241206031,0.03413772743759374
130,1.4500000000000006,6.1306532663316595,0.028860390857497815
131,1.4500000000000006,6.331658291457288,0.021386141549561474
132,1.4500000000000006,6.532663316582916,0.02554146780989722
133,1.4500000000000006,6.733668341708544,0.03336143236624998
134,1.4500000000000006,6.934673366834172,0.025413747419730254
135,1.4500000000000006,7.1356783919598,0.009099029900096377
136,1.4500000000000006,7.336683417085428,0.01062630622523128
137,1.4500000000000006,7.537688442211056,0.03276061939755239
138,1.4500000000000006,7.7386934673366845,0.04815650253978733
139,1.4500000000000006,7.939698492462313,0.03641329787266217
140,1.4500000000000006,8.14070351758794,0.010544412250703445
141,1.4500000000000006,8.341708542713569,0.0013555078732249912
142,1.4500000000000006,8.542713567839197,0.02371770403125126
143,1.4500000000000006,8.743718592964825,0.0629044613555773
144,1.4500000000000006,8.944723618090453,0.0902698406629337
145,1.4500000000000006,9.145728643216081,0.08843438432600778
146,1.4500000000000006,9.34673366834171,0.06339168884341581
147,1.4500000000000006,9.547738693467338,0.03735513913602225
148,1.4500000000000006,9.748743718592966,0.03189486171644591
149,1.4500000000000006,9.949748743718594,0.054729576402269456
150,1.4500000000000006,10.150753768844222,0.09730315734728863
151,1.4500000000000006,10.35175879396985,0.14178749159129272
152,1.4500000000000006,10.552763819095478,0.1713007388237909
153,1.4500000000000006,10.753768844221106,0.17773474137894799
154,1.4500000000000006,10.954773869346734,0.16390516170196562
155,1.4500000000000006,11.155778894472363,0.14015059698664123
156,1.4500000000000006,11.35678391959799,0.11915736138200908
157,1.4500000000000006,11.557788944723619,0.11133250066206557
158,1.4500000000000006,11.758793969849247,0.12152397254265701
159,1.4500000000000006,11.959798994974875,0.14814340291201503
160,1.4500000000000006,12.160804020100507,0.18419072883131843
161,1.4500000000000006,12.361809045226131,0.22037639759464822
162,1.4500000000000006,12.562814070351763,0.24986490587523233
163,1.4500000000000006,12.763819095477388,0.2698709353075917
164,1.4500000000000006,12.96482412060302,0.27861174570561487
165,1.4500000000000006,13.165829145728644,0.27405416324867127
166,1.4500000000000006,13.366834170854275,0.2575087278840988
167,1.4500000000000006,13.5678391959799,0.23590467315139851
168,1.4500000000000006,13.768844221105532,0.21822814596972037
169,1.4500000000000006,13.969849246231156,0.21012599905416726
170,1.4500000000000006,14.170854271356788,0.211926104821428
171,1.4500000000000006,14.371859296482413,0.2201246466424742
172,1.4500000000000006,14.572864321608044,0.23014184536438112
173,1.4500000000000006,14.773869346733669,0.2393846800084807
174,1.4500000000000006,14.9748743718593,0.2494378994735938
175,1.4500000000000006,15.175879396984925,0.2650549468897463
176,1.4500000000000006,15.376884422110557,0.2893421394831722
177,1.4500000000000006,15.577889447236181,0.3188508821442816
178,1.4500000000000006,15.778894472361813,0.3435831820308928
179,1.4500000000000006,15.979899497487438,0.352589410149417
180,1.4500000000000006,16.18090452261307,0.3412354807223049
181,1.4500000000000006,16.381909547738694,0.3147161227211751
182,1.4500000000000006,16.582914572864325,0.2849195220490621
183,1.4500000000000006,16.78391959798995,0.2637744682633879
184,1.4500000000000006,16.98492462311558,0.257941919755714
185,1.4500000000000006,17.185929648241206,0.2665208608579561
186,1.4500000000000006,17.386934673366838,0.2823630317859195
187,1.4500000000000006,17.587939698492463,0.29648669823351664
188,1.4500000000000006,17.788944723618094,0.30198748690698163
189,1.4500000000000006,17.98994974874372,0.2951520579972411
190,1.4500000000000006,18.19095477386935,0.27584496672319203
191,1.4500000000000006,18.391959798994975,0.2484947939582297
192,1.4500000000000006,18.592964824120607,0.22129133666563452
193,1.4500000000000006,18.79396984924623,0.20267310411379574
194,1.4500000000000006,18.994974874371863,0.19848348682396103
195,1.4500000000000006,19.195979899497488,0.21192269948929526
196,1.4500000000000006,19.39698492462312,0.243388987622616
197,1.4500000000000006,19.597989949748744,0.2880909552150048
198,1.4500000000000006,19.798994974874375,0.33515986442671825
199,1.4500000000000006,20.0,0.3720493381051833
