,t,height,fid
0,1.1500000000000004,-20.0,0.25421733584066963
1,1.1500000000000004,-19.798994974874372,0.2517109419529249
2,1.1500000000000004,-19.597989949748744,0.24887052162936527
3,1.1500000000000004,-19.396984924623116,0.24597382133667306
4,1.1500000000000004,-19.195979899497488,0.24323473345325655
5,1.1500000000000004,-18.99497487437186,0.24070109607781295
6,1.1500000000000004,-18.79396984924623,0.2382821739359718
7,1.1500000000000004,-18.592964824120603,0.23587573713156626
8,1.1500000000000004,-18.391959798994975,0.2334831776150969
9,1.1500000000000004,-18.190954773869347,0.23121703997119694
10,1.1500000000000004,-17.98994974874372,0.22920481404052506
11,1.1500000000000004,-17.78894472361809,0.22748675152812
12,1.1500000000000004,-17.587939698492463,0.226003184901291
13,1.1500000000000004,-17.386934673366834,0.22467736679602773
14,1.1500000000000004,-17.185929648241206,0.2235058019072174
15,1.1500000000000004,-16.984924623115578,0.2225691120928756
16,1.1500000000000004,-16.78391959798995,0.22196996100100827
17,1.1500000000000004,-16.582914572864322,0.22177975444766665
18,1.1500000000000004,-16.381909547738694,0.22205265994104054
19,1.1500000000000004,-16.180904522613066,0.2228735937933607
20,1.1500000000000004,-15.979899497487438,0.2243670110813764
21,1.1500000000000004,-15.77889447236181,0.2266498455693125
22,1.1500000000000004,-15.577889447236181,0.22978228037468965
23,1.1500000000000004,-15.376884422110553,0.233759271074176
24,1.1500000000000004,-15.175879396984925,0.2385232875200764
25,1.1500000000000004,-14.974874371859297,0.24395726918551092
26,1.1500000000000004,-14.773869346733669,0.24986677801951307
27,1.1500000000000004,-14.57286432160804,0.25598637103674965
28,1.1500000000000004,-14.371859296482413,0.26201493750148586
29,1.1500000000000004,-14.170854271356784,0.2676534791819783
30,1.1500000000000004,-13.969849246231156,0.27263746433287056
31,1.1500000000000004,-13.768844221105528,0.2767731453293846
32,1.1500000000000004,-13.5678391959799,0.27997360820733497
33,1.1500000000000004,-13.366834170854272,0.28227807675445665
34,1.1500000000000004,-13.165829145728644,0.28384986555780783
35,1.1500000000000004,-12.964824120603016,0.2849585621070389
36,1.1500000000000004,-12.763819095477388,0.28594922081289725
37,1.1500000000000004,-12.56281407035176,0.2872036500377358
38,1.1500000000000004,-12.361809045226131,0.28910639591703186
39,1.1500000000000004,-12.160804020100503,0.29202375058560925
40,1.1500000000000004,-11.959798994974873,0.29630003725845455
41,1.1500000000000004,-11.758793969849245,0.302267631757665
42,1.1500000000000004,-11.557788944723617,0.31026147862431036
43,1.1500000000000004,-11.356783919597989,0.3206227088720135
44,1.1500000000000004,-11.15577889447236,0.3336841646604587
45,1.1500000000000004,-10.954773869346733,0.34972761255231016
46,1.1500000000000004,-10.753768844221105,0.36893187885288464
47,1.1500000000000004,-10.552763819095476,0.3913182139363436
48,1.1500000000000004,-10.351758793969848,0.4167368772000144
49,1.1500000000000004,-10.15075376884422,0.44486196596071786
50,1.1500000000000004,-9.949748743718592,0.47523241084409856
51,1.1500000000000004,-9.748743718592964,0.5072988981505238
52,1.1500000000000004,-9.547738693467336,0.5404468566999322
53,1.1500000000000004,-9.346733668341708,0.5740143229888058
54,1.1500000000000004,-9.14572864321608,0.607295555106441
55,1.1500000000000004,-8.944723618090451,0.6395585276233613
56,1.1500000000000004,-8.743718592964823,0.6700802401647983
57,1.1500000000000004,-8.542713567839195,0.6981925582744214
58,1.1500000000000004,-8.341708542713567,0.7233195836076308
59,1.1500000000000004,-8.140703517587939,0.745000401889664
60,1.1500000000000004,-7.939698492462311,0.7628905184358444
61,1.1500000000000004,-7.738693467336683,0.7767702054284757
62,1.1500000000000004,-7.537688442211055,0.7865471420723559
63,1.1500000000000004,-7.3366834170854265,0.7922559640021459
64,1.1500000000000004,-7.135678391959798,0.7940471779079848
65,1.1500000000000004,-6.93467336683417,0.7921703935182571
66,1.1500000000000004,-6.733668341708542,0.7869555639592278
67,1.1500000000000004,-6.532663316582914,0.7787930680255614
68,1.1500000000000004,-6.331658291457286,0.768113320306239
69,1.1500000000000004,-6.130653266331658,0.7553669674817319
70,1.1500000000000004,-5.92964824120603,0.7410070881331163
71,1.1500000000000004,-5.7286432160804015,0.7254742630753553
72,1.1500000000000004,-5.527638190954773,0.709185260531345
73,1.1500000000000004,-5.326633165829145,0.6925210745866666
74,1.1500000000000004,-5.125628140703517,0.675826617200291
75,1.1500000000000004,-4.924623115577889,0.6594047073294235
76,1.1500000000000004,-4.723618090452261,0.643516864206346
77,1.1500000000000004,-4.522613065326633,0.6283854279502165
78,1.1500000000000004,-4.321608040201005,0.6141971667687234
79,1.1500000000000004,-4.1206030150753765,0.6011080442442186
80,1.1500000000000004,-3.9195979899497466,0.5892487241225317
81,1.1500000000000004,-3.7185929648241185,0.578730453251071
82,1.1500000000000004,-3.5175879396984904,0.5696513078584082
83,1.1500000000000004,-3.3165829145728623,0.5621023263220808
84,1.1500000000000004,-3.115577889447234,0.556173828516822
85,1.1500000000000004,-2.914572864321606,0.551961766241991
86,1.1500000000000004,-2.713567839195978,0.549574206939166
87,1.1500000000000004,-2.5125628140703498,0.5491382725664783
88,1.1500000000000004,-2.3115577889447216,0.550807386543581
89,1.1500000000000004,-2.1105527638190935,0.5547693243527452
90,1.1500000000000004,-1.9095477386934654,0.5612546344834437
91,1.1500000000000004,-1.7085427135678373,0.5705452871291852
92,1.1500000000000004,-1.5075376884422091,0.5829820431694297
93,1.1500000000000004,-1.306532663316581,0.5989672627075131
94,1.1500000000000004,-1.105527638190953,0.6189561796880109
95,1.1500000000000004,-0.9045226130653248,0.6434217505257845
96,1.1500000000000004,-0.7035175879396967,0.6727655116877967
97,1.1500000000000004,-0.5025125628140685,0.7071251408175716
98,1.1500000000000004,-0.3015075376884404,0.7460081866219704
99,1.1500000000000004,-0.10050251256281229,0.7876940145536601
100,1.1500000000000004,0.10050251256281584,0.8284400446616119
101,1.1500000000000004,0.30150753768844396,0.8618718623794394
102,1.1500000000000004,0.5025125628140721,0.8793529875787093
103,1.1500000000000004,0.7035175879397002,0.8722270547696606
104,1.1500000000000004,0.9045226130653283,0.8357304917254824
105,1.1500000000000004,1.1055276381909565,0.7723350189733719
106,1.1500000000000004,1.3065326633165846,0.69151691951313
107,1.1500000000000004,1.5075376884422127,0.6054718810099754
108,1.1500000000000004,1.7085427135678408,0.5240210230131311
109,1.1500000000000004,1.909547738693469,0.4522723468817982
110,1.1500000000000004,2.110552763819097,0.3914057560566933
111,1.1500000000000004,2.311557788944725,0.34056092246285175
112,1.1500000000000004,2.5125628140703533,0.29820633496425747
113,1.1500000000000004,2.7135678391959814,0.26280697135341946
114,1.1500000000000004,2.9145728643216096,0.23303927257789037
115,1.1500000000000004,3.1155778894472377,0.2078268113688547
116,1.1500000000000004,3.316582914572866,0.18631416678714963
117,1.1500000000000004,3.517587939698494,0.16782686939319766
118,1.1500000000000004,3.718592964824122,0.15183000613121642
119,1.1500000000000004,3.91959798994975,0.13790089862417054
120,1.1500000000000004,4.120603015075378,0.12570112965701613
121,1.1500000000000004,4.321608040201006,0.11495843031250619
122,1.1500000000000004,4.5226130653266345,0.10545177710213226
123,1.1500000000000004,4.723618090452263,0.09699985983179384
124,1.1500000000000004,4.924623115577891,0.08945291874629813
125,1.1500000000000004,5.125628140703519,0.0826901839971007
126,1.1500000000000004,5.326633165829147,0.07660989210764105
127,1.1500000000000004,5.527638190954775,0.07110774927538895
128,1.1500000000000004,5.728643216080403,0.06613996481550596
129,1.1500000000000004,5.929648241206031,0.06166679808213094
130,1.1500000000000004,6.1306532663316595,0.05750041149403721
131,1.1500000000000004,6.331658291457288,0.05365743167262256
132,1.1500000000000004,6.532663316582916,0.050444499600211336
133,1.1500000000000004,6.733668341708544,0.04748317980391272
134,1.1500000000000004,6.934673366834172,0.04402136408978973
135,1.1500000000000004,7.1356783919598,0.0408912426260128
136,1.1500000000000004,7.336683417085428,0.03955023172594807
137,1.1500000000000004,7.537688442211056,0.03863759454165058
138,1.1500000000000004,7.7386934673366845,0.035181490573104934
139,1.1500000000000004,7.939698492462313,0.03007915223146768
140,1.1500000000000004,8.14070351758794,0.02827212660601111
141,1.1500000000000004,8.341708542713569,0.031591152449433106
142,1.1500000000000004,8.542713567839197,0.03469287165961579
143,1.1500000000000004,8.743718592964825,0.0309445957239506
144,1.1500000000000004,8.944723618090453,0.021112294645407453
145,1.1500000000000004,9.145728643216081,0.013773357713065574
146,1.1500000000000004,9.34673366834171,0.016696645017446447
147,1.1500000000000004,9.547738693467338,0.02867046715197799
148,1.1500000000000004,9.748743718592966,0.04001185403403736
149,1.1500000000000004,9.949748743718594,0.04076906675572122
150,1.1500000000000004,10.150753768844222,0.028898420389717155
151,1.1500000000000004,10.35175879396985,0.011868458375953071
152,1.1500000000000004,10.552763819095478,0.0012693008447565441
153,1.1500000000000004,10.753768844221106,0.0050950975940248795
154,1.1500000000000004,10.954773869346734,0.02300932251172619
155,1.1500000000000004,11.155778894472363,0.047000334020599534
156,1.1500000000000004,11.35678391959799,0.06615532314725067
157,1.1500000000000004,11.557788944723619,0.07232445752744275
158,1.1500000000000004,11.758793969849247,0.06370032735130744
159,1.1500000000000004,11.959798994974875,0.04503214922443461
160,1.1500000000000004,12.160804020100507,0.025025534707653643
161,1.1500000000000004,12.361809045226131,0.012553038837427656
162,1.1500000000000004,12.562814070351763,0.01338149631815136
163,1.1500000000000004,12.763819095477388,0.0285267280928173
164,1.1500000000000004,12.96482412060302,0.054464649531609
165,1.1500000000000004,13.165829145728644,0.08473509085310515
166,1.1500000000000004,13.366834170854275,0.1122057239482176
167,1.1500000000000004,13.5678391959799,0.1311438149575097
168,1.1500000000000004,13.768844221105532,0.1384567428136638
169,1.1500000000000004,13.969849246231156,0.13406731741257785
170,1.1500000000000004,14.170854271356788,0.12065933649353759
171,1.1500000000000004,14.371859296482413,0.10278177321810414
172,1.1500000000000004,14.572864321608044,0.08548223488201898
173,1.1500000000000004,14.773869346733669,0.07310366579806198
174,1.1500000000000004,14.9748743718593,0.06860324698349128
175,1.1500000000000004,15.175879396984925,0.0732576648009337
176,1.1500000000000004,15.376884422110557,0.08667818874280478
177,1.1500000000000004,15.577889447236181,0.10723737630039841
178,1.1500000000000004,15.778894472361813,0.132588884987162
179,1.1500000000000004,15.979899497487438,0.15981061986736345
180,1.1500000000000004,16.18090452261307,0.18539083783695273
181,1.1500000000000004,16.381909547738694,0.2058589743280131
182,1.1500000000000004,16.582914572864325,0.21907571128815287
183,1.1500000000000004,16.78391959798995,0.2250826619514889
184,1.1500000000000004,16.98492462311558,0.2255360984609197
185,1.1500000000000004,17.185929648241206,0.22215343620473
186,1.1500000000000004,17.386934673366838,0.2156169107824352
187,1.1500000000000004,17.587939698492463,0.20582412355549365
188,1.1500000000000004,17.788944723618094,0.19301703882092736
189,1.1500000000000004,17.98994974874372,0.17862227840672873
190,1.1500000000000004,18.19095477386935,0.1651317009041154
191,1.1500000000000004,18.391959798994975,0.15528490512061696
192,1.1500000000000004,18.592964824120607,0.15121711906576862
193,1.1500000000000004,18.79396984924623,0.15397182589651795
194,1.1500000000000004,18.994974874371863,0.16331105320008688
195,1.1500000000000004,19.195979899497488,0.17767893941639284
196,1.1500000000000004,19.39698492462312,0.19440476665038436
197,1.1500000000000004,19.597989949748744,0.21033467355996122
198,1.1500000000000004,19.798994974874375,0.2228541546373216
199,1.1500000000000004,20.0,0.2309578044710428
