,t,height,fid
0,1.5000000000000004,-20.0,0.6162288237711504
1,1.5000000000000004,-19.798994974874372,0.62594314288279
2,1.5000000000000004,-19.597989949748744,0.6351970363480011
3,1.5000000000000004,-19.396984924623116,0.6439692919688382
4,1.5000000000000004,-19.195979899497488,0.6518416487142236
5,1.5000000000000004,-18.99497487437186,0.657936756281394
6,1.5000000000000004,-18.79396984924623,0.6613436178773356
7,1.5000000000000004,-18.592964824120603,0.6617873243534285
8,1.5000000000000004,-18.391959798994975,0.6597643793774357
9,1.5000000000000004,-18.190954773869347,0.6561119908499997
10,1.5000000000000004,-17.98994974874372,0.6515832441501652
11,1.5000000000000004,-17.78894472361809,0.646556059777273
12,1.5000000000000004,-17.587939698492463,0.6407948268948254
13,1.5000000000000004,-17.386934673366834,0.6335791060285855
14,1.5000000000000004,-17.185929648241206,0.6242813530998563
15,1.5000000000000004,-16.984924623115578,0.6128341139542309
16,1.5000000000000004,-16.78391959798995,0.5997374550724301
17,1.5000000000000004,-16.582914572864322,0.5857454768975444
18,1.5000000000000004,-16.381909547738694,0.5714044547385807
19,1.5000000000000004,-16.180904522613066,0.556758229649292
20,1.5000000000000004,-15.979899497487438,0.5415331948636909
21,1.5000000000000004,-15.77889447236181,0.5256014333755076
22,1.5000000000000004,-15.577889447236181,0.5092681139849179
23,1.5000000000000004,-15.376884422110553,0.4931547840738323
24,1.5000000000000004,-15.175879396984925,0.47778574014354
25,1.5000000000000004,-14.974874371859297,0.46330013402755316
26,1.5000000000000004,-14.773869346733669,0.44957029427949274
27,1.5000000000000004,-14.57286432160804,0.4365408141604381
28,1.5000000000000004,-14.371859296482413,0.424372431280952
29,1.5000000000000004,-14.170854271356784,0.4132438598519021
30,1.5000000000000004,-13.969849246231156,0.4031029848963934
31,1.5000000000000004,-13.768844221105528,0.3937011638279022
32,1.5000000000000004,-13.5678391959799,0.3848334774638892
33,1.5000000000000004,-13.366834170854272,0.37643591630667517
34,1.5000000000000004,-13.165829145728644,0.36847043075765495
35,1.5000000000000004,-12.964824120603016,0.36081947519348945
36,1.5000000000000004,-12.763819095477388,0.35338740251900297
37,1.5000000000000004,-12.56281407035176,0.34619023824709344
38,1.5000000000000004,-12.361809045226131,0.3392960732743345
39,1.5000000000000004,-12.160804020100503,0.33274777459989585
40,1.5000000000000004,-11.959798994974873,0.3265885243661541
41,1.5000000000000004,-11.758793969849245,0.3208870955939105
42,1.5000000000000004,-11.557788944723617,0.3157018709926536
43,1.5000000000000004,-11.356783919597989,0.3110698637018713
44,1.5000000000000004,-11.15577889447236,0.3070390497523046
45,1.5000000000000004,-10.954773869346733,0.3036696355870008
46,1.5000000000000004,-10.753768844221105,0.30102330521526055
47,1.5000000000000004,-10.552763819095476,0.29915572010249736
48,1.5000000000000004,-10.351758793969848,0.29809291482844236
49,1.5000000000000004,-10.15075376884422,0.2978001860689186
50,1.5000000000000004,-9.949748743718592,0.2981704299084023
51,1.5000000000000004,-9.748743718592964,0.2990353356494001
52,1.5000000000000004,-9.547738693467336,0.3002101966010161
53,1.5000000000000004,-9.346733668341708,0.30156042497487134
54,1.5000000000000004,-9.14572864321608,0.30306584536427855
55,1.5000000000000004,-8.944723618090451,0.30485222303877635
56,1.5000000000000004,-8.743718592964823,0.30717014651236435
57,1.5000000000000004,-8.542713567839195,0.3103278779265697
58,1.5000000000000004,-8.341708542713567,0.3146044125637748
59,1.5000000000000004,-8.140703517587939,0.32018112532683995
60,1.5000000000000004,-7.939698492462311,0.3271158133507527
61,1.5000000000000004,-7.738693467336683,0.3353475023490941
62,1.5000000000000004,-7.537688442211055,0.34473256706142624
63,1.5000000000000004,-7.3366834170854265,0.35509840582856045
64,1.5000000000000004,-7.135678391959798,0.3663260306302251
65,1.5000000000000004,-6.93467336683417,0.3784542838009245
66,1.5000000000000004,-6.733668341708542,0.3917687862589753
67,1.5000000000000004,-6.532663316582914,0.40683923932170213
68,1.5000000000000004,-6.331658291457286,0.42445380252758774
69,1.5000000000000004,-6.130653266331658,0.4454866788162584
70,1.5000000000000004,-5.92964824120603,0.47070096610052437
71,1.5000000000000004,-5.7286432160804015,0.5005326625180752
72,1.5000000000000004,-5.527638190954773,0.5348977162555965
73,1.5000000000000004,-5.326633165829145,0.5730737166634495
74,1.5000000000000004,-5.125628140703517,0.6137000663197004
75,1.5000000000000004,-4.924623115577889,0.6548963557511811
76,1.5000000000000004,-4.723618090452261,0.6944837239913904
77,1.5000000000000004,-4.522613065326633,0.7302652339880694
78,1.5000000000000004,-4.321608040201005,0.7603135280976464
79,1.5000000000000004,-4.1206030150753765,0.7831993422746422
80,1.5000000000000004,-3.9195979899497466,0.7981396656037445
81,1.5000000000000004,-3.7185929648241185,0.8050348247138184
82,1.5000000000000004,-3.5175879396984904,0.8044095633873405
83,1.5000000000000004,-3.3165829145728623,0.7972812388001707
84,1.5000000000000004,-3.115577889447234,0.7849910631212859
85,1.5000000000000004,-2.914572864321606,0.7690327223268987
86,1.5000000000000004,-2.713567839195978,0.7509059123165881
87,1.5000000000000004,-2.5125628140703498,0.7320100964463666
88,1.5000000000000004,-2.3115577889447216,0.7135845462226384
89,1.5000000000000004,-2.1105527638190935,0.6966855576154426
90,1.5000000000000004,-1.9095477386934654,0.6822059476207377
91,1.5000000000000004,-1.7085427135678373,0.6709087842650192
92,1.5000000000000004,-1.5075376884422091,0.663480514666255
93,1.5000000000000004,-1.306532663316581,0.6605909433620838
94,1.5000000000000004,-1.105527638190953,0.6629557257623419
95,1.5000000000000004,-0.9045226130653248,0.6713938334517862
96,1.5000000000000004,-0.7035175879396967,0.6868617690411967
97,1.5000000000000004,-0.5025125628140685,0.7104179570526997
98,1.5000000000000004,-0.3015075376884404,0.7429974434727923
99,1.5000000000000004,-0.10050251256281229,0.7847420082047862
100,1.5000000000000004,0.10050251256281584,0.8334334049014945
101,1.5000000000000004,0.30150753768844396,0.8817544834939921
102,1.5000000000000004,0.5025125628140721,0.9145411751547446
103,1.5000000000000004,0.7035175879397002,0.9105139936926988
104,1.5000000000000004,0.9045226130653283,0.8536405033048088
105,1.5000000000000004,1.1055276381909565,0.7487492331839615
106,1.5000000000000004,1.3065326633165846,0.622522125801578
107,1.5000000000000004,1.5075376884422127,0.503870100231817
108,1.5000000000000004,1.7085427135678408,0.40669667169026896
109,1.5000000000000004,1.909547738693469,0.33135944034042514
110,1.5000000000000004,2.110552763819097,0.27346642491276246
111,1.5000000000000004,2.311557788944725,0.22858154442763975
112,1.5000000000000004,2.5125628140703533,0.19328729062279934
113,1.5000000000000004,2.7135678391959814,0.16512008835098702
114,1.5000000000000004,2.9145728643216096,0.1423246195713401
115,1.5000000000000004,3.1155778894472377,0.12364193076430773
116,1.5000000000000004,3.316582914572866,0.10815701866237337
117,1.5000000000000004,3.517587939698494,0.09519113142587056
118,1.5000000000000004,3.718592964824122,0.0842397222068823
119,1.5000000000000004,3.91959798994975,0.07490569812402863
120,1.5000000000000004,4.120603015075378,0.06692731484963056
121,1.5000000000000004,4.321608040201006,0.05996546848952107
122,1.5000000000000004,4.5226130653266345,0.05405187726061488
123,1.5000000000000004,4.723618090452263,0.04882575254110306
124,1.5000000000000004,4.924623115577891,0.043824430553548094
125,1.5000000000000004,5.125628140703519,0.040697394738212316
126,1.5000000000000004,5.326633165829147,0.03676257675846868
127,1.5000000000000004,5.527638190954775,0.03149054828950659
128,1.5000000000000004,5.728643216080403,0.031961276114927835
129,1.5000000000000004,5.929648241206031,0.03161372586393076
130,1.5000000000000004,6.1306532663316595,0.02190216005998474
131,1.5000000000000004,6.331658291457288,0.018613644750601895
132,1.5000000000000004,6.532663316582916,0.03013670149079461
133,1.5000000000000004,6.733668341708544,0.0332077719276741
134,1.5000000000000004,6.934673366834172,0.0156740625174985
135,1.5000000000000004,7.1356783919598,0.0036534335869406083
136,1.5000000000000004,7.336683417085428,0.020346686488787055
137,1.5000000000000004,7.537688442211056,0.0480698904037394
138,1.5000000000000004,7.7386934673366845,0.05240212879757831
139,1.5000000000000004,7.939698492462313,0.028114145673595412
140,1.5000000000000004,8.14070351758794,0.004913644632014261
141,1.5000000000000004,8.341708542713569,0.012703786092249644
142,1.5000000000000004,8.542713567839197,0.051119885577234715
143,1.5000000000000004,8.743718592964825,0.09259959074593076
144,1.5000000000000004,8.944723618090453,0.10895079735043674
145,1.5000000000000004,9.145728643216081,0.09374739772813631
146,1.5000000000000004,9.34673366834171,0.06410188239730223
147,1.5000000000000004,9.547738693467338,0.045633042441607485
148,1.5000000000000004,9.748743718592966,0.05496418747818172
149,1.5000000000000004,9.949748743718594,0.09130942091103061
150,1.5000000000000004,10.150753768844222,0.13962052093542043
151,1.5000000000000004,10.35175879396985,0.18058204464652974
152,1.5000000000000004,10.552763819095478,0.20081076922215113
153,1.5000000000000004,10.753768844221106,0.1975333483611315
154,1.5000000000000004,10.954773869346734,0.17746141842320876
155,1.5000000000000004,11.155778894472363,0.15315716481532704
156,1.5000000000000004,11.35678391959799,0.1374914459328807
157,1.5000000000000004,11.557788944723619,0.13830172770784535
158,1.5000000000000004,11.758793969849247,0.15635286806163295
159,1.5000000000000004,11.959798994974875,0.18651555847115178
160,1.5000000000000004,12.160804020100507,0.221669385212706
161,1.5000000000000004,12.361809045226131,0.25614770949734944
162,1.5000000000000004,12.562814070351763,0.2844410642622002
163,1.5000000000000004,12.763819095477388,0.29950240451676013
164,1.5000000000000004,12.96482412060302,0.29725304014351217
165,1.5000000000000004,13.165829145728644,0.2820834768400143
166,1.5000000000000004,13.366834170854275,0.2641366095673181
167,1.5000000000000004,13.5678391959799,0.2509861867800962
168,1.5000000000000004,13.768844221105532,0.24352487818355137
169,1.5000000000000004,13.969849246231156,0.23873452080402566
170,1.5000000000000004,14.170854271356788,0.2343058479429163
171,1.5000000000000004,14.371859296482413,0.23114234401710868
172,1.5000000000000004,14.572864321608044,0.23351702064861773
173,1.5000000000000004,14.773869346733669,0.24693844157337871
174,1.5000000000000004,14.9748743718593,0.27361475293685805
175,1.5000000000000004,15.175879396984925,0.3083243679859921
176,1.5000000000000004,15.376884422110557,0.33893511115527136
177,1.5000000000000004,15.577889447236181,0.3526504090366816
178,1.5000000000000004,15.778894472361813,0.3443839313323492
179,1.5000000000000004,15.979899497487438,0.3204998845352366
180,1.5000000000000004,16.18090452261307,0.29470090408068095
181,1.5000000000000004,16.381909547738694,0.280209224396084
182,1.5000000000000004,16.582914572864325,0.28298683592708995
183,1.5000000000000004,16.78391959798995,0.29891486306176723
184,1.5000000000000004,16.98492462311558,0.31730575635400216
185,1.5000000000000004,17.185929648241206,0.327574534842435
186,1.5000000000000004,17.386934673366838,0.32303058252186845
187,1.5000000000000004,17.587939698492463,0.3018974048800044
188,1.5000000000000004,17.788944723618094,0.2683208933436301
189,1.5000000000000004,17.98994974874372,0.2314952433521486
190,1.5000000000000004,18.19095477386935,0.20140645126420345
191,1.5000000000000004,18.391959798994975,0.18523578404889707
192,1.5000000000000004,18.592964824120607,0.18752688958481806
193,1.5000000000000004,18.79396984924623,0.2106014606985017
194,1.5000000000000004,18.994974874371863,0.2517695918554213
195,1.5000000000000004,19.195979899497488,0.3012232267057283
196,1.5000000000000004,19.39698492462312,0.3458487571386943
197,1.5000000000000004,19.597989949748744,0.3760156492068391
198,1.5000000000000004,19.798994974874375,0.3875523968515986
199,1.5000000000000004,20.0,0.3784278828619396
