,t,height,fid
0,1.5500000000000005,-20.0,0.4965540944008414
1,1.5500000000000005,-19.798994974874372,0.5253446657533347
2,1.5500000000000005,-19.597989949748744,0.5510297156206826
3,1.5500000000000005,-19.396984924623116,0.5731372973033108
4,1.5500000000000005,-19.195979899497488,0.5920259291582448
5,1.5500000000000005,-18.99497487437186,0.6083351200141986
6,1.5500000000000005,-18.79396984924623,0.6227126008836327
7,1.5500000000000005,-18.592964824120603,0.6357561728447472
8,1.5500000000000005,-18.391959798994975,0.6476627891282988
9,1.5500000000000005,-18.190954773869347,0.6578854534182516
10,1.5500000000000005,-17.98994974874372,0.6654901710553582
11,1.5500000000000005,-17.78894472361809,0.6698953790891709
12,1.5500000000000005,-17.587939698492463,0.6711813518232419
13,1.5500000000000005,-17.386934673366834,0.6699715515574146
14,1.5500000000000005,-17.185929648241206,0.6672034500012867
15,1.5500000000000005,-16.984924623115578,0.6636712965021848
16,1.5500000000000005,-16.78391959798995,0.659510123821279
17,1.5500000000000005,-16.582914572864322,0.6542224047276637
18,1.5500000000000005,-16.381909547738694,0.6472025247153019
19,1.5500000000000005,-16.180904522613066,0.6382170733161658
20,1.5500000000000005,-15.979899497487438,0.6275885794159013
21,1.5500000000000005,-15.77889447236181,0.6159591475783737
22,1.5500000000000005,-15.577889447236181,0.6037560254923842
23,1.5500000000000005,-15.376884422110553,0.5908974950627575
24,1.5500000000000005,-15.175879396984925,0.5770190135124726
25,1.5500000000000005,-14.974874371859297,0.5619457396589915
26,1.5500000000000005,-14.773869346733669,0.5459670338323542
27,1.5500000000000005,-14.57286432160804,0.529637615141497
28,1.5500000000000005,-14.371859296482413,0.513351337835145
29,1.5500000000000005,-14.170854271356784,0.4971913228377405
30,1.5500000000000005,-13.969849246231156,0.4811775427512482
31,1.5500000000000005,-13.768844221105528,0.46554702878266646
32,1.5500000000000005,-13.5678391959799,0.45068290426654806
33,1.5500000000000005,-13.366834170854272,0.43682599684195705
34,1.5500000000000005,-13.165829145728644,0.42397098376032905
35,1.5500000000000005,-12.964824120603016,0.41205464019198007
36,1.5500000000000005,-12.763819095477388,0.4010860717961789
37,1.5500000000000005,-12.56281407035176,0.391047424837052
38,1.5500000000000005,-12.361809045226131,0.38180196842692654
39,1.5500000000000005,-12.160804020100503,0.3731831553904862
40,1.5500000000000005,-11.959798994974873,0.36510654179983926
41,1.5500000000000005,-11.758793969849245,0.3575179235140409
42,1.5500000000000005,-11.557788944723617,0.35036204769484547
43,1.5500000000000005,-11.356783919597989,0.3436201892881497
44,1.5500000000000005,-11.15577889447236,0.3373137909362415
45,1.5500000000000005,-10.954773869346733,0.33146470250336796
46,1.5500000000000005,-10.753768844221105,0.32609590937458155
47,1.5500000000000005,-10.552763819095476,0.32124607385117604
48,1.5500000000000005,-10.351758793969848,0.31696859046021675
49,1.5500000000000005,-10.15075376884422,0.31333744363270294
50,1.5500000000000005,-9.949748743718592,0.31045035171545227
51,1.5500000000000005,-9.748743718592964,0.3084030530381418
52,1.5500000000000005,-9.547738693467336,0.3072556607022573
53,1.5500000000000005,-9.346733668341708,0.30699517411262867
54,1.5500000000000005,-9.14572864321608,0.30751921740341925
55,1.5500000000000005,-8.944723618090451,0.3086569123533597
56,1.5500000000000005,-8.743718592964823,0.31023238091674477
57,1.5500000000000005,-8.542713567839195,0.3121425911738058
58,1.5500000000000005,-8.341708542713567,0.3144191390445628
59,1.5500000000000005,-8.140703517587939,0.31723688914530507
60,1.5500000000000005,-7.939698492462311,0.32086646747127257
61,1.5500000000000005,-7.738693467336683,0.32559564943816005
62,1.5500000000000005,-7.537688442211055,0.3316522685278285
63,1.5500000000000005,-7.3366834170854265,0.339160754936947
64,1.5500000000000005,-7.135678391959798,0.348128069920643
65,1.5500000000000005,-6.93467336683417,0.35846400525723043
66,1.5500000000000005,-6.733668341708542,0.3700439087556061
67,1.5500000000000005,-6.532663316582914,0.38281287119416224
68,1.5500000000000005,-6.331658291457286,0.39691609611868756
69,1.5500000000000005,-6.130653266331658,0.41278129124908597
70,1.5500000000000005,-5.92964824120603,0.4311092029363581
71,1.5500000000000005,-5.7286432160804015,0.4527667545296013
72,1.5500000000000005,-5.527638190954773,0.47858204378300073
73,1.5500000000000005,-5.326633165829145,0.5090829846843428
74,1.5500000000000005,-5.125628140703517,0.5442438096677961
75,1.5500000000000005,-4.924623115577889,0.5833199774303699
76,1.5500000000000005,-4.723618090452261,0.6248213246564827
77,1.5500000000000005,-4.522613065326633,0.6666470578594071
78,1.5500000000000005,-4.321608040201005,0.7063595272572261
79,1.5500000000000005,-4.1206030150753765,0.7415361898346963
80,1.5500000000000005,-3.9195979899497466,0.7701242224195817
81,1.5500000000000005,-3.7185929648241185,0.7907113730930112
82,1.5500000000000005,-3.5175879396984904,0.8026789387520445
83,1.5500000000000005,-3.3165829145728623,0.8062099094631116
84,1.5500000000000005,-3.115577889447234,0.8021759930192307
85,1.5500000000000005,-2.914572864321606,0.7919474088887364
86,1.5500000000000005,-2.713567839195978,0.7771742628639813
87,1.5500000000000005,-2.5125628140703498,0.7595855152838502
88,1.5500000000000005,-2.3115577889447216,0.7408348021101153
89,1.5500000000000005,-2.1105527638190935,0.7224059891172666
90,1.5500000000000005,-1.9095477386934654,0.7055773713184527
91,1.5500000000000005,-1.7085427135678373,0.6914295433177752
92,1.5500000000000005,-1.5075376884422091,0.6808956970856691
93,1.5500000000000005,-1.306532663316581,0.6748244165060993
94,1.5500000000000005,-1.105527638190953,0.6740577822604323
95,1.5500000000000005,-0.9045226130653248,0.6795088737545533
96,1.5500000000000005,-0.7035175879396967,0.6922217692246418
97,1.5500000000000005,-0.5025125628140685,0.7133706601783347
98,1.5500000000000005,-0.3015075376884404,0.744080677591527
99,1.5500000000000005,-0.10050251256281229,0.7848049268370426
100,1.5500000000000005,0.10050251256281584,0.8337343619425702
101,1.5500000000000005,0.30150753768844396,0.8837765173166595
102,1.5500000000000005,0.5025125628140721,0.9190865273732722
103,1.5500000000000005,0.7035175879397002,0.916179536760388
104,1.5500000000000005,0.9045226130653283,0.8564718095174267
105,1.5500000000000005,1.1055276381909565,0.7450031803860848
106,1.5500000000000005,1.3065326633165846,0.6120574599260836
107,1.5500000000000005,1.5075376884422127,0.4895559306028733
108,1.5500000000000005,1.7085427135678408,0.3913340778133159
109,1.5500000000000005,1.909547738693469,0.3164236555721942
110,1.5500000000000005,2.110552763819097,0.2595228774660556
111,1.5500000000000005,2.311557788944725,0.21578217099942015
112,1.5500000000000005,2.5125628140703533,0.18161492879522853
113,1.5500000000000005,2.7135678391959814,0.15449499333471314
114,1.5500000000000005,2.9145728643216096,0.13264896293406098
115,1.5500000000000005,3.1155778894472377,0.11481818211383593
116,1.5500000000000005,3.316582914572866,0.10009372886060747
117,1.5500000000000005,3.517587939698494,0.08780796576427813
118,1.5500000000000005,3.718592964824122,0.07746111502295222
119,1.5500000000000005,3.91959798994975,0.06867575138718371
120,1.5500000000000005,4.120603015075378,0.06118586506994595
121,1.5500000000000005,4.321608040201006,0.0546207818191541
122,1.5500000000000005,4.5226130653266345,0.04927576555034052
123,1.5500000000000005,4.723618090452263,0.04404515391483946
124,1.5500000000000005,4.924623115577891,0.03967109974983782
125,1.5500000000000005,5.125628140703519,0.03742931341714777
126,1.5500000000000005,5.326633165829147,0.031826251509107485
127,1.5500000000000005,5.527638190954775,0.028143850566447002
128,1.5500000000000005,5.728643216080403,0.031814441272026046
129,1.5500000000000005,5.929648241206031,0.026922853465334014
130,1.5500000000000005,6.1306532663316595,0.015121070011954221
131,1.5500000000000005,6.331658291457288,0.020888013222151187
132,1.5500000000000005,6.532663316582916,0.03589827044335538
133,1.5500000000000005,6.733668341708544,0.02851950241829957
134,1.5500000000000005,6.934673366834172,0.005834927020704412
135,1.5500000000000005,7.1356783919598,0.006309674393303994
136,1.5500000000000005,7.336683417085428,0.03717933114159701
137,1.5500000000000005,7.537688442211056,0.062076500451821594
138,1.5500000000000005,7.7386934673366845,0.05173791974077675
139,1.5500000000000005,7.939698492462313,0.020909709021715767
140,1.5500000000000005,8.14070351758794,0.008699361445079701
141,1.5500000000000005,8.341708542713569,0.03521525890981569
142,1.5500000000000005,8.542713567839197,0.08394289143676063
143,1.5500000000000005,8.743718592964825,0.12067018876697798
144,1.5500000000000005,8.944723618090453,0.12381699488517821
145,1.5500000000000005,9.145728643216081,0.09891143285392684
146,1.5500000000000005,9.34673366834171,0.070542316606478
147,1.5500000000000005,9.547738693467338,0.06325715880539953
148,1.5500000000000005,9.748743718592966,0.08659496555661826
149,1.5500000000000005,9.949748743718594,0.1321466784135379
150,1.5500000000000005,10.150753768844222,0.1811772492020195
151,1.5500000000000005,10.35175879396985,0.21586555816131484
152,1.5500000000000005,10.552763819095478,0.2266565385471529
153,1.5500000000000005,10.753768844221106,0.21493074889431918
154,1.5500000000000005,10.954773869346734,0.19160448153651366
155,1.5500000000000005,11.155778894472363,0.17037599241114346
156,1.5500000000000005,11.35678391959799,0.16105273582874835
157,1.5500000000000005,11.557788944723619,0.1675532848597421
158,1.5500000000000005,11.758793969849247,0.18889074054890692
159,1.5500000000000005,11.959798994974875,0.22144097592179843
160,1.5500000000000005,12.160804020100507,0.25932589673025175
161,1.5500000000000005,12.361809045226131,0.2926553566278733
162,1.5500000000000005,12.562814070351763,0.3109859425363551
163,1.5500000000000005,12.763819095477388,0.3121439738957833
164,1.5500000000000005,12.96482412060302,0.3040680643319097
165,1.5500000000000005,13.165829145728644,0.29545248530984697
166,1.5500000000000005,13.366834170854275,0.2874161204629205
167,1.5500000000000005,13.5678391959799,0.27581896537614303
168,1.5500000000000005,13.768844221105532,0.25897555656148435
169,1.5500000000000005,13.969849246231156,0.24127006257788933
170,1.5500000000000005,14.170854271356788,0.23095417232328014
171,1.5500000000000005,14.371859296482413,0.23562543383316106
172,1.5500000000000005,14.572864321608044,0.2576769291273485
173,1.5500000000000005,14.773869346733669,0.29138150902373233
174,1.5500000000000005,14.9748743718593,0.32379020787480994
175,1.5500000000000005,15.175879396984925,0.3408726684693789
176,1.5500000000000005,15.376884422110557,0.3364154533955914
177,1.5500000000000005,15.577889447236181,0.31641139108977967
178,1.5500000000000005,15.778894472361813,0.2953282738078548
179,1.5500000000000005,15.979899497487438,0.2877131051995883
180,1.5500000000000005,16.18090452261307,0.2993522402167766
181,1.5500000000000005,16.381909547738694,0.32370183436661387
182,1.5500000000000005,16.582914572864325,0.34720350760430835
183,1.5500000000000005,16.78391959798995,0.35713408410469405
184,1.5500000000000005,16.98492462311558,0.3458345688758577
185,1.5500000000000005,17.185929648241206,0.3134106124905788
186,1.5500000000000005,17.386934673366838,0.26864648643472755
187,1.5500000000000005,17.587939698492463,0.22442260568012923
188,1.5500000000000005,17.788944723618094,0.19130129114844674
189,1.5500000000000005,17.98994974874372,0.17609819109025351
190,1.5500000000000005,18.19095477386935,0.18336709386479222
191,1.5500000000000005,18.391959798994975,0.213473599838017
192,1.5500000000000005,18.592964824120607,0.2591443977948318
193,1.5500000000000005,18.79396984924623,0.30758516706135497
194,1.5500000000000005,18.994974874371863,0.3475883226053184
195,1.5500000000000005,19.195979899497488,0.37294553214888215
196,1.5500000000000005,19.39698492462312,0.3792945228598786
197,1.5500000000000005,19.597989949748744,0.3619805411812221
198,1.5500000000000005,19.798994974874375,0.32051101382489183
199,1.5500000000000005,20.0,0.2640982618738453
