,t,height,fid
0,1.7000000000000006,-20.0,0.18112677433469235
1,1.7000000000000006,-19.798994974874372,0.17021746774095448
2,1.7000000000000006,-19.597989949748744,0.16099422480984485
3,1.7000000000000006,-19.396984924623116,0.15500918218269877
4,1.7000000000000006,-19.195979899497488,0.15304074455398917
5,1.7000000000000006,-18.99497487437186,0.15516015959623933
6,1.7000000000000006,-18.79396984924623,0.16128768432308666
7,1.7000000000000006,-18.592964824120603,0.17127726539535404
8,1.7000000000000006,-18.391959798994975,0.18468749922008856
9,1.7000000000000006,-18.190954773869347,0.20109188443465406
10,1.7000000000000006,-17.98994974874372,0.2206577850580692
11,1.7000000000000006,-17.78894472361809,0.24403363064123895
12,1.7000000000000006,-17.587939698492463,0.27159237679390585
13,1.7000000000000006,-17.386934673366834,0.3030809936415535
14,1.7000000000000006,-17.185929648241206,0.3377847447922415
15,1.7000000000000006,-16.984924623115578,0.37456427585136504
16,1.7000000000000006,-16.78391959798995,0.41198327494377923
17,1.7000000000000006,-16.582914572864322,0.4489452578203783
18,1.7000000000000006,-16.381909547738694,0.48511471328010314
19,1.7000000000000006,-16.180904522613066,0.5205286390863402
20,1.7000000000000006,-15.979899497487438,0.5550571760130646
21,1.7000000000000006,-15.77889447236181,0.5881421091522099
22,1.7000000000000006,-15.577889447236181,0.6186781961157258
23,1.7000000000000006,-15.376884422110553,0.6453746571821412
24,1.7000000000000006,-15.175879396984925,0.6674760494865115
25,1.7000000000000006,-14.974874371859297,0.6849962749423888
26,1.7000000000000006,-14.773869346733669,0.6983611988527183
27,1.7000000000000006,-14.57286432160804,0.7078629470713422
28,1.7000000000000006,-14.371859296482413,0.7133189594164806
29,1.7000000000000006,-14.170854271356784,0.7143584830350175
30,1.7000000000000006,-13.969849246231156,0.7110283009533814
31,1.7000000000000006,-13.768844221105528,0.7039909149144202
32,1.7000000000000006,-13.5678391959799,0.6941385982695653
33,1.7000000000000006,-13.366834170854272,0.6820573902403151
34,1.7000000000000006,-13.165829145728644,0.667979979059621
35,1.7000000000000006,-12.964824120603016,0.6522009936960314
36,1.7000000000000006,-12.763819095477388,0.6353029327982868
37,1.7000000000000006,-12.56281407035176,0.6178760761555397
38,1.7000000000000006,-12.361809045226131,0.6001826763698107
39,1.7000000000000006,-12.160804020100503,0.5822646906977897
40,1.7000000000000006,-11.959798994974873,0.5642423145894501
41,1.7000000000000006,-11.758793969849245,0.5463060441055714
42,1.7000000000000006,-11.557788944723617,0.5285301429485076
43,1.7000000000000006,-11.356783919597989,0.5109252231035765
44,1.7000000000000006,-11.15577889447236,0.49360521102321103
45,1.7000000000000006,-10.954773869346733,0.4767520869789171
46,1.7000000000000006,-10.753768844221105,0.46052246412236875
47,1.7000000000000006,-10.552763819095476,0.4450777600652854
48,1.7000000000000006,-10.351758793969848,0.43058821947156456
49,1.7000000000000006,-10.15075376884422,0.4171694231295253
50,1.7000000000000006,-9.949748743718592,0.40488065648574967
51,1.7000000000000006,-9.748743718592964,0.3937429656685054
52,1.7000000000000006,-9.547738693467336,0.3837380999743102
53,1.7000000000000006,-9.346733668341708,0.3748213767293211
54,1.7000000000000006,-9.14572864321608,0.3669386789658759
55,1.7000000000000006,-8.944723618090451,0.36002033555107055
56,1.7000000000000006,-8.743718592964823,0.3539856073008232
57,1.7000000000000006,-8.542713567839195,0.3487581124673228
58,1.7000000000000006,-8.341708542713567,0.3442939943419904
59,1.7000000000000006,-8.140703517587939,0.34061377561261097
60,1.7000000000000006,-7.939698492462311,0.33781166028927095
61,1.7000000000000006,-7.738693467336683,0.3360244072867057
62,1.7000000000000006,-7.537688442211055,0.3353680091742907
63,1.7000000000000006,-7.3366834170854265,0.33587901830566486
64,1.7000000000000006,-7.135678391959798,0.33750454766819665
65,1.7000000000000006,-6.93467336683417,0.3401545287234095
66,1.7000000000000006,-6.733668341708542,0.34378277457947864
67,1.7000000000000006,-6.532663316582914,0.3484493879118748
68,1.7000000000000006,-6.331658291457286,0.3543338851096914
69,1.7000000000000006,-6.130653266331658,0.3616978492630604
70,1.7000000000000006,-5.92964824120603,0.3708164470250851
71,1.7000000000000006,-5.7286432160804015,0.381900629632824
72,1.7000000000000006,-5.527638190954773,0.39507183187977535
73,1.7000000000000006,-5.326633165829145,0.410415402447921
74,1.7000000000000006,-5.125628140703517,0.4281080638960088
75,1.7000000000000006,-4.924623115577889,0.4485580485269536
76,1.7000000000000006,-4.723618090452261,0.4724442522102395
77,1.7000000000000006,-4.522613065326633,0.5005813291691901
78,1.7000000000000006,-4.321608040201005,0.5335986527499222
79,1.7000000000000006,-4.1206030150753765,0.5715191800586518
80,1.7000000000000006,-3.9195979899497466,0.613410234087367
81,1.7000000000000006,-3.7185929648241185,0.657262964096073
82,1.7000000000000006,-3.5175879396984904,0.7001971217743237
83,1.7000000000000006,-3.3165829145728623,0.7389558637531636
84,1.7000000000000006,-3.115577889447234,0.7705488583939148
85,1.7000000000000006,-2.914572864321606,0.7928321193748159
86,1.7000000000000006,-2.713567839195978,0.8048737080318114
87,1.7000000000000006,-2.5125628140703498,0.8070199963784004
88,1.7000000000000006,-2.3115577889447216,0.8006952552703867
89,1.7000000000000006,-2.1105527638190935,0.7880410102700693
90,1.7000000000000006,-1.9095477386934654,0.7715206659833843
91,1.7000000000000006,-1.7085427135678373,0.7535920116401563
92,1.7000000000000006,-1.5075376884422091,0.7365013221783897
93,1.7000000000000006,-1.306532663316581,0.7222070311633424
94,1.7000000000000006,-1.105527638190953,0.7124113341814338
95,1.7000000000000006,-0.9045226130653248,0.7086597623612235
96,1.7000000000000006,-0.7035175879396967,0.7124820760848979
97,1.7000000000000006,-0.5025125628140685,0.725506585204124
98,1.7000000000000006,-0.3015075376884404,0.7494570170847802
99,1.7000000000000006,-0.10050251256281229,0.7857337247930354
100,1.7000000000000006,0.10050251256281584,0.8339290197460878
101,1.7000000000000006,0.30150753768844396,0.8881699043030931
102,1.7000000000000006,0.5025125628140721,0.9313000615245519
103,1.7000000000000006,0.7035175879397002,0.9329942032047576
104,1.7000000000000006,0.9045226130653283,0.8652850234841115
105,1.7000000000000006,1.1055276381909565,0.733266509381074
106,1.7000000000000006,1.3065326633165846,0.580115240602237
107,1.7000000000000006,1.5075376884422127,0.44756905182679385
108,1.7000000000000006,1.7085427135678408,0.3477885750927598
109,1.7000000000000006,1.909547738693469,0.27509452911415394
110,1.7000000000000006,2.110552763819097,0.22160282538119858
111,1.7000000000000006,2.311557788944725,0.18143211177782595
112,1.7000000000000006,2.5125628140703533,0.1506253133613311
113,1.7000000000000006,2.7135678391959814,0.12654398020641655
114,1.7000000000000006,2.9145728643216096,0.10740188107925769
115,1.7000000000000006,3.1155778894472377,0.09196471104745517
116,1.7000000000000006,3.316582914572866,0.07934668409834439
117,1.7000000000000006,3.517587939698494,0.06894591319132214
118,1.7000000000000006,3.718592964824122,0.06020854131793686
119,1.7000000000000006,3.91959798994975,0.053040791594789784
120,1.7000000000000006,4.120603015075378,0.04647575663055738
121,1.7000000000000006,4.321608040201006,0.04188576700519002
122,1.7000000000000006,4.5226130653266345,0.036667642259438714
123,1.7000000000000006,4.723618090452263,0.03193582056723081
124,1.7000000000000006,4.924623115577891,0.03272081832128181
125,1.7000000000000006,5.125628140703519,0.024469255702371434
126,1.7000000000000006,5.326633165829147,0.020148958469227717
127,1.7000000000000006,5.527638190954775,0.03172307636767104
128,1.7000000000000006,5.728643216080403,0.024228368908792947
129,1.7000000000000006,5.929648241206031,0.005353870942298229
130,1.7000000000000006,6.1306532663316595,0.02064995529014035
131,1.7000000000000006,6.331658291457288,0.048168483650555156
132,1.7000000000000006,6.532663316582916,0.03635267650342477
133,1.7000000000000006,6.733668341708544,0.005224499460725354
134,1.7000000000000006,6.934673366834172,0.013426142935046435
135,1.7000000000000006,7.1356783919598,0.062746763861422
136,1.7000000000000006,7.336683417085428,0.09803160224073641
137,1.7000000000000006,7.537688442211056,0.08486243327536332
138,1.7000000000000006,7.7386934673366845,0.048973838649307676
139,1.7000000000000006,7.939698492462313,0.04021343808612311
140,1.7000000000000006,8.14070351758794,0.07852501755965188
141,1.7000000000000006,8.341708542713569,0.13986387918925774
142,1.7000000000000006,8.542713567839197,0.1838698483810611
143,1.7000000000000006,8.743718592964825,0.1885363845873166
144,1.7000000000000006,8.944723618090453,0.16274744408528416
145,1.7000000000000006,9.145728643216081,0.134112979995032
146,1.7000000000000006,9.34673366834171,0.12826585906754098
147,1.7000000000000006,9.547738693467338,0.1541278517810115
148,1.7000000000000006,9.748743718592966,0.20174748924922764
149,1.7000000000000006,9.949748743718594,0.2509957027624825
150,1.7000000000000006,10.150753768844222,0.2854440302985294
151,1.7000000000000006,10.35175879396985,0.297949183579817
152,1.7000000000000006,10.552763819095478,0.2876304118905141
153,1.7000000000000006,10.753768844221106,0.2624539006110839
154,1.7000000000000006,10.954773869346734,0.23878933293396268
155,1.7000000000000006,11.155778894472363,0.2299091781273325
156,1.7000000000000006,11.35678391959799,0.23787277919119193
157,1.7000000000000006,11.557788944723619,0.2556862172918393
158,1.7000000000000006,11.758793969849247,0.27560094855797357
159,1.7000000000000006,11.959798994974875,0.29745216282587816
160,1.7000000000000006,12.160804020100507,0.32568803082061254
161,1.7000000000000006,12.361809045226131,0.35576612516415607
162,1.7000000000000006,12.562814070351763,0.3709135588908845
163,1.7000000000000006,12.763819095477388,0.35849254921972024
164,1.7000000000000006,12.96482412060302,0.3255869620894486
165,1.7000000000000006,13.165829145728644,0.2939771611254004
166,1.7000000000000006,13.366834170854275,0.28121949556684445
167,1.7000000000000006,13.5678391959799,0.28873763303431876
168,1.7000000000000006,13.768844221105532,0.3044640927894264
169,1.7000000000000006,13.969849246231156,0.31292063979711
170,1.7000000000000006,14.170854271356788,0.30503165930699955
171,1.7000000000000006,14.371859296482413,0.28248030299767435
172,1.7000000000000006,14.572864321608044,0.25722700152073363
173,1.7000000000000006,14.773869346733669,0.24687738605293225
174,1.7000000000000006,14.9748743718593,0.2636597804859815
175,1.7000000000000006,15.175879396984925,0.3054837177164401
176,1.7000000000000006,15.376884422110557,0.35732214288011843
177,1.7000000000000006,15.577889447236181,0.39681173589017005
178,1.7000000000000006,15.778894472361813,0.4035366115287308
179,1.7000000000000006,15.979899497487438,0.3724475868610848
180,1.7000000000000006,16.18090452261307,0.3160722183637699
181,1.7000000000000006,16.381909547738694,0.2530429532656872
182,1.7000000000000006,16.582914572864325,0.20115091470268248
183,1.7000000000000006,16.78391959798995,0.17632073597686607
184,1.7000000000000006,16.98492462311558,0.18550340454377007
185,1.7000000000000006,17.185929648241206,0.2205922550501488
186,1.7000000000000006,17.386934673366838,0.26611795347620143
187,1.7000000000000006,17.587939698492463,0.3109815525451676
188,1.7000000000000006,17.788944723618094,0.34812801615114886
189,1.7000000000000006,17.98994974874372,0.36757646387600423
190,1.7000000000000006,18.19095477386935,0.3583973883326407
191,1.7000000000000006,18.391959798994975,0.31972825840515434
192,1.7000000000000006,18.592964824120607,0.2642728187609469
193,1.7000000000000006,18.79396984924623,0.20801613969453822
194,1.7000000000000006,18.994974874371863,0.1593787430186535
195,1.7000000000000006,19.195979899497488,0.12015213544099534
196,1.7000000000000006,19.39698492462312,0.09545343412981318
197,1.7000000000000006,19.597989949748744,0.09642060446337705
198,1.7000000000000006,19.798994974874375,0.12973030871857896
199,1.7000000000000006,20.0,0.18810010131135685
