,t,height,fid
0,1.2000000000000004,-20.0,0.2670825534999254
1,1.2000000000000004,-19.798994974874372,0.2655032132141774
2,1.2000000000000004,-19.597989949748744,0.264398202115765
3,1.2000000000000004,-19.396984924623116,0.26379081230554574
4,1.2000000000000004,-19.195979899497488,0.26346673581785834
5,1.2000000000000004,-18.99497487437186,0.26308255535129704
6,1.2000000000000004,-18.79396984924623,0.2623681281676008
7,1.2000000000000004,-18.592964824120603,0.2612675692203703
8,1.2000000000000004,-18.391959798994975,0.259918574356003
9,1.2000000000000004,-18.190954773869347,0.25850201533783296
10,1.2000000000000004,-17.98994974874372,0.257086152683381
11,1.2000000000000004,-17.78894472361809,0.2555959041145248
12,1.2000000000000004,-17.587939698492463,0.2539203582252589
13,1.2000000000000004,-17.386934673366834,0.25204607824032726
14,1.2000000000000004,-17.185929648241206,0.2500864281423861
15,1.2000000000000004,-16.984924623115578,0.24818602948660307
16,1.2000000000000004,-16.78391959798995,0.2464058542686454
17,1.2000000000000004,-16.582914572864322,0.24470498449049083
18,1.2000000000000004,-16.381909547738694,0.24302412683395072
19,1.2000000000000004,-16.180904522613066,0.2413654564114864
20,1.2000000000000004,-15.979899497487438,0.23978379117012114
21,1.2000000000000004,-15.77889447236181,0.2383244590508474
22,1.2000000000000004,-15.577889447236181,0.2370024461677494
23,1.2000000000000004,-15.376884422110553,0.235850379592257
24,1.2000000000000004,-15.175879396984925,0.2349664217247844
25,1.2000000000000004,-14.974874371859297,0.23450128534514925
26,1.2000000000000004,-14.773869346733669,0.23461431987214468
27,1.2000000000000004,-14.57286432160804,0.23545534642989988
28,1.2000000000000004,-14.371859296482413,0.23716682662394892
29,1.2000000000000004,-14.170854271356784,0.23986337278104247
30,1.2000000000000004,-13.969849246231156,0.24358971740334615
31,1.2000000000000004,-13.768844221105528,0.2482943483253723
32,1.2000000000000004,-13.5678391959799,0.25382914800244605
33,1.2000000000000004,-13.366834170854272,0.2599576784998467
34,1.2000000000000004,-13.165829145728644,0.266372469792345
35,1.2000000000000004,-12.964824120603016,0.2727337743156558
36,1.2000000000000004,-12.763819095477388,0.2787226729869059
37,1.2000000000000004,-12.56281407035176,0.2840906894159611
38,1.2000000000000004,-12.361809045226131,0.2887001700661978
39,1.2000000000000004,-12.160804020100503,0.2925471399124836
40,1.2000000000000004,-11.959798994974873,0.295761306743693
41,1.2000000000000004,-11.758793969849245,0.2985835562232466
42,1.2000000000000004,-11.557788944723617,0.3013323415915729
43,1.2000000000000004,-11.356783919597989,0.30437083175052004
44,1.2000000000000004,-11.15577889447236,0.30808593273814633
45,1.2000000000000004,-10.954773869346733,0.3128847606968445
46,1.2000000000000004,-10.753768844221105,0.31920142153917974
47,1.2000000000000004,-10.552763819095476,0.32750309555274854
48,1.2000000000000004,-10.351758793969848,0.33827077652216786
49,1.2000000000000004,-10.15075376884422,0.35195716959434775
50,1.2000000000000004,-9.949748743718592,0.3689221175860968
51,1.2000000000000004,-9.748743718592964,0.3893617771604957
52,1.2000000000000004,-9.547738693467336,0.4132798678190773
53,1.2000000000000004,-9.346733668341708,0.4404680891778291
54,1.2000000000000004,-9.14572864321608,0.47053679825183087
55,1.2000000000000004,-8.944723618090451,0.5029451086002138
56,1.2000000000000004,-8.743718592964823,0.5370246517300792
57,1.2000000000000004,-8.542713567839195,0.5719931396301036
58,1.2000000000000004,-8.341708542713567,0.6069808644280804
59,1.2000000000000004,-8.140703517587939,0.6410752731201322
60,1.2000000000000004,-7.939698492462311,0.6733786582271941
61,1.2000000000000004,-7.738693467336683,0.7030628433025157
62,1.2000000000000004,-7.537688442211055,0.7294092629213235
63,1.2000000000000004,-7.3366834170854265,0.7518394548598942
64,1.2000000000000004,-7.135678391959798,0.7699313065285073
65,1.2000000000000004,-6.93467336683417,0.7834371852573615
66,1.2000000000000004,-6.733668341708542,0.7922845603689472
67,1.2000000000000004,-6.532663316582914,0.7965668265699516
68,1.2000000000000004,-6.331658291457286,0.7965235377513907
69,1.2000000000000004,-6.130653266331658,0.7925163920694483
70,1.2000000000000004,-5.92964824120603,0.7850004479726366
71,1.2000000000000004,-5.7286432160804015,0.7744940959348328
72,1.2000000000000004,-5.527638190954773,0.7615497274493733
73,1.2000000000000004,-5.326633165829145,0.7467273187605411
74,1.2000000000000004,-5.125628140703517,0.7305722156577915
75,1.2000000000000004,-4.924623115577889,0.7135984583270182
76,1.2000000000000004,-4.723618090452261,0.6962730375958511
77,1.2000000000000004,-4.522613065326633,0.6790141114560633
78,1.2000000000000004,-4.321608040201005,0.6621845802608592
79,1.2000000000000004,-4.1206030150753765,0.6460940282687848
80,1.2000000000000004,-3.9195979899497466,0.6310028317115303
81,1.2000000000000004,-3.7185929648241185,0.6171281064347186
82,1.2000000000000004,-3.5175879396984904,0.6046515609080821
83,1.2000000000000004,-3.3165829145728623,0.5937278301836425
84,1.2000000000000004,-3.115577889447234,0.5844935387212371
85,1.2000000000000004,-2.914572864321606,0.577076431977952
86,1.2000000000000004,-2.713567839195978,0.5716047745235112
87,1.2000000000000004,-2.5125628140703498,0.5682168568194795
88,1.2000000000000004,-2.3115577889447216,0.5670708281352369
89,1.2000000000000004,-2.1105527638190935,0.568355141747037
90,1.2000000000000004,-1.9095477386934654,0.5722994309875205
91,1.2000000000000004,-1.7085427135678373,0.5791860520146394
92,1.2000000000000004,-1.5075376884422091,0.5893609997795858
93,1.2000000000000004,-1.306532663316581,0.6032416655258749
94,1.2000000000000004,-1.105527638190953,0.6213154047956994
95,1.2000000000000004,-0.9045226130653248,0.644114715671262
96,1.2000000000000004,-0.7035175879396967,0.6721412316844094
97,1.2000000000000004,-0.5025125628140685,0.705685554365264
98,1.2000000000000004,-0.3015075376884404,0.7444572436673886
99,1.2000000000000004,-0.10050251256281229,0.7869339991977533
100,1.2000000000000004,0.10050251256281584,0.829416208724045
101,1.2000000000000004,0.30150753768844396,0.8651573046658996
102,1.2000000000000004,0.5025125628140721,0.8845200027080945
103,1.2000000000000004,0.7035175879397002,0.8774166556921216
104,1.2000000000000004,0.9045226130653283,0.8380604769481276
105,1.2000000000000004,1.1055276381909565,0.7692687844266756
106,1.2000000000000004,1.3065326633165846,0.6822363801674003
107,1.2000000000000004,1.5075376884422127,0.5910549993176525
108,1.2000000000000004,1.7085427135678408,0.5064418244153729
109,1.2000000000000004,1.909547738693469,0.4333263745338863
110,1.2000000000000004,2.110552763819097,0.37229260270361064
111,1.2000000000000004,2.311557788944725,0.321942206747964
112,1.2000000000000004,2.5125628140703533,0.2804102472375748
113,1.2000000000000004,2.7135678391959814,0.24596772158976407
114,1.2000000000000004,2.9145728643216096,0.21718834706971554
115,1.2000000000000004,3.1155778894472377,0.19294300241313173
116,1.2000000000000004,3.316582914572866,0.17235157820016817
117,1.2000000000000004,3.517587939698494,0.15472661483938252
118,1.2000000000000004,3.718592964824122,0.13953245630926353
119,1.2000000000000004,3.91959798994975,0.1263466314349543
120,1.2000000000000004,4.120603015075378,0.11483408612198025
121,1.2000000000000004,4.321608040201006,0.10472600763116785
122,1.2000000000000004,4.5226130653266345,0.09580535517492143
123,1.2000000000000004,4.723618090452263,0.08789475175436473
124,1.2000000000000004,4.924623115577891,0.0808484762784394
125,1.2000000000000004,5.125628140703519,0.07455749653655161
126,1.2000000000000004,5.326633165829147,0.06889703571042968
127,1.2000000000000004,5.527638190954775,0.06379032131030375
128,1.2000000000000004,5.728643216080403,0.05925508972825737
129,1.2000000000000004,5.929648241206031,0.05507078890740591
130,1.2000000000000004,6.1306532663316595,0.05109261028956351
131,1.2000000000000004,6.331658291457288,0.04784048040743667
132,1.2000000000000004,6.532663316582916,0.04513574646247626
133,1.2000000000000004,6.733668341708544,0.041657334796511514
134,1.2000000000000004,6.934673366834172,0.03803817659583426
135,1.2000000000000004,7.1356783919598,0.03676844422329719
136,1.2000000000000004,7.336683417085428,0.03678783987497562
137,1.2000000000000004,7.537688442211056,0.033609152383807094
138,1.2000000000000004,7.7386934673366845,0.02733780753989055
139,1.2000000000000004,7.939698492462313,0.02462239921498532
140,1.2000000000000004,8.14070351758794,0.029082010526400467
141,1.2000000000000004,8.341708542713569,0.03438868576138071
142,1.2000000000000004,8.542713567839197,0.031276467929517174
143,1.2000000000000004,8.743718592964825,0.01965259064245701
144,1.2000000000000004,8.944723618090453,0.010129301821459038
145,1.2000000000000004,9.145728643216081,0.013109870278024044
146,1.2000000000000004,9.34673366834171,0.027870909967704048
147,1.2000000000000004,9.547738693467338,0.04274449302070265
148,1.2000000000000004,9.748743718592966,0.04527835987240436
149,1.2000000000000004,9.949748743718594,0.03251044149776612
150,1.2000000000000004,10.150753768844222,0.013070350790575998
151,1.2000000000000004,10.35175879396985,0.0006852734885077116
152,1.2000000000000004,10.552763819095478,0.004915490875711874
153,1.2000000000000004,10.753768844221106,0.025559149601676035
154,1.2000000000000004,10.954773869346734,0.05348125688908965
155,1.2000000000000004,11.155778894472363,0.07621695108908391
156,1.2000000000000004,11.35678391959799,0.08448366567775897
157,1.2000000000000004,11.557788944723619,0.07619455155027302
158,1.2000000000000004,11.758793969849247,0.05660315137898515
159,1.2000000000000004,11.959798994974875,0.03532593089302777
160,1.2000000000000004,12.160804020100507,0.022090268959276967
161,1.2000000000000004,12.361809045226131,0.02316767664732788
162,1.2000000000000004,12.562814070351763,0.03963552534211399
163,1.2000000000000004,12.763819095477388,0.06767549649957849
164,1.2000000000000004,12.96482412060302,0.10041322937219352
165,1.2000000000000004,13.165829145728644,0.13030908170333788
166,1.2000000000000004,13.366834170854275,0.15119463389777257
167,1.2000000000000004,13.5678391959799,0.15971510206065384
168,1.2000000000000004,13.768844221105532,0.1559902936450524
169,1.2000000000000004,13.969849246231156,0.1430533859496709
170,1.2000000000000004,14.170854271356788,0.12543804829598584
171,1.2000000000000004,14.371859296482413,0.10796288041299947
172,1.2000000000000004,14.572864321608044,0.09500549916218239
173,1.2000000000000004,14.773869346733669,0.0898555468395636
174,1.2000000000000004,14.9748743718593,0.09418419003854211
175,1.2000000000000004,15.175879396984925,0.10794116287963271
176,1.2000000000000004,15.376884422110557,0.12945117909659878
177,1.2000000000000004,15.577889447236181,0.1555014499161292
178,1.2000000000000004,15.778894472361813,0.18196235742401418
179,1.2000000000000004,15.979899497487438,0.20529721356835196
180,1.2000000000000004,16.18090452261307,0.223948221551723
181,1.2000000000000004,16.381909547738694,0.23814278220784613
182,1.2000000000000004,16.582914572864325,0.2482029782095671
183,1.2000000000000004,16.78391959798995,0.25316158877919204
184,1.2000000000000004,16.98492462311558,0.25122232665550587
185,1.2000000000000004,17.185929648241206,0.24163293399469493
186,1.2000000000000004,17.386934673366838,0.22613246681892993
187,1.2000000000000004,17.587939698492463,0.20865514774782132
188,1.2000000000000004,17.788944723618094,0.19361138266013644
189,1.2000000000000004,17.98994974874372,0.18411067357039737
190,1.2000000000000004,18.19095477386935,0.1811477944510272
191,1.2000000000000004,18.391959798994975,0.18380546597730335
192,1.2000000000000004,18.592964824120607,0.1899825955467792
193,1.2000000000000004,18.79396984924623,0.19720000020041714
194,1.2000000000000004,18.994974874371863,0.2033505565915753
195,1.2000000000000004,19.195979899497488,0.207445287516053
196,1.2000000000000004,19.39698492462312,0.21021645808863829
197,1.2000000000000004,19.597989949748744,0.21409227694681227
198,1.2000000000000004,19.798994974874375,0.22222050228861354
199,1.2000000000000004,20.0,0.2369328872744792
