,t,height,fid
0,1.9500000000000006,-20.0,0.3559347801006993
1,1.9500000000000006,-19.798994974874372,0.3490648753478113
2,1.9500000000000006,-19.597989949748744,0.3409232676512379
3,1.9500000000000006,-19.396984924623116,0.3307405447268092
4,1.9500000000000006,-19.195979899497488,0.31745743640190544
5,1.9500000000000006,-18.99497487437186,0.30094085177163665
6,1.9500000000000006,-18.79396984924623,0.282971132889223
7,1.9500000000000006,-18.592964824120603,0.2660243603188272
8,1.9500000000000006,-18.391959798994975,0.25149277619411814
9,1.9500000000000006,-18.190954773869347,0.23981744291447937
10,1.9500000000000006,-17.98994974874372,0.23139546192351057
11,1.9500000000000006,-17.78894472361809,0.22680735600416868
12,1.9500000000000006,-17.587939698492463,0.22598232750482855
13,1.9500000000000006,-17.386934673366834,0.2277598966106675
14,1.9500000000000006,-17.185929648241206,0.23106991728573795
15,1.9500000000000006,-16.984924623115578,0.23580607708415882
16,1.9500000000000006,-16.78391959798995,0.24216053793532794
17,1.9500000000000006,-16.582914572864322,0.24970668982823016
18,1.9500000000000006,-16.381909547738694,0.25760981616575496
19,1.9500000000000006,-16.180904522613066,0.2650247883928472
20,1.9500000000000006,-15.979899497487438,0.27066897456920597
21,1.9500000000000006,-15.77889447236181,0.27292466114703073
22,1.9500000000000006,-15.577889447236181,0.2709261273293005
23,1.9500000000000006,-15.376884422110553,0.265001363492733
24,1.9500000000000006,-15.175879396984925,0.2560929129764883
25,1.9500000000000006,-14.974874371859297,0.2454469782051158
26,1.9500000000000006,-14.773869346733669,0.23439801711871203
27,1.9500000000000006,-14.57286432160804,0.22392183808159746
28,1.9500000000000006,-14.371859296482413,0.2148862504357753
29,1.9500000000000006,-14.170854271356784,0.20865340061505702
30,1.9500000000000006,-13.969849246231156,0.20700461000913165
31,1.9500000000000006,-13.768844221105528,0.21170874862712522
32,1.9500000000000006,-13.5678391959799,0.22394510714018623
33,1.9500000000000006,-13.366834170854272,0.24392116017124535
34,1.9500000000000006,-13.165829145728644,0.2712350929580291
35,1.9500000000000006,-12.964824120603016,0.3053692710417453
36,1.9500000000000006,-12.763819095477388,0.34572881478468914
37,1.9500000000000006,-12.56281407035176,0.39123958618704485
38,1.9500000000000006,-12.361809045226131,0.4400513223779468
39,1.9500000000000006,-12.160804020100503,0.48993550112878687
40,1.9500000000000006,-11.959798994974873,0.5389262238994613
41,1.9500000000000006,-11.758793969849245,0.5854393404267333
42,1.9500000000000006,-11.557788944723617,0.627922759480393
43,1.9500000000000006,-11.356783919597989,0.664819312280961
44,1.9500000000000006,-11.15577889447236,0.6950331602963314
45,1.9500000000000006,-10.954773869346733,0.7181413932888857
46,1.9500000000000006,-10.753768844221105,0.7340556348209066
47,1.9500000000000006,-10.552763819095476,0.7428300480810597
48,1.9500000000000006,-10.351758793969848,0.7448492849159822
49,1.9500000000000006,-10.15075376884422,0.7408034403924334
50,1.9500000000000006,-9.949748743718592,0.7314095401191604
51,1.9500000000000006,-9.748743718592964,0.7173989824298326
52,1.9500000000000006,-9.547738693467336,0.6995903331782408
53,1.9500000000000006,-9.346733668341708,0.6787989196416504
54,1.9500000000000006,-9.14572864321608,0.6558188473189713
55,1.9500000000000006,-8.944723618090451,0.6314575309912832
56,1.9500000000000006,-8.743718592964823,0.6064756319212325
57,1.9500000000000006,-8.542713567839195,0.5815543039458607
58,1.9500000000000006,-8.341708542713567,0.5572632448855853
59,1.9500000000000006,-8.140703517587939,0.534032308051789
60,1.9500000000000006,-7.939698492462311,0.5121582793889015
61,1.9500000000000006,-7.738693467336683,0.49182654769948564
62,1.9500000000000006,-7.537688442211055,0.47314250868402125
63,1.9500000000000006,-7.3366834170854265,0.4561552303910978
64,1.9500000000000006,-7.135678391959798,0.4408859674644902
65,1.9500000000000006,-6.93467336683417,0.42734599975818655
66,1.9500000000000006,-6.733668341708542,0.4155585561946733
67,1.9500000000000006,-6.532663316582914,0.40555530342168733
68,1.9500000000000006,-6.331658291457286,0.39735344648689036
69,1.9500000000000006,-6.130653266331658,0.3909319863679849
70,1.9500000000000006,-5.92964824120603,0.38624374740355294
71,1.9500000000000006,-5.7286432160804015,0.38326486644581675
72,1.9500000000000006,-5.527638190954773,0.38203140710444167
73,1.9500000000000006,-5.326633165829145,0.382642400847528
74,1.9500000000000006,-5.125628140703517,0.38521697634308655
75,1.9500000000000006,-4.924623115577889,0.3898752388327449
76,1.9500000000000006,-4.723618090452261,0.3967490957469969
77,1.9500000000000006,-4.522613065326633,0.40603932727997033
78,1.9500000000000006,-4.321608040201005,0.418050666812392
79,1.9500000000000006,-4.1206030150753765,0.4331720284904916
80,1.9500000000000006,-3.9195979899497466,0.45182778988266104
81,1.9500000000000006,-3.7185929648241185,0.4744751305565943
82,1.9500000000000006,-3.5175879396984904,0.5016577579688548
83,1.9500000000000006,-3.3165829145728623,0.5339851713961901
84,1.9500000000000006,-3.115577889447234,0.571851236023185
85,1.9500000000000006,-2.914572864321606,0.6148398297182922
86,1.9500000000000006,-2.713567839195978,0.6610959252885982
87,1.9500000000000006,-2.5125628140703498,0.7071351581366893
88,1.9500000000000006,-2.3115577889447216,0.7484156552041836
89,1.9500000000000006,-2.1105527638190935,0.7805553757779383
90,1.9500000000000006,-1.9095477386934654,0.8006421731751264
91,1.9500000000000006,-1.7085427135678373,0.8080491937293408
92,1.9500000000000006,-1.5075376884422091,0.8044559125869654
93,1.9500000000000006,-1.306532663316581,0.7932179964188372
94,1.9500000000000006,-1.105527638190953,0.7784885711710612
95,1.9500000000000006,-0.9045226130653248,0.7644849735203753
96,1.9500000000000006,-0.7035175879396967,0.7551064714075352
97,1.9500000000000006,-0.5025125628140685,0.7539067034782913
98,1.9500000000000006,-0.3015075376884404,0.7642736948492378
99,1.9500000000000006,-0.10050251256281229,0.7894966231614199
100,1.9500000000000006,0.10050251256281584,0.8319256091107146
101,1.9500000000000006,0.30150753768844396,0.8892676461705126
102,1.9500000000000006,0.5025125628140721,0.9452296177222733
103,1.9500000000000006,0.7035175879397002,0.9589366755119133
104,1.9500000000000006,0.9045226130653283,0.8807305695903722
105,1.9500000000000006,1.1055276381909565,0.7122322989281061
106,1.9500000000000006,1.3065326633165846,0.525966442016507
107,1.9500000000000006,1.5075376884422127,0.381999844739419
108,1.9500000000000006,1.7085427135678408,0.2839519634560524
109,1.9500000000000006,1.909547738693469,0.21703855003745576
110,1.9500000000000006,2.110552763819097,0.16994812955683308
111,1.9500000000000006,2.311557788944725,0.13574987374545233
112,1.9500000000000006,2.5125628140703533,0.11022624731887595
113,1.9500000000000006,2.7135678391959814,0.09073268238236289
114,1.9500000000000006,2.9145728643216096,0.07557619347896953
115,1.9500000000000006,3.1155778894472377,0.06350215088782817
116,1.9500000000000006,3.316582914572866,0.05402784640226991
117,1.9500000000000006,3.517587939698494,0.04578562126747677
118,1.9500000000000006,3.718592964824122,0.04035102883977603
119,1.9500000000000006,3.91959798994975,0.032811567928517846
120,1.9500000000000006,4.120603015075378,0.03246417454909411
121,1.9500000000000006,4.321608040201006,0.02409835374721391
122,1.9500000000000006,4.5226130653266345,0.021366178860271742
123,1.9500000000000006,4.723618090452263,0.032034611175947726
124,1.9500000000000006,4.924623115577891,0.009397662449352103
125,1.9500000000000006,5.125628140703519,0.016415810465382902
126,1.9500000000000006,5.326633165829147,0.04934564011370422
127,1.9500000000000006,5.527638190954775,0.024602930429265205
128,1.9500000000000006,5.728643216080403,0.004064511294868548
129,1.9500000000000006,5.929648241206031,0.05642611945444766
130,1.9500000000000006,6.1306532663316595,0.10126413568661215
131,1.9500000000000006,6.331658291457288,0.07386872331722304
132,1.9500000000000006,6.532663316582916,0.041347275015137894
133,1.9500000000000006,6.733668341708544,0.07897360008868184
134,1.9500000000000006,6.934673366834172,0.1574359633747343
135,1.9500000000000006,7.1356783919598,0.1980232441898801
136,1.9500000000000006,7.336683417085428,0.1768743617172962
137,1.9500000000000006,7.537688442211056,0.14049768588368064
138,1.9500000000000006,7.7386934673366845,0.1438039762908485
139,1.9500000000000006,7.939698492462313,0.19652070070538988
140,1.9500000000000006,8.14070351758794,0.26391816732633405
141,1.9500000000000006,8.341708542713569,0.3056648137127216
142,1.9500000000000006,8.542713567839197,0.30675706645879375
143,1.9500000000000006,8.743718592964825,0.2783388759186729
144,1.9500000000000006,8.944723618090453,0.24965707942732243
145,1.9500000000000006,9.145728643216081,0.2465163141980498
146,1.9500000000000006,9.34673366834171,0.2711174496669117
147,1.9500000000000006,9.547738693467338,0.306471868385105
148,1.9500000000000006,9.748743718592966,0.33992336720917377
149,1.9500000000000006,9.949748743718594,0.3705035537800417
150,1.9500000000000006,10.150753768844222,0.38582936558497494
151,1.9500000000000006,10.35175879396985,0.36792213245692806
152,1.9500000000000006,10.552763819095478,0.3281079950683908
153,1.9500000000000006,10.753768844221106,0.30037853640331824
154,1.9500000000000006,10.954773869346734,0.30219850280525135
155,1.9500000000000006,11.155778894472363,0.32082766862536943
156,1.9500000000000006,11.35678391959799,0.3308804559915204
157,1.9500000000000006,11.557788944723619,0.31963500775802245
158,1.9500000000000006,11.758793969849247,0.3016078502901099
159,1.9500000000000006,11.959798994974875,0.30615916617135897
160,1.9500000000000006,12.160804020100507,0.3449924286973449
161,1.9500000000000006,12.361809045226131,0.3931127460246332
162,1.9500000000000006,12.562814070351763,0.41008823149609974
163,1.9500000000000006,12.763819095477388,0.37532686668571436
164,1.9500000000000006,12.96482412060302,0.3047998210378458
165,1.9500000000000006,13.165829145728644,0.2384127245782197
166,1.9500000000000006,13.366834170854275,0.2080433357343675
167,1.9500000000000006,13.5678391959799,0.22396087725255445
168,1.9500000000000006,13.768844221105532,0.2754238124712143
169,1.9500000000000006,13.969849246231156,0.3331117608009532
170,1.9500000000000006,14.170854271356788,0.3681648749430622
171,1.9500000000000006,14.371859296482413,0.3669296964975202
172,1.9500000000000006,14.572864321608044,0.3254090702854768
173,1.9500000000000006,14.773869346733669,0.2534458189981529
174,1.9500000000000006,14.9748743718593,0.18256795980259174
175,1.9500000000000006,15.175879396984925,0.14398470706691668
176,1.9500000000000006,15.376884422110557,0.14582318161459376
177,1.9500000000000006,15.577889447236181,0.18460055695230193
178,1.9500000000000006,15.778894472361813,0.2551645385572087
179,1.9500000000000006,15.979899497487438,0.33593790961404296
180,1.9500000000000006,16.18090452261307,0.39038599327748597
181,1.9500000000000006,16.381909547738694,0.39856762875093327
182,1.9500000000000006,16.582914572864325,0.3705593159610275
183,1.9500000000000006,16.78391959798995,0.3238317071990094
184,1.9500000000000006,16.98492462311558,0.2612361571480041
185,1.9500000000000006,17.185929648241206,0.18273333353571766
186,1.9500000000000006,17.386934673366838,0.10432578171044529
187,1.9500000000000006,17.587939698492463,0.05145940488798282
188,1.9500000000000006,17.788944723618094,0.03803292589673353
189,1.9500000000000006,17.98994974874372,0.055037102413047774
190,1.9500000000000006,18.19095477386935,0.08597796158998694
191,1.9500000000000006,18.391959798994975,0.12711328027583574
192,1.9500000000000006,18.592964824120607,0.1851439538267152
193,1.9500000000000006,18.79396984924623,0.263499207106689
194,1.9500000000000006,18.994974874371863,0.3478696192248165
195,1.9500000000000006,19.195979899497488,0.4062878325726421
196,1.9500000000000006,19.39698492462312,0.41656350686727106
197,1.9500000000000006,19.597989949748744,0.3848119840429667
198,1.9500000000000006,19.798994974874375,0.33184444606868085
199,1.9500000000000006,20.0,0.27813270721079536
