,t,height,fid
0,1.9000000000000008,-20.0,0.2779618251346404
1,1.9000000000000008,-19.798994974874372,0.26080082294299956
2,1.9000000000000008,-19.597989949748744,0.24434736324683645
3,1.9000000000000008,-19.396984924623116,0.23096443286773297
4,1.9000000000000008,-19.195979899497488,0.22213341986859808
5,1.9000000000000008,-18.99497487437186,0.21761980575063888
6,1.9000000000000008,-18.79396984924623,0.21658009938195286
7,1.9000000000000008,-18.592964824120603,0.21852255884585906
8,1.9000000000000008,-18.391959798994975,0.22314086000348765
9,1.9000000000000008,-18.190954773869347,0.2296146671657937
10,1.9000000000000008,-17.98994974874372,0.2366354820135627
11,1.9000000000000008,-17.78894472361809,0.2435442005295729
12,1.9000000000000008,-17.587939698492463,0.25060909081564436
13,1.9000000000000008,-17.386934673366834,0.25792317410741283
14,1.9000000000000008,-17.185929648241206,0.2646643272330493
15,1.9000000000000008,-16.984924623115578,0.26961895509660544
16,1.9000000000000008,-16.78391959798995,0.2718739468451671
17,1.9000000000000008,-16.582914572864322,0.2706069648738732
18,1.9000000000000008,-16.381909547738694,0.2651378096846298
19,1.9000000000000008,-16.180904522613066,0.2557496181014602
20,1.9000000000000008,-15.979899497487438,0.24385914574499237
21,1.9000000000000008,-15.77889447236181,0.23111422164569695
22,1.9000000000000008,-15.577889447236181,0.218859845842351
23,1.9000000000000008,-15.376884422110553,0.20823747010578061
24,1.9000000000000008,-15.175879396984925,0.2001115637056242
25,1.9000000000000008,-14.974874371859297,0.19524941716091243
26,1.9000000000000008,-14.773869346733669,0.19486342402535511
27,1.9000000000000008,-14.57286432160804,0.20046718816190087
28,1.9000000000000008,-14.371859296482413,0.21321593615936296
29,1.9000000000000008,-14.170854271356784,0.23350530477189982
30,1.9000000000000008,-13.969849246231156,0.2608385106459755
31,1.9000000000000008,-13.768844221105528,0.2942116630807369
32,1.9000000000000008,-13.5678391959799,0.3327165348032411
33,1.9000000000000008,-13.366834170854272,0.375553882573173
34,1.9000000000000008,-13.165829145728644,0.42162502723445394
35,1.9000000000000008,-12.964824120603016,0.46921846336419293
36,1.9000000000000008,-12.763819095477388,0.5162756795850874
37,1.9000000000000008,-12.56281407035176,0.5610787072457091
38,1.9000000000000008,-12.361809045226131,0.6025055040598142
39,1.9000000000000008,-12.160804020100503,0.6396734081936603
40,1.9000000000000008,-11.959798994974873,0.6715836679856656
41,1.9000000000000008,-11.758793969849245,0.697375969792052
42,1.9000000000000008,-11.557788944723617,0.7167641784085953
43,1.9000000000000008,-11.356783919597989,0.7299187093422999
44,1.9000000000000008,-11.15577889447236,0.7370253227643907
45,1.9000000000000008,-10.954773869346733,0.7382566782517578
46,1.9000000000000008,-10.753768844221105,0.7340513850734153
47,1.9000000000000008,-10.552763819095476,0.7250392519041781
48,1.9000000000000008,-10.351758793969848,0.7117990204724796
49,1.9000000000000008,-10.15075376884422,0.6949332142311446
50,1.9000000000000008,-9.949748743718592,0.675187388358095
51,1.9000000000000008,-9.748743718592964,0.653324274571035
52,1.9000000000000008,-9.547738693467336,0.6300793107391544
53,1.9000000000000008,-9.346733668341708,0.606184627130003
54,1.9000000000000008,-9.14572864321608,0.5822848547743088
55,1.9000000000000008,-8.944723618090451,0.5588933346796245
56,1.9000000000000008,-8.743718592964823,0.5363959424701443
57,1.9000000000000008,-8.542713567839195,0.5150466026005244
58,1.9000000000000008,-8.341708542713567,0.49500217149610914
59,1.9000000000000008,-8.140703517587939,0.47635734028947896
60,1.9000000000000008,-7.939698492462311,0.45917039164982604
61,1.9000000000000008,-7.738693467336683,0.44347994176081446
62,1.9000000000000008,-7.537688442211055,0.4293162640906906
63,1.9000000000000008,-7.3366834170854265,0.41671255638692717
64,1.9000000000000008,-7.135678391959798,0.40570749856458055
65,1.9000000000000008,-6.93467336683417,0.39633334974353446
66,1.9000000000000008,-6.733668341708542,0.3885908425076123
67,1.9000000000000008,-6.532663316582914,0.3824363982518624
68,1.9000000000000008,-6.331658291457286,0.3778017470477292
69,1.9000000000000008,-6.130653266331658,0.3746552409637432
70,1.9000000000000008,-5.92964824120603,0.37303592291658644
71,1.9000000000000008,-5.7286432160804015,0.37304223960336236
72,1.9000000000000008,-5.527638190954773,0.3747846064941116
73,1.9000000000000008,-5.326633165829145,0.3783525258690579
74,1.9000000000000008,-5.125628140703517,0.38382910028680567
75,1.9000000000000008,-4.924623115577889,0.391342980651219
76,1.9000000000000008,-4.723618090452261,0.4011248328955882
77,1.9000000000000008,-4.522613065326633,0.41349875568872874
78,1.9000000000000008,-4.321608040201005,0.4288354446457751
79,1.9000000000000008,-4.1206030150753765,0.4475086678449667
80,1.9000000000000008,-3.9195979899497466,0.46993097799843314
81,1.9000000000000008,-3.7185929648241185,0.49663952898639085
82,1.9000000000000008,-3.5175879396984904,0.5282759404197084
83,1.9000000000000008,-3.3165829145728623,0.5652911367534714
84,1.9000000000000008,-3.115577889447234,0.6073815114029166
85,1.9000000000000008,-2.914572864321606,0.6529096268888918
86,1.9000000000000008,-2.713567839195978,0.6987191770492756
87,1.9000000000000008,-2.5125628140703498,0.740606379981511
88,1.9000000000000008,-2.3115577889447216,0.7743595701888084
89,1.9000000000000008,-2.1105527638190935,0.7969240722558107
90,1.9000000000000008,-1.9095477386934654,0.8072078769211625
91,1.9000000000000008,-1.7085427135678373,0.8062327864506197
92,1.9000000000000008,-1.5075376884422091,0.796690461854202
93,1.9000000000000008,-1.306532663316581,0.7822012676716771
94,1.9000000000000008,-1.105527638190953,0.7666095750015208
95,1.9000000000000008,-0.9045226130653248,0.7535348082388891
96,1.9000000000000008,-0.7035175879396967,0.7462319248870694
97,1.9000000000000008,-0.5025125628140685,0.7476954538035713
98,1.9000000000000008,-0.3015075376884404,0.7608543055456913
99,1.9000000000000008,-0.10050251256281229,0.788552765929816
100,1.9000000000000008,0.10050251256281584,0.8325455689385206
101,1.9000000000000008,0.30150753768844396,0.8896935253388668
102,1.9000000000000008,0.5025125628140721,0.9431984210199221
103,1.9000000000000008,0.7035175879397002,0.9540738433073158
104,1.9000000000000008,0.9045226130653283,0.877592144950043
105,1.9000000000000008,1.1055276381909565,0.7165721161961024
106,1.9000000000000008,1.3065326633165846,0.5368205766036399
107,1.9000000000000008,1.5075376884422127,0.3945979581289483
108,1.9000000000000008,1.7085427135678408,0.29584921654260304
109,1.9000000000000008,1.909547738693469,0.22763978420169745
110,1.9000000000000008,2.110552763819097,0.1792400387741294
111,1.9000000000000008,2.311557788944725,0.14386867395568032
112,1.9000000000000008,2.5125628140703533,0.11733204480305814
113,1.9000000000000008,2.7135678391959814,0.0969770026477079
114,1.9000000000000008,2.9145728643216096,0.08107086909065812
115,1.9000000000000008,3.1155778894472377,0.0683964387253583
116,1.9000000000000008,3.316582914572866,0.058316766617795716
117,1.9000000000000008,3.517587939698494,0.049744217352807304
118,1.9000000000000008,3.718592964824122,0.04356102438345713
119,1.9000000000000008,3.91959798994975,0.036552955325166246
120,1.9000000000000008,4.120603015075378,0.03381243111144024
121,1.9000000000000008,4.321608040201006,0.02867905712186412
122,1.9000000000000008,4.5226130653266345,0.021798353834543198
123,1.9000000000000008,4.723618090452263,0.031376507850009505
124,1.9000000000000008,4.924623115577891,0.016176336994364954
125,1.9000000000000008,5.125628140703519,0.011231777878324179
126,1.9000000000000008,5.326633165829147,0.04121923099094462
127,1.9000000000000008,5.527638190954775,0.029445795807476784
128,1.9000000000000008,5.728643216080403,0.0004512224900864848
129,1.9000000000000008,5.929648241206031,0.034990959847133934
130,1.9000000000000008,6.1306532663316595,0.0844974339513805
131,1.9000000000000008,6.331658291457288,0.06974921570671397
132,1.9000000000000008,6.532663316582916,0.030947937206521118
133,1.9000000000000008,6.733668341708544,0.05073792859002585
134,1.9000000000000008,6.934673366834172,0.1229918486436586
135,1.9000000000000008,7.1356783919598,0.17280315799041987
136,1.9000000000000008,7.336683417085428,0.1610708915451011
137,1.9000000000000008,7.537688442211056,0.12275373924233791
138,1.9000000000000008,7.7386934673366845,0.11578593979854769
139,1.9000000000000008,7.939698492462313,0.1604926483005304
140,1.9000000000000008,8.14070351758794,0.22913333864235355
141,1.9000000000000008,8.341708542713569,0.27817914442419733
142,1.9000000000000008,8.542713567839197,0.2860046283048023
143,1.9000000000000008,8.743718592964825,0.26226206168630306
144,1.9000000000000008,8.944723618090453,0.2322735266670528
145,1.9000000000000008,9.145728643216081,0.22197995455594322
146,1.9000000000000008,9.34673366834171,0.2431468178061214
147,1.9000000000000008,9.547738693467338,0.2855885149900031
148,1.9000000000000008,9.748743718592966,0.3255985829103952
149,1.9000000000000008,9.949748743718594,0.35072797433380487
150,1.9000000000000008,10.150753768844222,0.3648914360236
151,1.9000000000000008,10.35175879396985,0.36422553932026297
152,1.9000000000000008,10.552763819095478,0.33963524685360885
153,1.9000000000000008,10.753768844221106,0.30255077792696283
154,1.9000000000000008,10.954773869346734,0.28012202807475123
155,1.9000000000000008,11.155778894472363,0.28772818295122465
156,1.9000000000000008,11.35678391959799,0.31589241986164596
157,1.9000000000000008,11.557788944723619,0.3389710060386722
158,1.9000000000000008,11.758793969849247,0.3380722382641313
159,1.9000000000000008,11.959798994974875,0.3215466351776883
160,1.9000000000000008,12.160804020100507,0.3177148388567425
161,1.9000000000000008,12.361809045226131,0.3432981481307718
162,1.9000000000000008,12.562814070351763,0.3818148089027732
163,1.9000000000000008,12.763819095477388,0.39823925362801754
164,1.9000000000000008,12.96482412060302,0.3716502842828883
165,1.9000000000000008,13.165829145728644,0.3105812193412488
166,1.9000000000000008,13.366834170854275,0.24649759560430362
167,1.9000000000000008,13.5678391959799,0.21052182039772463
168,1.9000000000000008,13.768844221105532,0.21605562031254005
169,1.9000000000000008,13.969849246231156,0.25924520394654077
170,1.9000000000000008,14.170854271356788,0.3193939918087146
171,1.9000000000000008,14.371859296482413,0.36600151855689605
172,1.9000000000000008,14.572864321608044,0.37839498123268456
173,1.9000000000000008,14.773869346733669,0.35142538085630326
174,1.9000000000000008,14.9748743718593,0.2903112531195489
175,1.9000000000000008,15.175879396984925,0.21693334646962337
176,1.9000000000000008,15.376884422110557,0.16527219588617295
177,1.9000000000000008,15.577889447236181,0.15457120364548996
178,1.9000000000000008,15.778894472361813,0.1810558327960103
179,1.9000000000000008,15.979899497487438,0.23572031949865546
180,1.9000000000000008,16.18090452261307,0.30749840204210693
181,1.9000000000000008,16.381909547738694,0.37123804306116187
182,1.9000000000000008,16.582914572864325,0.39794382516259824
183,1.9000000000000008,16.78391959798995,0.3807324911151491
184,1.9000000000000008,16.98492462311558,0.33595688880912244
185,1.9000000000000008,17.185929648241206,0.27981696430691466
186,1.9000000000000008,17.386934673366838,0.21453307446612352
187,1.9000000000000008,17.587939698492463,0.1421730487317826
188,1.9000000000000008,17.788944723618094,0.0787797476310109
189,1.9000000000000008,17.98994974874372,0.045570590114466646
190,1.9000000000000008,18.19095477386935,0.050812978965664383
191,1.9000000000000008,18.391959798994975,0.08258038342073154
192,1.9000000000000008,18.592964824120607,0.12411254839444563
193,1.9000000000000008,18.79396984924623,0.17189843702059324
194,1.9000000000000008,18.994974874371863,0.23182196489576332
195,1.9000000000000008,19.195979899497488,0.30550211234858377
196,1.9000000000000008,19.39698492462312,0.3793192384676528
197,1.9000000000000008,19.597989949748744,0.424760508181832
198,1.9000000000000008,19.798994974874375,0.42142936301820977
199,1.9000000000000008,20.0,0.3765026293920379
