,t,height,fid
0,1.2500000000000004,-20.0,0.32393181657208403
1,1.2500000000000004,-19.798994974874372,0.31566935313872674
2,1.2500000000000004,-19.597989949748744,0.30840071416901577
3,1.2500000000000004,-19.396984924623116,0.3018279680915346
4,1.2500000000000004,-19.195979899497488,0.2956525434523325
5,1.2500000000000004,-18.99497487437186,0.28979738929789994
6,1.2500000000000004,-18.79396984924623,0.2844468179954838
7,1.2500000000000004,-18.592964824120603,0.2799021318885019
8,1.2500000000000004,-18.391959798994975,0.27635024067506675
9,1.2500000000000004,-18.190954773869347,0.2737097791919971
10,1.2500000000000004,-17.98994974874372,0.2716814219168368
11,1.2500000000000004,-17.78894472361809,0.2699503140469919
12,1.2500000000000004,-17.587939698492463,0.2683681112319988
13,1.2500000000000004,-17.386934673366834,0.2669723386992666
14,1.2500000000000004,-17.185929648241206,0.2658441903887718
15,1.2500000000000004,-16.984924623115578,0.26495119977581577
16,1.2500000000000004,-16.78391959798995,0.26412986353518497
17,1.2500000000000004,-16.582914572864322,0.2632130538085779
18,1.2500000000000004,-16.381909547738694,0.2621592775440891
19,1.2500000000000004,-16.180904522613066,0.2610491400000675
20,1.2500000000000004,-15.979899497487438,0.2599675071433907
21,1.2500000000000004,-15.77889447236181,0.2589150269196895
22,1.2500000000000004,-15.577889447236181,0.25783880059187625
23,1.2500000000000004,-15.376884422110553,0.25671813044820185
24,1.2500000000000004,-15.175879396984925,0.2555837435243743
25,1.2500000000000004,-14.974874371859297,0.2544577506282816
26,1.2500000000000004,-14.773869346733669,0.2533140686242644
27,1.2500000000000004,-14.57286432160804,0.25211686647997283
28,1.2500000000000004,-14.371859296482413,0.25087708501134187
29,1.2500000000000004,-14.170854271356784,0.24965860696292133
30,1.2500000000000004,-13.969849246231156,0.24855705712951806
31,1.2500000000000004,-13.768844221105528,0.24770522735262637
32,1.2500000000000004,-13.5678391959799,0.2472886847524741
33,1.2500000000000004,-13.366834170854272,0.24752863243691905
34,1.2500000000000004,-13.165829145728644,0.24863926662065428
35,1.2500000000000004,-12.964824120603016,0.2507916786786592
36,1.2500000000000004,-12.763819095477388,0.2540832015666362
37,1.2500000000000004,-12.56281407035176,0.2585044813698497
38,1.2500000000000004,-12.361809045226131,0.2639221287292512
39,1.2500000000000004,-12.160804020100503,0.27009029466905893
40,1.2500000000000004,-11.959798994974873,0.2766854437113667
41,1.2500000000000004,-11.758793969849245,0.28335822694410256
42,1.2500000000000004,-11.557788944723617,0.28979582903878487
43,1.2500000000000004,-11.356783919597989,0.295776964990048
44,1.2500000000000004,-11.15577889447236,0.30120664385222945
45,1.2500000000000004,-10.954773869346733,0.30612483467050533
46,1.2500000000000004,-10.753768844221105,0.3106922805858405
47,1.2500000000000004,-10.552763819095476,0.31516579251432414
48,1.2500000000000004,-10.351758793969848,0.3198778517147231
49,1.2500000000000004,-10.15075376884422,0.3252327987698561
50,1.2500000000000004,-9.949748743718592,0.33170843409248196
51,1.2500000000000004,-9.748743718592964,0.3398564873515521
52,1.2500000000000004,-9.547738693467336,0.350276139394399
53,1.2500000000000004,-9.346733668341708,0.36355345039491593
54,1.2500000000000004,-9.14572864321608,0.3801794058175377
55,1.2500000000000004,-8.944723618090451,0.40046951521639884
56,1.2500000000000004,-8.743718592964823,0.42452019700341154
57,1.2500000000000004,-8.542713567839195,0.45218667632338827
58,1.2500000000000004,-8.341708542713567,0.4830970270588458
59,1.2500000000000004,-8.140703517587939,0.5166645530419816
60,1.2500000000000004,-7.939698492462311,0.5521018569451752
61,1.2500000000000004,-7.738693467336683,0.588455561211826
62,1.2500000000000004,-7.537688442211055,0.6246621933317107
63,1.2500000000000004,-7.3366834170854265,0.659622581944326
64,1.2500000000000004,-7.135678391959798,0.6922752453813735
65,1.2500000000000004,-6.93467336683417,0.7216590088799434
66,1.2500000000000004,-6.733668341708542,0.7469704371717822
67,1.2500000000000004,-6.532663316582914,0.7676000078678582
68,1.2500000000000004,-6.331658291457286,0.7831632148178262
69,1.2500000000000004,-6.130653266331658,0.7935063010202538
70,1.2500000000000004,-5.92964824120603,0.7986976585555957
71,1.2500000000000004,-5.7286432160804015,0.7990034630033709
72,1.2500000000000004,-5.527638190954773,0.7948542587584111
73,1.2500000000000004,-5.326633165829145,0.7868041465518865
74,1.2500000000000004,-5.125628140703517,0.7754881278057013
75,1.2500000000000004,-4.924623115577889,0.7615810893829699
76,1.2500000000000004,-4.723618090452261,0.7457613858530163
77,1.2500000000000004,-4.522613065326633,0.7286813720663725
78,1.2500000000000004,-4.321608040201005,0.7109462075377755
79,1.2500000000000004,-4.1206030150753765,0.6930964252917229
80,1.2500000000000004,-3.9195979899497466,0.675606614185985
81,1.2500000000000004,-3.7185929648241185,0.6588812049153903
82,1.2500000000000004,-3.5175879396984904,0.6432600093926281
83,1.2500000000000004,-3.3165829145728623,0.6290263751851192
84,1.2500000000000004,-3.115577889447234,0.6164176579705715
85,1.2500000000000004,-2.914572864321606,0.6056374103966438
86,1.2500000000000004,-2.713567839195978,0.5968682641525879
87,1.2500000000000004,-2.5125628140703498,0.5902852641715555
88,1.2500000000000004,-2.3115577889447216,0.5860696173634004
89,1.2500000000000004,-2.1105527638190935,0.5844226519501495
90,1.2500000000000004,-1.9095477386934654,0.5855804592116821
91,1.2500000000000004,-1.7085427135678373,0.5898289780380536
92,1.2500000000000004,-1.5075376884422091,0.5975191788696551
93,1.2500000000000004,-1.306532663316581,0.609080205279155
94,1.2500000000000004,-1.105527638190953,0.62502536295251
95,1.2500000000000004,-0.9045226130653248,0.6459381919052432
96,1.2500000000000004,-0.7035175879396967,0.6724111168732829
97,1.2500000000000004,-0.5025125628140685,0.7048816933706771
98,1.2500000000000004,-0.3015075376884404,0.743267973426939
99,1.2500000000000004,-0.10050251256281229,0.7862778237412803
100,1.2500000000000004,0.10050251256281584,0.8303180666024617
101,1.2500000000000004,0.30150753768844396,0.8683370526993501
102,1.2500000000000004,0.5025125628140721,0.8896913482407967
103,1.2500000000000004,0.7035175879397002,0.8827283850997621
104,1.2500000000000004,0.9045226130653283,0.8404717961595842
105,1.2500000000000004,1.1055276381909565,0.7660967423264624
106,1.2500000000000004,1.3065326633165846,0.6727350895929269
107,1.2500000000000004,1.5075376884422127,0.5765412645232044
108,1.2500000000000004,1.7085427135678408,0.48906650739266244
109,1.2500000000000004,1.909547738693469,0.4149023059272687
110,1.2500000000000004,2.110552763819097,0.3539412549415575
111,1.2500000000000004,2.311557788944725,0.30424522453445907
112,1.2500000000000004,2.5125628140703533,0.26362690910686765
113,1.2500000000000004,2.7135678391959814,0.23018739308272046
114,1.2500000000000004,2.9145728643216096,0.20241294752674824
115,1.2500000000000004,3.1155778894472377,0.17913322479345262
116,1.2500000000000004,3.316582914572866,0.15944746372134255
117,1.2500000000000004,3.517587939698494,0.1426642592878236
118,1.2500000000000004,3.718592964824122,0.1282470819028495
119,1.2500000000000004,3.91959798994975,0.1157767754095537
120,1.2500000000000004,4.120603015075378,0.10492213206797697
121,1.2500000000000004,4.321608040201006,0.09541814691695548
122,1.2500000000000004,4.5226130653266345,0.08705493885656265
123,1.2500000000000004,4.723618090452263,0.07965384383854465
124,1.2500000000000004,4.924623115577891,0.07308772889676107
125,1.2500000000000004,5.125628140703519,0.06723417266246504
126,1.2500000000000004,5.326633165829147,0.06194590137120115
127,1.2500000000000004,5.527638190954775,0.0572797263959259
128,1.2500000000000004,5.728643216080403,0.05311315742784361
129,1.2500000000000004,5.929648241206031,0.04900350998862539
130,1.2500000000000004,6.1306532663316595,0.045512757976001836
131,1.2500000000000004,6.331658291457288,0.04310163530794462
132,1.2500000000000004,6.532663316582916,0.03993554417221062
133,1.2500000000000004,6.733668341708544,0.03563851865531522
134,1.2500000000000004,6.934673366834172,0.033842621565513153
135,1.2500000000000004,7.1356783919598,0.0349979633586401
136,1.2500000000000004,7.336683417085428,0.0330370540462272
137,1.2500000000000004,7.537688442211056,0.025690734311079162
138,1.2500000000000004,7.7386934673366845,0.020864365945209188
139,1.2500000000000004,7.939698492462313,0.025593250598648604
140,1.2500000000000004,8.14070351758794,0.033965674536290485
141,1.2500000000000004,8.341708542713569,0.033284355711385015
142,1.2500000000000004,8.542713567839197,0.020586544519990722
143,1.2500000000000004,8.743718592964825,0.0076631690448718615
144,1.2500000000000004,8.944723618090453,0.00871340478296802
145,1.2500000000000004,9.145728643216081,0.02541498083223795
146,1.2500000000000004,9.34673366834171,0.04498593321647221
147,1.2500000000000004,9.547738693467338,0.05168404892636354
148,1.2500000000000004,9.748743718592966,0.039962833727367225
149,1.2500000000000004,9.949748743718594,0.01836307649545782
150,1.2500000000000004,10.150753768844222,0.0026861365763040535
151,1.2500000000000004,10.35175879396985,0.0050551576031265776
152,1.2500000000000004,10.552763819095478,0.02673720701183717
153,1.2500000000000004,10.753768844221106,0.05837560740030839
154,1.2500000000000004,10.954773869346734,0.08603500039520952
155,1.2500000000000004,11.155778894472363,0.09864732612335045
156,1.2500000000000004,11.35678391959799,0.0928641701668388
157,1.2500000000000004,11.557788944723619,0.07361018087846166
158,1.2500000000000004,11.758793969849247,0.05099704808052792
159,1.2500000000000004,11.959798994974875,0.03571435446109457
160,1.2500000000000004,12.160804020100507,0.03504382925209708
161,1.2500000000000004,12.361809045226131,0.05080103636415683
162,1.2500000000000004,12.562814070351763,0.07951387511809394
163,1.2500000000000004,12.763819095477388,0.11419791028004973
164,1.2500000000000004,12.96482412060302,0.1467537191858008
165,1.2500000000000004,13.165829145728644,0.17046532708611617
166,1.2500000000000004,13.366834170854275,0.1818213578391588
167,1.2500000000000004,13.5678391959799,0.1806844997568318
168,1.2500000000000004,13.768844221105532,0.16934386740546342
169,1.2500000000000004,13.969849246231156,0.15183125381354767
170,1.2500000000000004,14.170854271356788,0.13340048070768804
171,1.2500000000000004,14.371859296482413,0.11930963663708913
172,1.2500000000000004,14.572864321608044,0.11335381493984065
173,1.2500000000000004,14.773869346733669,0.117129383054641
174,1.2500000000000004,14.9748743718593,0.13001188794677387
175,1.2500000000000004,15.175879396984925,0.1495354671057448
176,1.2500000000000004,15.376884422110557,0.17247565184890357
177,1.2500000000000004,15.577889447236181,0.196403320312903
178,1.2500000000000004,15.778894472361813,0.22028484801989426
179,1.2500000000000004,15.979899497487438,0.24322672051583372
180,1.2500000000000004,16.18090452261307,0.26274325891304984
181,1.2500000000000004,16.381909547738694,0.27486623838469715
182,1.2500000000000004,16.582914572864325,0.27654717286410385
183,1.2500000000000004,16.78391959798995,0.2682269199923768
184,1.2500000000000004,16.98492462311558,0.25410387497727366
185,1.2500000000000004,17.185929648241206,0.23980048442230814
186,1.2500000000000004,17.386934673366838,0.2293598421004086
187,1.2500000000000004,17.587939698492463,0.22367858131330173
188,1.2500000000000004,17.788944723618094,0.22102657609387316
189,1.2500000000000004,17.98994974874372,0.21877657629215297
190,1.2500000000000004,18.19095477386935,0.21498902036917486
191,1.2500000000000004,18.391959798994975,0.20919932514126047
192,1.2500000000000004,18.592964824120607,0.2025921844481522
193,1.2500000000000004,18.79396984924623,0.19777857135993035
194,1.2500000000000004,18.994974874371863,0.19808752167171273
195,1.2500000000000004,19.195979899497488,0.2064489865985382
196,1.2500000000000004,19.39698492462312,0.2241950282324796
197,1.2500000000000004,19.597989949748744,0.2500361613962209
198,1.2500000000000004,19.798994974874375,0.27962093968671603
199,1.2500000000000004,20.0,0.3064384509554855
