,t,height,fid
0,1.3000000000000005,-20.0,0.41106780344047106
1,1.3000000000000005,-19.798994974874372,0.4046020749955257
2,1.3000000000000005,-19.597989949748744,0.39717621276200826
3,1.3000000000000005,-19.396984924623116,0.3887287334393346
4,1.3000000000000005,-19.195979899497488,0.37959010331572646
5,1.3000000000000005,-18.99497487437186,0.3702974182959833
6,1.3000000000000005,-18.79396984924623,0.3612908122236465
7,1.3000000000000005,-18.592964824120603,0.3526792026305135
8,1.3000000000000005,-18.391959798994975,0.3442665523006015
9,1.3000000000000005,-18.190954773869347,0.33579710634823356
10,1.3000000000000005,-17.98994974874372,0.3272158946090753
11,1.3000000000000005,-17.78894472361809,0.3187703296400098
12,1.3000000000000005,-17.587939698492463,0.31087530719679657
13,1.3000000000000005,-17.386934673366834,0.3038478864036676
14,1.3000000000000005,-17.185929648241206,0.29773257659832486
15,1.3000000000000005,-16.984924623115578,0.29235988018333087
16,1.3000000000000005,-16.78391959798995,0.28755786436769887
17,1.3000000000000005,-16.582914572864322,0.28331311104779167
18,1.3000000000000005,-16.381909547738694,0.27973421751499017
19,1.3000000000000005,-16.180904522613066,0.2768757836657528
20,1.3000000000000005,-15.979899497487438,0.2746262161076342
21,1.3000000000000005,-15.77889447236181,0.2727770883779148
22,1.3000000000000005,-15.577889447236181,0.27118064205243897
23,1.3000000000000005,-15.376884422110553,0.26981378801648565
24,1.3000000000000005,-15.175879396984925,0.2686942622301843
25,1.3000000000000005,-14.974874371859297,0.2677825347473874
26,1.3000000000000005,-14.773869346733669,0.26699675507539744
27,1.3000000000000005,-14.57286432160804,0.2662942572311497
28,1.3000000000000005,-14.371859296482413,0.265687597165546
29,1.3000000000000005,-14.170854271356784,0.265179387707724
30,1.3000000000000005,-13.969849246231156,0.2647210805304334
31,1.3000000000000005,-13.768844221105528,0.26424669216940233
32,1.3000000000000005,-13.5678391959799,0.26370995925141605
33,1.3000000000000005,-13.366834170854272,0.2630793284330055
34,1.3000000000000005,-13.165829145728644,0.2623358731226585
35,1.3000000000000005,-12.964824120603016,0.26150745557136024
36,1.3000000000000005,-12.763819095477388,0.2606972922228376
37,1.3000000000000005,-12.56281407035176,0.2600805693941995
38,1.3000000000000005,-12.361809045226131,0.25988926526881745
39,1.3000000000000005,-12.160804020100503,0.26038989820923886
40,1.3000000000000005,-11.959798994974873,0.26183901939261967
41,1.3000000000000005,-11.758793969849245,0.26442830334711614
42,1.3000000000000005,-11.557788944723617,0.26823837342290685
43,1.3000000000000005,-11.356783919597989,0.2732134520032171
44,1.3000000000000005,-11.15577889447236,0.2791613712249599
45,1.3000000000000005,-10.954773869346733,0.2857891311917345
46,1.3000000000000005,-10.753768844221105,0.29276289976873476
47,1.3000000000000005,-10.552763819095476,0.29977513778856946
48,1.3000000000000005,-10.351758793969848,0.3066029936960315
49,1.3000000000000005,-10.15075376884422,0.31314018847597
50,1.3000000000000005,-9.949748743718592,0.3194050232846509
51,1.3000000000000005,-9.748743718592964,0.3255360645635359
52,1.3000000000000005,-9.547738693467336,0.3317860295251705
53,1.3000000000000005,-9.346733668341708,0.3385296021537552
54,1.3000000000000005,-9.14572864321608,0.34627185077251715
55,1.3000000000000005,-8.944723618090451,0.35563670021935384
56,1.3000000000000005,-8.743718592964823,0.3673186315379698
57,1.3000000000000005,-8.542713567839195,0.38199027462151686
58,1.3000000000000005,-8.341708542713567,0.4002075909139537
59,1.3000000000000005,-8.140703517587939,0.422323155103319
60,1.3000000000000005,-7.939698492462311,0.44842826867948044
61,1.3000000000000005,-7.738693467336683,0.47832983661065037
62,1.3000000000000005,-7.537688442211055,0.511543676605867
63,1.3000000000000005,-7.3366834170854265,0.54729313679238
64,1.3000000000000005,-7.135678391959798,0.5845526420219935
65,1.3000000000000005,-6.93467336683417,0.6221173448295815
66,1.3000000000000005,-6.733668341708542,0.6586956924217561
67,1.3000000000000005,-6.532663316582914,0.6930070161703421
68,1.3000000000000005,-6.331658291457286,0.7238727476224313
69,1.3000000000000005,-6.130653266331658,0.7503030057744695
70,1.3000000000000005,-5.92964824120603,0.7715535492183192
71,1.3000000000000005,-5.7286432160804015,0.7871681753081036
72,1.3000000000000005,-5.527638190954773,0.7969872372909234
73,1.3000000000000005,-5.326633165829145,0.8011342379696358
74,1.3000000000000005,-5.125628140703517,0.7999796101099725
75,1.3000000000000005,-4.924623115577889,0.7940914565939596
76,1.3000000000000005,-4.723618090452261,0.7841775553296119
77,1.3000000000000005,-4.522613065326633,0.771026709383629
78,1.3000000000000005,-4.321608040201005,0.7554549887962909
79,1.3000000000000005,-4.1206030150753765,0.7382604325528421
80,1.3000000000000005,-3.9195979899497466,0.7201892433689634
81,1.3000000000000005,-3.7185929648241185,0.7019141168148282
82,1.3000000000000005,-3.5175879396984904,0.6840199168061382
83,1.3000000000000005,-3.3165829145728623,0.6670072017610594
84,1.3000000000000005,-3.115577889447234,0.6512947002439108
85,1.3000000000000005,-2.914572864321606,0.6372316270260606
86,1.3000000000000005,-2.713567839195978,0.6251128164246742
87,1.3000000000000005,-2.5125628140703498,0.6151958998974936
88,1.3000000000000005,-2.3115577889447216,0.6077198392357872
89,1.3000000000000005,-2.1105527638190935,0.6029240729429182
90,1.3000000000000005,-1.9095477386934654,0.6010682220172637
91,1.3000000000000005,-1.7085427135678373,0.6024523448666111
92,1.3000000000000005,-1.5075376884422091,0.6074374454307636
93,1.3000000000000005,-1.306532663316581,0.6164648376088937
94,1.3000000000000005,-1.105527638190953,0.6300702529249366
95,1.3000000000000005,-0.9045226130653248,0.648881279932399
96,1.3000000000000005,-0.7035175879396967,0.6735719654546725
97,1.3000000000000005,-0.5025125628140685,0.7047190403682437
98,1.3000000000000005,-0.3015075376884404,0.7424509893040341
99,1.3000000000000005,-0.10050251256281229,0.7857319827097382
100,1.3000000000000005,0.10050251256281584,0.8311368346706349
101,1.3000000000000005,0.30150753768844396,0.8713848182726625
102,1.3000000000000005,0.5025125628140721,0.8948372760557145
103,1.3000000000000005,0.7035175879397002,0.888146092405387
104,1.3000000000000005,0.9045226130653283,0.8429616036997533
105,1.3000000000000005,1.1055276381909565,0.7628216696868212
106,1.3000000000000005,1.3065326633165846,0.6630304026418963
107,1.3000000000000005,1.5075376884422127,0.5619712008538736
108,1.3000000000000005,1.7085427135678408,0.47194311416397056
109,1.3000000000000005,1.909547738693469,0.39702873847257975
110,1.3000000000000005,2.110552763819097,0.3363549086222609
111,1.3000000000000005,2.311557788944725,0.2874439851164949
112,1.3000000000000005,2.5125628140703533,0.24781069341101283
113,1.3000000000000005,2.7135678391959814,0.21540548545838678
114,1.3000000000000005,2.9145728643216096,0.18864257607239282
115,1.3000000000000005,3.1155778894472377,0.16631824118705832
116,1.3000000000000005,3.316582914572866,0.14752036731280643
117,1.3000000000000005,3.517587939698494,0.1315548300151996
118,1.3000000000000005,3.718592964824122,0.11788736559020857
119,1.3000000000000005,3.91959798994975,0.10610423918536645
120,1.3000000000000005,4.120603015075378,0.09587659646631448
121,1.3000000000000005,4.321608040201006,0.08694938703346511
122,1.3000000000000005,4.5226130653266345,0.07911253125029245
123,1.3000000000000005,4.723618090452263,0.07219384591942271
124,1.3000000000000005,4.924623115577891,0.0660919461309795
125,1.3000000000000005,5.125628140703519,0.060609150575508364
126,1.3000000000000005,5.326633165829147,0.05571048474572427
127,1.3000000000000005,5.527638190954775,0.05153713785272689
128,1.3000000000000005,5.728643216080403,0.04744068758481625
129,1.3000000000000005,5.929648241206031,0.04349692483351821
130,1.3000000000000005,6.1306532663316595,0.0411285399041022
131,1.3000000000000005,6.331658291457288,0.03877803898567662
132,1.3000000000000005,6.532663316582916,0.03404905638812441
133,1.3000000000000005,6.733668341708544,0.03079497856041087
134,1.3000000000000005,6.934673366834172,0.03264317182854079
135,1.3000000000000005,7.1356783919598,0.03317990885712956
136,1.3000000000000005,7.336683417085428,0.025794483796312353
137,1.3000000000000005,7.537688442211056,0.017665231763931515
138,1.3000000000000005,7.7386934673366845,0.020713694384267532
139,1.3000000000000005,7.939698492462313,0.032301726161380676
140,1.3000000000000005,8.14070351758794,0.03646881016799429
141,1.3000000000000005,8.341708542713569,0.024669584080226632
142,1.3000000000000005,8.542713567839197,0.007648825880201745
143,1.3000000000000005,8.743718592964825,0.004071805930102109
144,1.3000000000000005,8.944723618090453,0.02064310722692102
145,1.3000000000000005,9.145728643216081,0.04540308394976144
146,1.3000000000000005,9.34673366834171,0.05899521875934681
147,1.3000000000000005,9.547738693467338,0.051269937821779646
148,1.3000000000000005,9.748743718592966,0.028690065297785925
149,1.3000000000000005,9.949748743718594,0.0085112629663056
150,1.3000000000000005,10.150753768844222,0.0063316819957181586
151,1.3000000000000005,10.35175879396985,0.026528644825140845
152,1.3000000000000005,10.552763819095478,0.06086809130444833
153,1.3000000000000005,10.753768844221106,0.09434952755994296
154,1.3000000000000005,10.954773869346734,0.11356806081965568
155,1.3000000000000005,11.155778894472363,0.1128536195241794
156,1.3000000000000005,11.35678391959799,0.09573915996350126
157,1.3000000000000005,11.557788944723619,0.07220001427162495
158,1.3000000000000005,11.758793969849247,0.05387621626089714
159,1.3000000000000005,11.959798994974875,0.04954384740871054
160,1.3000000000000005,12.160804020100507,0.06244797390109031
161,1.3000000000000005,12.361809045226131,0.09002829810057758
162,1.3000000000000005,12.562814070351763,0.1254731182047173
163,1.3000000000000005,12.763819095477388,0.1605001661250096
164,1.3000000000000005,12.96482412060302,0.18816258322269036
165,1.3000000000000005,13.165829145728644,0.20409012076463187
166,1.3000000000000005,13.366834170854275,0.2065715319610865
167,1.3000000000000005,13.5678391959799,0.19701998965926767
168,1.3000000000000005,13.768844221105532,0.18008841460460076
169,1.3000000000000005,13.969849246231156,0.16191515424355948
170,1.3000000000000005,14.170854271356788,0.14762596692571064
171,1.3000000000000005,14.371859296482413,0.14019409984839687
172,1.3000000000000005,14.572864321608044,0.14068921366700635
173,1.3000000000000005,14.773869346733669,0.14884917742224857
174,1.3000000000000005,14.9748743718593,0.1638094754118609
175,1.3000000000000005,15.175879396984925,0.1848229612415669
176,1.3000000000000005,15.376884422110557,0.21093032636391923
177,1.3000000000000005,15.577889447236181,0.23941972601261724
178,1.3000000000000005,15.778894472361813,0.26505499479853484
179,1.3000000000000005,15.979899497487438,0.2820055498207153
180,1.3000000000000005,16.18090452261307,0.28750737418559297
181,1.3000000000000005,16.381909547738694,0.28390826607304825
182,1.3000000000000005,16.582914572864325,0.2769779823525643
183,1.3000000000000005,16.78391959798995,0.2718206393514913
184,1.3000000000000005,16.98492462311558,0.26968319210363156
185,1.3000000000000005,17.185929648241206,0.26790954856935895
186,1.3000000000000005,17.386934673366838,0.2625615196148576
187,1.3000000000000005,17.587939698492463,0.2513431263855392
188,1.3000000000000005,17.788944723618094,0.23501509016477698
189,1.3000000000000005,17.98994974874372,0.2171062318976478
190,1.3000000000000005,18.19095477386935,0.20250680984923136
191,1.3000000000000005,18.391959798994975,0.19577319814771216
192,1.3000000000000005,18.592964824120607,0.1998808976483604
193,1.3000000000000005,18.79396984924623,0.21546647173331054
194,1.3000000000000005,18.994974874371863,0.24021566834151606
195,1.3000000000000005,19.195979899497488,0.2688223744335234
196,1.3000000000000005,19.39698492462312,0.29435825784474573
197,1.3000000000000005,19.597989949748744,0.3106243989385993
198,1.3000000000000005,19.798994974874375,0.31400325241524185
199,1.3000000000000005,20.0,0.30436440818995025
