,t,height,fid
0,1.4000000000000006,-20.0,0.5960113092911355
1,1.4000000000000006,-19.798994974874372,0.5837512268048266
2,1.4000000000000006,-19.597989949748744,0.5717151281572512
3,1.4000000000000006,-19.396984924623116,0.5593875979961899
4,1.4000000000000006,-19.195979899497488,0.5462691783814824
5,1.4000000000000006,-18.99497487437186,0.5321401775345153
6,1.4000000000000006,-18.79396984924623,0.5173066433468747
7,1.4000000000000006,-18.592964824120603,0.5025551829521656
8,1.4000000000000006,-18.391959798994975,0.4887203702037948
9,1.4000000000000006,-18.190954773869347,0.47624344043031414
10,1.4000000000000006,-17.98994974874372,0.4650406476909034
11,1.4000000000000006,-17.78894472361809,0.4546501259150654
12,1.4000000000000006,-17.587939698492463,0.4445752416429589
13,1.4000000000000006,-17.386934673366834,0.43464005267420724
14,1.4000000000000006,-17.185929648241206,0.42507079308923446
15,1.4000000000000006,-16.984924623115578,0.41621798142679156
16,1.4000000000000006,-16.78391959798995,0.4082047022132151
17,1.4000000000000006,-16.582914572864322,0.4007749049582011
18,1.4000000000000006,-16.381909547738694,0.39345870608839134
19,1.4000000000000006,-16.180904522613066,0.38591608079915213
20,1.4000000000000006,-15.979899497487438,0.37813606920001963
21,1.4000000000000006,-15.77889447236181,0.37031892350207607
22,1.4000000000000006,-15.577889447236181,0.36260044485902543
23,1.4000000000000006,-15.376884422110553,0.3549180472673823
24,1.4000000000000006,-15.175879396984925,0.34714416405801607
25,1.4000000000000006,-14.974874371859297,0.3393077250030249
26,1.4000000000000006,-14.773869346733669,0.33162615557707364
27,1.4000000000000006,-14.57286432160804,0.3243291061960154
28,1.4000000000000006,-14.371859296482413,0.31751096614865737
29,1.4000000000000006,-14.170854271356784,0.31117804503890245
30,1.4000000000000006,-13.969849246231156,0.30538122823242053
31,1.4000000000000006,-13.768844221105528,0.3002178601200328
32,1.4000000000000006,-13.5678391959799,0.295730497481316
33,1.4000000000000006,-13.366834170854272,0.29187888572150755
34,1.4000000000000006,-13.165829145728644,0.28861781767112593
35,1.4000000000000006,-12.964824120603016,0.28594066462532375
36,1.4000000000000006,-12.763819095477388,0.28384044040420153
37,1.4000000000000006,-12.56281407035176,0.2822875806667418
38,1.4000000000000006,-12.361809045226131,0.281254474870179
39,1.4000000000000006,-12.160804020100503,0.280713285288742
40,1.4000000000000006,-11.959798994974873,0.2806023172109053
41,1.4000000000000006,-11.758793969849245,0.28081899075564215
42,1.4000000000000006,-11.557788944723617,0.28123543434492426
43,1.4000000000000006,-11.356783919597989,0.28171440359549527
44,1.4000000000000006,-11.15577889447236,0.28214108679995736
45,1.4000000000000006,-10.954773869346733,0.28246992192828513
46,1.4000000000000006,-10.753768844221105,0.2827602299248594
47,1.4000000000000006,-10.552763819095476,0.28318935676802826
48,1.4000000000000006,-10.351758793969848,0.28403402417704665
49,1.4000000000000006,-10.15075376884422,0.2856167560167341
50,1.4000000000000006,-9.949748743718592,0.2882300628431095
51,1.4000000000000006,-9.748743718592964,0.29206480300237564
52,1.4000000000000006,-9.547738693467336,0.2971660407002725
53,1.4000000000000006,-9.346733668341708,0.3034338900865766
54,1.4000000000000006,-9.14572864321608,0.3106628991869605
55,1.4000000000000006,-8.944723618090451,0.3186033891053711
56,1.4000000000000006,-8.743718592964823,0.3270195947768272
57,1.4000000000000006,-8.542713567839195,0.3357398316053038
58,1.4000000000000006,-8.341708542713567,0.34469554913678235
59,1.4000000000000006,-8.140703517587939,0.3539725076575557
60,1.4000000000000006,-7.939698492462311,0.3638603012624273
61,1.4000000000000006,-7.738693467336683,0.37487507696018063
62,1.4000000000000006,-7.537688442211055,0.38772558403210144
63,1.4000000000000006,-7.3366834170854265,0.4032262945126554
64,1.4000000000000006,-7.135678391959798,0.42215743837291336
65,1.4000000000000006,-6.93467336683417,0.44513230068110404
66,1.4000000000000006,-6.733668341708542,0.4724696678238585
67,1.4000000000000006,-6.532663316582914,0.504091385699319
68,1.4000000000000006,-6.331658291457286,0.5394626000047487
69,1.4000000000000006,-6.130653266331658,0.5775903030082982
70,1.4000000000000006,-5.92964824120603,0.6170951685211782
71,1.4000000000000006,-5.7286432160804015,0.656335704375063
72,1.4000000000000006,-5.527638190954773,0.693569769884172
73,1.4000000000000006,-5.326633165829145,0.727129381584119
74,1.4000000000000006,-5.125628140703517,0.7555869896735222
75,1.4000000000000006,-4.924623115577889,0.7778784591603334
76,1.4000000000000006,-4.723618090452261,0.7933839480713523
77,1.4000000000000006,-4.522613065326633,0.8019486301557416
78,1.4000000000000006,-4.321608040201005,0.803852131154495
79,1.4000000000000006,-4.1206030150753765,0.7997367974523624
80,1.4000000000000006,-3.9195979899497466,0.7905109730681956
81,1.4000000000000006,-3.7185929648241185,0.7772434635675248
82,1.4000000000000006,-3.5175879396984904,0.7610647293783096
83,1.4000000000000006,-3.3165829145728623,0.7430843872908134
84,1.4000000000000006,-3.115577889447234,0.7243316850503932
85,1.4000000000000006,-2.914572864321606,0.7057207801108036
86,1.4000000000000006,-2.713567839195978,0.6880337730225848
87,1.4000000000000006,-2.5125628140703498,0.6719305724899439
88,1.4000000000000006,-2.3115577889447216,0.6579631998673479
89,1.4000000000000006,-2.1105527638190935,0.6466034096728426
90,1.4000000000000006,-1.9095477386934654,0.6382749380433029
91,1.4000000000000006,-1.7085427135678373,0.6333884984785348
92,1.4000000000000006,-1.5075376884422091,0.6323785041769902
93,1.4000000000000006,-1.306532663316581,0.6357397444827603
94,1.4000000000000006,-1.105527638190953,0.6440616622510718
95,1.4000000000000006,-0.9045226130653248,0.6580517964134316
96,1.4000000000000006,-0.7035175879396967,0.6785262752993709
97,1.4000000000000006,-0.5025125628140685,0.7063146888269156
98,1.4000000000000006,-0.3015075376884404,0.74195903789784
99,1.4000000000000006,-0.10050251256281229,0.7849916834633938
100,1.4000000000000006,0.10050251256281584,0.8324937632142861
101,1.4000000000000006,0.30150753768844396,0.8769820922015626
102,1.4000000000000006,0.5025125628140721,0.9049290690368238
103,1.4000000000000006,0.7035175879397002,0.8992292651850085
104,1.4000000000000006,0.9045226130653283,0.8481640767918438
105,1.4000000000000006,1.1055276381909565,0.7559738648338402
106,1.4000000000000006,1.3065326633165846,0.6430798808755998
107,1.4000000000000006,1.5075376884422127,0.532814853057676
108,1.4000000000000006,1.7085427135678408,0.43860715064146455
109,1.4000000000000006,1.909547738693469,0.36301196850958867
110,1.4000000000000006,2.110552763819097,0.3034487849762
111,1.4000000000000006,2.311557788944725,0.25641060379671954
112,1.4000000000000006,2.5125628140703533,0.2188929450932717
113,1.4000000000000006,2.7135678391959814,0.18860399722240823
114,1.4000000000000006,2.9145728643216096,0.16385145029837656
115,1.4000000000000006,3.1155778894472377,0.1433906163334522
116,1.4000000000000006,3.316582914572866,0.12630055160859088
117,1.4000000000000006,3.517587939698494,0.11189138100704447
118,1.4000000000000006,3.718592964824122,0.09963914861183212
119,1.4000000000000006,3.91959798994975,0.0891396781632267
120,1.4000000000000006,4.120603015075378,0.08008281171557988
121,1.4000000000000006,4.321608040201006,0.07222430115362292
122,1.4000000000000006,4.5226130653266345,0.06533703141408134
123,1.4000000000000006,4.723618090452263,0.0593715281655513
124,1.4000000000000006,4.924623115577891,0.053998970765004456
125,1.4000000000000006,5.125628140703519,0.04918974189220988
126,1.4000000000000006,5.326633165829147,0.045475980993332825
127,1.4000000000000006,5.527638190954775,0.04133329105561016
128,1.4000000000000006,5.728643216080403,0.037137918455449795
129,1.4000000000000006,5.929648241206031,0.03609077001611932
130,1.4000000000000006,6.1306532663316595,0.03412112762475025
131,1.4000000000000006,6.331658291457288,0.02729871523426584
132,1.4000000000000006,6.532663316582916,0.024757178655205617
133,1.4000000000000006,6.733668341708544,0.0308481911795881
134,1.4000000000000006,6.934673366834172,0.03143839319249243
135,1.4000000000000006,7.1356783919598,0.018877361572097375
136,1.4000000000000006,7.336683417085428,0.009830878196645862
137,1.4000000000000006,7.537688442211056,0.02029189050124023
138,1.4000000000000006,7.7386934673366845,0.038923956418811106
139,1.4000000000000006,7.939698492462313,0.04106257868377486
140,1.4000000000000006,8.14070351758794,0.021576640490595454
141,1.4000000000000006,8.341708542713569,0.0019617695190638678
142,1.4000000000000006,8.542713567839197,0.005979586358167946
143,1.4000000000000006,8.743718592964825,0.034891520694182825
144,1.4000000000000006,8.944723618090453,0.06735211424432697
145,1.4000000000000006,9.145728643216081,0.07970484108164355
146,1.4000000000000006,9.34673366834171,0.0653553519161028
147,1.4000000000000006,9.547738693467338,0.038023781776539145
148,1.4000000000000006,9.748743718592966,0.019955733686981773
149,1.4000000000000006,9.949748743718594,0.026511964463999428
150,1.4000000000000006,10.150753768844222,0.0578005083115193
151,1.4000000000000006,10.35175879396985,0.1006512593710666
152,1.4000000000000006,10.552763819095478,0.13736751603154085
153,1.4000000000000006,10.753768844221106,0.1549448562842103
154,1.4000000000000006,10.954773869346734,0.15024815338152703
155,1.4000000000000006,11.155778894472363,0.12994700003632728
156,1.4000000000000006,11.35678391959799,0.1061371747617564
157,1.4000000000000006,11.557788944723619,0.0907002275234051
158,1.4000000000000006,11.758793969849247,0.0912403867591379
159,1.4000000000000006,11.959798994974875,0.10933972397826845
160,1.4000000000000006,12.160804020100507,0.1411855132221916
161,1.4000000000000006,12.361809045226131,0.17934784728120773
162,1.4000000000000006,12.562814070351763,0.2146957692855169
163,1.4000000000000006,12.763819095477388,0.2396612503207265
164,1.4000000000000006,12.96482412060302,0.2515938204870094
165,1.4000000000000006,13.165829145728644,0.2521475774530131
166,1.4000000000000006,13.366834170854275,0.2436564737657114
167,1.4000000000000006,13.5678391959799,0.2279969828312869
168,1.4000000000000006,13.768844221105532,0.208650652239076
169,1.4000000000000006,13.969849246231156,0.1914848432155988
170,1.4000000000000006,14.170854271356788,0.18249927117299972
171,1.4000000000000006,14.371859296482413,0.18510529558991232
172,1.4000000000000006,14.572864321608044,0.19885798051459982
173,1.4000000000000006,14.773869346733669,0.21951963102432961
174,1.4000000000000006,14.9748743718593,0.24068839366077185
175,1.4000000000000006,15.175879396984925,0.2573459962961793
176,1.4000000000000006,15.376884422110557,0.269277352824134
177,1.4000000000000006,15.577889447236181,0.28091372038671436
178,1.4000000000000006,15.778894472361813,0.29680642519555506
179,1.4000000000000006,15.979899497487438,0.3163789636425874
180,1.4000000000000006,16.18090452261307,0.3328799722295873
181,1.4000000000000006,16.381909547738694,0.33758399137019734
182,1.4000000000000006,16.582914572864325,0.32574720473441143
183,1.4000000000000006,16.78391959798995,0.30010112638056563
184,1.4000000000000006,16.98492462311558,0.2695551885965926
185,1.4000000000000006,17.185929648241206,0.24438232788507747
186,1.4000000000000006,17.386934673366838,0.23177049384150566
187,1.4000000000000006,17.587939698492463,0.2337993285692764
188,1.4000000000000006,17.788944723618094,0.24736789913328353
189,1.4000000000000006,17.98994974874372,0.26585212944564246
190,1.4000000000000006,18.19095477386935,0.28200680678857376
191,1.4000000000000006,18.391959798994975,0.2901914502517174
192,1.4000000000000006,18.592964824120607,0.2871183282574506
193,1.4000000000000006,18.79396984924623,0.2726387229600467
194,1.4000000000000006,18.994974874371863,0.25096151841488246
195,1.4000000000000006,19.195979899497488,0.22997393743504085
196,1.4000000000000006,19.39698492462312,0.21780635268373524
197,1.4000000000000006,19.597989949748744,0.2197107492946732
198,1.4000000000000006,19.798994974874375,0.2376330312011965
199,1.4000000000000006,20.0,0.2704064331075523
