,t,height,fid
0,1.0500000000000003,-20.0,0.2027545361484025
1,1.0500000000000003,-19.798994974874372,0.20487371048904546
2,1.0500000000000003,-19.597989949748744,0.20726682238853744
3,1.0500000000000003,-19.396984924623116,0.20995504696482067
4,1.0500000000000003,-19.195979899497488,0.21302603572372109
5,1.0500000000000003,-18.99497487437186,0.21656402761511273
6,1.0500000000000003,-18.79396984924623,0.22057871505301954
7,1.0500000000000003,-18.592964824120603,0.2249898375868842
8,1.0500000000000003,-18.391959798994975,0.2296701752880342
9,1.0500000000000003,-18.190954773869347,0.23449549495137947
10,1.0500000000000003,-17.98994974874372,0.2393514993745407
11,1.0500000000000003,-17.78894472361809,0.24410020350084838
12,1.0500000000000003,-17.587939698492463,0.24855375015408063
13,1.0500000000000003,-17.386934673366834,0.25249253911781105
14,1.0500000000000003,-17.185929648241206,0.25571535804542245
15,1.0500000000000003,-16.984924623115578,0.25807679697028013
16,1.0500000000000003,-16.78391959798995,0.25949278966522454
17,1.0500000000000003,-16.582914572864322,0.25993603930449544
18,1.0500000000000003,-16.381909547738694,0.25944750936325345
19,1.0500000000000003,-16.180904522613066,0.258157891079045
20,1.0500000000000003,-15.979899497487438,0.25629270483238686
21,1.0500000000000003,-15.77889447236181,0.25415231710183395
22,1.0500000000000003,-15.577889447236181,0.25208412892138593
23,1.0500000000000003,-15.376884422110553,0.25045909025792507
24,1.0500000000000003,-15.175879396984925,0.24964777041315606
25,1.0500000000000003,-14.974874371859297,0.24999073560337517
26,1.0500000000000003,-14.773869346733669,0.2517737466294959
27,1.0500000000000003,-14.57286432160804,0.25521625057060937
28,1.0500000000000003,-14.371859296482413,0.260473881587346
29,1.0500000000000003,-14.170854271356784,0.26765075700015845
30,1.0500000000000003,-13.969849246231156,0.2768188095918691
31,1.0500000000000003,-13.768844221105528,0.28804037118634074
32,1.0500000000000003,-13.5678391959799,0.3013851921210737
33,1.0500000000000003,-13.366834170854272,0.316933762912787
34,1.0500000000000003,-13.165829145728644,0.3347638794684229
35,1.0500000000000003,-12.964824120603016,0.35492450786412516
36,1.0500000000000003,-12.763819095477388,0.377396007909952
37,1.0500000000000003,-12.56281407035176,0.40205524968162243
38,1.0500000000000003,-12.361809045226131,0.42866193977550937
39,1.0500000000000003,-12.160804020100503,0.45685376228481983
40,1.0500000000000003,-11.959798994974873,0.48618124367708865
41,1.0500000000000003,-11.758793969849245,0.5161519336521775
42,1.0500000000000003,-11.557788944723617,0.5462749370787592
43,1.0500000000000003,-11.356783919597989,0.5760957994735602
44,1.0500000000000003,-11.15577889447236,0.6052040192171328
45,1.0500000000000003,-10.954773869346733,0.6332200649985806
46,1.0500000000000003,-10.753768844221105,0.6597730711767787
47,1.0500000000000003,-10.552763819095476,0.6844906024682322
48,1.0500000000000003,-10.351758793969848,0.7070089794728973
49,1.0500000000000003,-10.15075376884422,0.7270006604995123
50,1.0500000000000003,-9.949748743718592,0.744211063954254
51,1.0500000000000003,-9.748743718592964,0.7584712253165687
52,1.0500000000000003,-9.547738693467336,0.7696974635255246
53,1.0500000000000003,-9.346733668341708,0.7778733821765655
54,1.0500000000000003,-9.14572864321608,0.7830346535414866
55,1.0500000000000003,-8.944723618090451,0.7852637091528488
56,1.0500000000000003,-8.743718592964823,0.7846928131575495
57,1.0500000000000003,-8.542713567839195,0.7815041710045346
58,1.0500000000000003,-8.341708542713567,0.7759214670861952
59,1.0500000000000003,-8.140703517587939,0.7681967391325791
60,1.0500000000000003,-7.939698492462311,0.7585990066497708
61,1.0500000000000003,-7.738693467336683,0.7474066194662682
62,1.0500000000000003,-7.537688442211055,0.7349011797884115
63,1.0500000000000003,-7.3366834170854265,0.7213608126168857
64,1.0500000000000003,-7.135678391959798,0.7070545165263239
65,1.0500000000000003,-6.93467336683417,0.6922337623499967
66,1.0500000000000003,-6.733668341708542,0.6771342849365303
67,1.0500000000000003,-6.532663316582914,0.6619702191022657
68,1.0500000000000003,-6.331658291457286,0.646933647107003
69,1.0500000000000003,-6.130653266331658,0.6321941910091806
70,1.0500000000000003,-5.92964824120603,0.6178995276900976
71,1.0500000000000003,-5.7286432160804015,0.6041765245084355
72,1.0500000000000003,-5.527638190954773,0.5911329132424269
73,1.0500000000000003,-5.326633165829145,0.5788594525531331
74,1.0500000000000003,-5.125628140703517,0.5674322035576297
75,1.0500000000000003,-4.924623115577889,0.5569151461301297
76,1.0500000000000003,-4.723618090452261,0.547362731565007
77,1.0500000000000003,-4.522613065326633,0.5388225667571134
78,1.0500000000000003,-4.321608040201005,0.5313380603358984
79,1.0500000000000003,-4.1206030150753765,0.5249509990662089
80,1.0500000000000003,-3.9195979899497466,0.5197042308656504
81,1.0500000000000003,-3.7185929648241185,0.5156442189774008
82,1.0500000000000003,-3.5175879396984904,0.5128238430860963
83,1.0500000000000003,-3.3165829145728623,0.5113052155511849
84,1.0500000000000003,-3.115577889447234,0.5111627482040789
85,1.0500000000000003,-2.914572864321606,0.5124865346500487
86,1.0500000000000003,-2.713567839195978,0.5153861143385914
87,1.0500000000000003,-2.5125628140703498,0.5199947198240601
88,1.0500000000000003,-2.3115577889447216,0.5264739508130826
89,1.0500000000000003,-2.1105527638190935,0.5350188517227951
90,1.0500000000000003,-1.9095477386934654,0.5458628334291357
91,1.0500000000000003,-1.7085427135678373,0.5592815639381642
92,1.0500000000000003,-1.5075376884422091,0.5755935747046657
93,1.0500000000000003,-1.306532663316581,0.5951533119996026
94,1.0500000000000003,-1.105527638190953,0.6183282745530396
95,1.0500000000000003,-0.9045226130653248,0.6454454469709126
96,1.0500000000000003,-0.7035175879396967,0.6766819884665815
97,1.0500000000000003,-0.5025125628140685,0.7118639992822964
98,1.0500000000000003,-0.3015075376884404,0.7501348614245242
99,1.0500000000000003,-0.10050251256281229,0.7894941860004226
100,1.0500000000000003,0.10050251256281584,0.8263030615756509
101,1.0500000000000003,0.30150753768844396,0.8550897982183479
102,1.0500000000000003,0.5025125628140721,0.8691446823049845
103,1.0500000000000003,0.7035175879397002,0.8622725360957879
104,1.0500000000000003,0.9045226130653283,0.8313247580295883
105,1.0500000000000003,1.1055276381909565,0.7781390903637003
106,1.0500000000000003,1.3065326633165846,0.7093465801610767
107,1.0500000000000003,1.5075376884422127,0.6338442758707352
108,1.0500000000000003,1.7085427135678408,0.559570889205005
109,1.0500000000000003,1.909547738693469,0.49155787766914955
110,1.0500000000000003,2.110552763819097,0.4318745949117729
111,1.0500000000000003,2.311557788944725,0.38062972934693895
112,1.0500000000000003,2.5125628140703533,0.337004902115156
113,1.0500000000000003,2.7135678391959814,0.2999070117402831
114,1.0500000000000003,2.9145728643216096,0.2682673445485335
115,1.0500000000000003,3.1155778894472377,0.24115219185259787
116,1.0500000000000003,3.316582914572866,0.21778234161025914
117,1.0500000000000003,3.517587939698494,0.19752117735691666
118,1.0500000000000003,3.718592964824122,0.1798533461374397
119,1.0500000000000003,3.91959798994975,0.16435932095916345
120,1.0500000000000003,4.120603015075378,0.15070041465928014
121,1.0500000000000003,4.321608040201006,0.13859970571557562
122,1.0500000000000003,4.5226130653266345,0.1278300190935893
123,1.0500000000000003,4.723618090452263,0.11820385013903346
124,1.0500000000000003,4.924623115577891,0.10956623502604779
125,1.0500000000000003,5.125628140703519,0.10178595907507015
126,1.0500000000000003,5.326633165829147,0.09475382047776552
127,1.0500000000000003,5.527638190954775,0.08837912197784475
128,1.0500000000000003,5.728643216080403,0.08258011388478968
129,1.0500000000000003,5.929648241206031,0.07728946982947812
130,1.0500000000000003,6.1306532663316595,0.07246393394580974
131,1.0500000000000003,6.331658291457288,0.06803881246215258
132,1.0500000000000003,6.532663316582916,0.06393316365720796
133,1.0500000000000003,6.733668341708544,0.06018083365210773
134,1.0500000000000003,6.934673366834172,0.05683104724633896
135,1.0500000000000003,7.1356783919598,0.053649096509300366
136,1.0500000000000003,7.336683417085428,0.050417688211788575
137,1.0500000000000003,7.537688442211056,0.047560301523767286
138,1.0500000000000003,7.7386934673366845,0.045567789872647826
139,1.0500000000000003,7.939698492462313,0.04374203831658084
140,1.0500000000000003,8.14070351758794,0.040817818880313585
141,1.0500000000000003,8.341708542713569,0.03722216951090022
142,1.0500000000000003,8.542713567839197,0.0352420443743475
143,1.0500000000000003,8.743718592964825,0.035930334986607235
144,1.0500000000000003,8.944723618090453,0.03686111803693687
145,1.0500000000000003,9.145728643216081,0.034405045489249254
146,1.0500000000000003,9.34673366834171,0.02824283915245113
147,1.0500000000000003,9.547738693467338,0.022617922692420103
148,1.0500000000000003,9.748743718592966,0.022487344831113715
149,1.0500000000000003,9.949748743718594,0.028454424050927647
150,1.0500000000000003,10.150753768844222,0.03558151020037632
151,1.0500000000000003,10.35175879396985,0.0372111902873619
152,1.0500000000000003,10.552763819095478,0.030357344186973955
153,1.0500000000000003,10.753768844221106,0.018232392089740607
154,1.0500000000000003,10.954773869346734,0.008194551606080272
155,1.0500000000000003,11.155778894472363,0.006932249071086001
156,1.0500000000000003,11.35678391959799,0.016309064461381667
157,1.0500000000000003,11.557788944723619,0.03233878495069558
158,1.0500000000000003,11.758793969849247,0.047496401125804125
159,1.0500000000000003,11.959798994974875,0.054677342786400226
160,1.0500000000000003,12.160804020100507,0.05057507086156501
161,1.0500000000000003,12.361809045226131,0.036958406402802034
162,1.0500000000000003,12.562814070351763,0.01960476215261778
163,1.0500000000000003,12.763819095477388,0.0057269499114830395
164,1.0500000000000003,12.96482412060302,0.0011596396454377925
165,1.0500000000000003,13.165829145728644,0.008412391264514875
166,1.0500000000000003,13.366834170854275,0.026118217918303457
167,1.0500000000000003,13.5678391959799,0.049823180891716334
168,1.0500000000000003,13.768844221105532,0.07361544290440264
169,1.0500000000000003,13.969849246231156,0.09193650195440334
170,1.0500000000000003,14.170854271356788,0.10102569294403078
171,1.0500000000000003,14.371859296482413,0.09969170769576301
172,1.0500000000000003,14.572864321608044,0.08933715186985815
173,1.0500000000000003,14.773869346733669,0.07332207243868587
174,1.0500000000000003,14.9748743718593,0.055973782669071534
175,1.0500000000000003,15.175879396984925,0.041592326430029684
176,1.0500000000000003,15.376884422110557,0.03361837584295901
177,1.0500000000000003,15.577889447236181,0.0340680287720325
178,1.0500000000000003,15.778894472361813,0.0433318377565171
179,1.0500000000000003,15.979899497487438,0.060329562251216946
180,1.0500000000000003,16.18090452261307,0.08282472323117894
181,1.0500000000000003,16.381909547738694,0.10781193405722511
182,1.0500000000000003,16.582914572864325,0.132087911424902
183,1.0500000000000003,16.78391959798995,0.1529650754725044
184,1.0500000000000003,16.98492462311558,0.16873200527962665
185,1.0500000000000003,17.185929648241206,0.17856093962049954
186,1.0500000000000003,17.386934673366838,0.18210906885697742
187,1.0500000000000003,17.587939698492463,0.1793804562031576
188,1.0500000000000003,17.788944723618094,0.17101379966912633
189,1.0500000000000003,17.98994974874372,0.15859166749706913
190,1.0500000000000003,18.19095477386935,0.14446381551561338
191,1.0500000000000003,18.391959798994975,0.1311031124711102
192,1.0500000000000003,18.592964824120607,0.120446332422248
193,1.0500000000000003,18.79396984924623,0.11361473537949499
194,1.0500000000000003,18.994974874371863,0.11100158171133753
195,1.0500000000000003,19.195979899497488,0.11247444048036558
196,1.0500000000000003,19.39698492462312,0.11753158750552233
197,1.0500000000000003,19.597989949748744,0.12548488016362558
198,1.0500000000000003,19.798994974874375,0.1357500154746728
199,1.0500000000000003,20.0,0.14814185699629678
