,t,height,fid
0,1.6500000000000006,-20.0,0.15005655975027835
1,1.6500000000000006,-19.798994974874372,0.1614405909178761
2,1.6500000000000006,-19.597989949748744,0.17611220028879876
3,1.6500000000000006,-19.396984924623116,0.19380444000671693
4,1.6500000000000006,-19.195979899497488,0.21429035648701128
5,1.6500000000000006,-18.99497487437186,0.2373686466523733
6,1.6500000000000006,-18.79396984924623,0.2632475764678634
7,1.6500000000000006,-18.592964824120603,0.2924778998424601
8,1.6500000000000006,-18.391959798994975,0.32521712253916873
9,1.6500000000000006,-18.190954773869347,0.36073451247786587
10,1.6500000000000006,-17.98994974874372,0.3977634424778406
11,1.6500000000000006,-17.78894472361809,0.4350041229019468
12,1.6500000000000006,-17.587939698492463,0.47124216225322163
13,1.6500000000000006,-17.386934673366834,0.5055786795211705
14,1.6500000000000006,-17.185929648241206,0.5378367258988442
15,1.6500000000000006,-16.984924623115578,0.5683555819139358
16,1.6500000000000006,-16.78391959798995,0.5972387600580624
17,1.6500000000000006,-16.582914572864322,0.6239918344166019
18,1.6500000000000006,-16.381909547738694,0.6476965465996343
19,1.6500000000000006,-16.180904522613066,0.6673023998528524
20,1.6500000000000006,-15.979899497487438,0.6821302175208621
21,1.6500000000000006,-15.77889447236181,0.6923337487439836
22,1.6500000000000006,-15.577889447236181,0.6986732748231395
23,1.6500000000000006,-15.376884422110553,0.7018692539551176
24,1.6500000000000006,-15.175879396984925,0.7021820149828436
25,1.6500000000000006,-14.974874371859297,0.6994194813625155
26,1.6500000000000006,-14.773869346733669,0.6934110116256984
27,1.6500000000000006,-14.57286432160804,0.6845214028343908
28,1.6500000000000006,-14.371859296482413,0.6735925069657445
29,1.6500000000000006,-14.170854271356784,0.6614191328995702
30,1.6500000000000006,-13.969849246231156,0.6483148560336228
31,1.6500000000000006,-13.768844221105528,0.6342093428726414
32,1.6500000000000006,-13.5678391959799,0.619124188746066
33,1.6500000000000006,-13.366834170854272,0.6033906547169466
34,1.6500000000000006,-13.165829145728644,0.587373540840615
35,1.6500000000000006,-12.964824120603016,0.5711413681876668
36,1.6500000000000006,-12.763819095477388,0.5545644052270899
37,1.6500000000000006,-12.56281407035176,0.5376565466826605
38,1.6500000000000006,-12.361809045226131,0.5206379395233608
39,1.6500000000000006,-12.160804020100503,0.5037068480581438
40,1.6500000000000006,-11.959798994974873,0.4869661141348306
41,1.6500000000000006,-11.758793969849245,0.4705829875106933
42,1.6500000000000006,-11.557788944723617,0.4548193685965393
43,1.6500000000000006,-11.356783919597989,0.4398896208261835
44,1.6500000000000006,-11.15577889447236,0.42591398485973
45,1.6500000000000006,-10.954773869346733,0.41298813565267295
46,1.6500000000000006,-10.753768844221105,0.4011616460282088
47,1.6500000000000006,-10.552763819095476,0.3904070445024426
48,1.6500000000000006,-10.351758793969848,0.3806664713388704
49,1.6500000000000006,-10.15075376884422,0.37187255313375883
50,1.6500000000000006,-9.949748743718592,0.36395347351736035
51,1.6500000000000006,-9.748743718592964,0.3568407333579309
52,1.6500000000000006,-9.547738693467336,0.3504722722752193
53,1.6500000000000006,-9.346733668341708,0.34478956134488903
54,1.6500000000000006,-9.14572864321608,0.3397522319909238
55,1.6500000000000006,-8.944723618090451,0.3353561564163508
56,1.6500000000000006,-8.743718592964823,0.33165587288482057
57,1.6500000000000006,-8.542713567839195,0.32876282347784364
58,1.6500000000000006,-8.341708542713567,0.3268142349912125
59,1.6500000000000006,-8.140703517587939,0.3259159348614988
60,1.6500000000000006,-7.939698492462311,0.32608800913106095
61,1.6500000000000006,-7.738693467336683,0.3272523181438847
62,1.6500000000000006,-7.537688442211055,0.3292793565908996
63,1.6500000000000006,-7.3366834170854265,0.3320711917142632
64,1.6500000000000006,-7.135678391959798,0.33563603711968615
65,1.6500000000000006,-6.93467336683417,0.34011213063040396
66,1.6500000000000006,-6.733668341708542,0.3457376285983553
67,1.6500000000000006,-6.532663316582914,0.35278625691485366
68,1.6500000000000006,-6.331658291457286,0.36149460115343435
69,1.6500000000000006,-6.130653266331658,0.3720060150057122
70,1.6500000000000006,-5.92964824120603,0.38435822632882427
71,1.6500000000000006,-5.7286432160804015,0.39856040105185214
72,1.6500000000000006,-5.527638190954773,0.41472535779896846
73,1.6500000000000006,-5.326633165829145,0.43320066505754873
74,1.6500000000000006,-5.125628140703517,0.45462398518922054
75,1.6500000000000006,-4.924623115577889,0.47982877153762404
76,1.6500000000000006,-4.723618090452261,0.5095910782657727
77,1.6500000000000006,-4.522613065326633,0.5442700282048898
78,1.6500000000000006,-4.321608040201005,0.5834671724639764
79,1.6500000000000006,-4.1206030150753765,0.6258297160566992
80,1.6500000000000006,-3.9195979899497466,0.6690982420515776
81,1.6500000000000006,-3.7185929648241185,0.7104131242971429
82,1.6500000000000006,-3.5175879396984904,0.746803957097243
83,1.6500000000000006,-3.3165829145728623,0.7757292084357519
84,1.6500000000000006,-3.115577889447234,0.79550588055622
85,1.6500000000000006,-2.914572864321606,0.8055428152993314
86,1.6500000000000006,-2.713567839195978,0.8063334843795796
87,1.6500000000000006,-2.5125628140703498,0.7992553034456479
88,1.6500000000000006,-2.3115577889447216,0.7862591034328957
89,1.6500000000000006,-2.1105527638190935,0.7695441229772799
90,1.6500000000000006,-1.9095477386934654,0.7512907386642184
91,1.6500000000000006,-1.7085427135678373,0.73348946662285
92,1.6500000000000006,-1.5075376884422091,0.717872069097535
93,1.6500000000000006,-1.306532663316581,0.7059235319565881
94,1.6500000000000006,-1.105527638190953,0.6989628294417901
95,1.6500000000000006,-0.9045226130653248,0.6982486072383649
96,1.6500000000000006,-0.7035175879396967,0.7050951946499047
97,1.6500000000000006,-0.5025125628140685,0.720949544487588
98,1.6500000000000006,-0.3015075376884404,0.7473256303935073
99,1.6500000000000006,-0.10050251256281229,0.7853032152487734
100,1.6500000000000006,0.10050251256281584,0.8339834150616036
101,1.6500000000000006,0.30150753768844396,0.8869992277385275
102,1.6500000000000006,0.5025125628140721,0.9274965488491874
103,1.6500000000000006,0.7035175879397002,0.9274435247797341
104,1.6500000000000006,0.9045226130653283,0.8622988175621272
105,1.6500000000000006,1.1055276381909565,0.7372586654742949
106,1.6500000000000006,1.3065326633165846,0.5908381404155023
107,1.6500000000000006,1.5075376884422127,0.46138118832613
108,1.6500000000000006,1.7085427135678408,0.3618717107668154
109,1.6500000000000006,1.909547738693469,0.28830122690960835
110,1.6500000000000006,2.110552763819097,0.233615652071453
111,1.6500000000000006,2.311557788944725,0.19224124496310432
112,1.6500000000000006,2.5125628140703533,0.1603231695237323
113,1.6500000000000006,2.7135678391959814,0.13524894218176378
114,1.6500000000000006,2.9145728643216096,0.11523105107977799
115,1.6500000000000006,3.1155778894472377,0.09902400080311918
116,1.6500000000000006,3.316582914572866,0.08573207354272566
117,1.6500000000000006,3.517587939698494,0.07473132705673077
118,1.6500000000000006,3.718592964824122,0.06548412828243297
119,1.6500000000000006,3.91959798994975,0.05779022159836216
120,1.6500000000000006,4.120603015075378,0.05101195345370198
121,1.6500000000000006,4.321608040201006,0.04554720429225675
122,1.6500000000000006,4.5226130653266345,0.04083454957916126
123,1.6500000000000006,4.723618090452263,0.03528415007284122
124,1.6500000000000006,4.924623115577891,0.03433510793281337
125,1.6500000000000006,5.125628140703519,0.0298398105714369
126,1.6500000000000006,5.326633165829147,0.02226112779472018
127,1.6500000000000006,5.527638190954775,0.028742182215350104
128,1.6500000000000006,5.728643216080403,0.029345831514831694
129,1.6500000000000006,5.929648241206031,0.011704090025980772
130,1.6500000000000006,6.1306532663316595,0.012998633489624933
131,1.6500000000000006,6.331658291457288,0.03799241571001868
132,1.6500000000000006,6.532663316582916,0.03978743555190262
133,1.6500000000000006,6.733668341708544,0.011204411506883916
134,1.6500000000000006,6.934673366834172,0.0024253887223041988
135,1.6500000000000006,7.1356783919598,0.03779995163011818
136,1.6500000000000006,7.336683417085428,0.07860867479735323
137,1.6500000000000006,7.537688442211056,0.07965597517494855
138,1.6500000000000006,7.7386934673366845,0.04684870019659073
139,1.6500000000000006,7.939698492462313,0.025324827204192997
140,1.6500000000000006,8.14070351758794,0.047150537854177825
141,1.6500000000000006,8.341708542713569,0.10193802397465088
142,1.6500000000000006,8.542713567839197,0.15220374537448123
143,1.6500000000000006,8.743718592964825,0.16820276718710087
144,1.6500000000000006,8.944723618090453,0.1490778646352245
145,1.6500000000000006,9.145728643216081,0.11826770244202356
146,1.6500000000000006,9.34673366834171,0.10360750786094351
147,1.6500000000000006,9.547738693467338,0.11976085774737338
148,1.6500000000000006,9.748743718592966,0.16257604778130133
149,1.6500000000000006,9.949748743718594,0.21451545326118115
150,1.6500000000000006,10.150753768844222,0.2552111091103636
151,1.6500000000000006,10.35175879396985,0.27311081047142166
152,1.6500000000000006,10.552763819095478,0.2689363419860274
153,1.6500000000000006,10.753768844221106,0.24946175082942554
154,1.6500000000000006,10.954773869346734,0.22475736470694851
155,1.6500000000000006,11.155778894472363,0.20767350963431877
156,1.6500000000000006,11.35678391959799,0.20813949956217173
157,1.6500000000000006,11.557788944723619,0.2275116131956699
158,1.6500000000000006,11.758793969849247,0.2575677953875029
159,1.6500000000000006,11.959798994974875,0.28592241256602136
160,1.6500000000000006,12.160804020100507,0.3068456167292792
161,1.6500000000000006,12.361809045226131,0.3247829526429696
162,1.6500000000000006,12.562814070351763,0.34311031164378875
163,1.6500000000000006,12.763819095477388,0.3539487577810083
164,1.6500000000000006,12.96482412060302,0.34540597346002716
165,1.6500000000000006,13.165829145728644,0.31687003167361893
166,1.6500000000000006,13.366834170854275,0.2825206650006197
167,1.6500000000000006,13.5678391959799,0.26030795434977866
168,1.6500000000000006,13.768844221105532,0.25935900232377784
169,1.6500000000000006,13.969849246231156,0.2761929610729658
170,1.6500000000000006,14.170854271356788,0.2984429402934135
171,1.6500000000000006,14.371859296482413,0.3118275264165919
172,1.6500000000000006,14.572864321608044,0.30815318768500594
173,1.6500000000000006,14.773869346733669,0.29014529877307316
174,1.6500000000000006,14.9748743718593,0.2708622445250894
175,1.6500000000000006,15.175879396984925,0.2672383231336111
176,1.6500000000000006,15.376884422110557,0.28838840458047676
177,1.6500000000000006,15.577889447236181,0.3285377780599471
178,1.6500000000000006,15.778894472361813,0.3711547539351697
179,1.6500000000000006,15.979899497487438,0.3965552841392592
180,1.6500000000000006,16.18090452261307,0.39007081139403554
181,1.6500000000000006,16.381909547738694,0.3513323340218932
182,1.6500000000000006,16.582914572864325,0.2943570873250542
183,1.6500000000000006,16.78391959798995,0.23678258519203502
184,1.6500000000000006,16.98492462311558,0.19295403651769127
185,1.6500000000000006,17.185929648241206,0.17417877355986477
186,1.6500000000000006,17.386934673366838,0.18560673209669418
187,1.6500000000000006,17.587939698492463,0.22105199699578873
188,1.6500000000000006,17.788944723618094,0.26658384489423104
189,1.6500000000000006,17.98994974874372,0.3104709172456089
190,1.6500000000000006,18.19095477386935,0.34606648033245474
191,1.6500000000000006,18.391959798994975,0.36623609660375733
192,1.6500000000000006,18.592964824120607,0.3615053361041318
193,1.6500000000000006,18.79396984924623,0.32794350214559426
194,1.6500000000000006,18.994974874371863,0.2744221810863605
195,1.6500000000000006,19.195979899497488,0.2174242650520116
196,1.6500000000000006,19.39698492462312,0.16930660693680555
197,1.6500000000000006,19.597989949748744,0.13384002073778853
198,1.6500000000000006,19.798994974874375,0.11265457501120145
199,1.6500000000000006,20.0,0.11237007273172091
