,t,height,fid
0,1.3500000000000005,-20.0,0.4784811380020241
1,1.3500000000000005,-19.798994974874372,0.4676955651955685
2,1.3500000000000005,-19.597989949748744,0.4573776796421325
3,1.3500000000000005,-19.396984924623116,0.4481610788330483
4,1.3500000000000005,-19.195979899497488,0.44027259902902754
5,1.3500000000000005,-18.99497487437186,0.4333999648928009
6,1.3500000000000005,-18.79396984924623,0.4269068558321314
7,1.3500000000000005,-18.592964824120603,0.4201756344864833
8,1.3500000000000005,-18.391959798994975,0.4128958887726921
9,1.3500000000000005,-18.190954773869347,0.40518580266721116
10,1.3500000000000005,-17.98994974874372,0.3974268223932336
11,1.3500000000000005,-17.78894472361809,0.38990940847545746
12,1.3500000000000005,-17.587939698492463,0.38259650443203613
13,1.3500000000000005,-17.386934673366834,0.375165994101718
14,1.3500000000000005,-17.185929648241206,0.36728682171443033
15,1.3500000000000005,-16.984924623115578,0.3588898891147556
16,1.3500000000000005,-16.78391959798995,0.3502401603193082
17,1.3500000000000005,-16.582914572864322,0.3417255516683541
18,1.3500000000000005,-16.381909547738694,0.333584565895594
19,1.3500000000000005,-16.180904522613066,0.3258211616546134
20,1.3500000000000005,-15.979899497487438,0.31835838436263203
21,1.3500000000000005,-15.77889447236181,0.31124520697087155
22,1.3500000000000005,-15.577889447236181,0.30468804602035693
23,1.3500000000000005,-15.376884422110553,0.29888240580509506
24,1.3500000000000005,-15.175879396984925,0.29385731816512733
25,1.3500000000000005,-14.974874371859297,0.289506815507527
26,1.3500000000000005,-14.773869346733669,0.28574241814511553
27,1.3500000000000005,-14.57286432160804,0.28255894907521556
28,1.3500000000000005,-14.371859296482413,0.27995656182340894
29,1.3500000000000005,-14.170854271356784,0.2778641686444711
30,1.3500000000000005,-13.969849246231156,0.2761813294612431
31,1.3500000000000005,-13.768844221105528,0.27485909795700825
32,1.3500000000000005,-13.5678391959799,0.273891834044732
33,1.3500000000000005,-13.366834170854272,0.2732545399495489
34,1.3500000000000005,-13.165829145728644,0.27289059042317904
35,1.3500000000000005,-12.964824120603016,0.2727406125642667
36,1.3500000000000005,-12.763819095477388,0.27273916278808774
37,1.3500000000000005,-12.56281407035176,0.2727941945050945
38,1.3500000000000005,-12.361809045226131,0.27280445367576256
39,1.3500000000000005,-12.160804020100503,0.27269819664174805
40,1.3500000000000005,-11.959798994974873,0.27245803823004194
41,1.3500000000000005,-11.758793969849245,0.2721435862207107
42,1.3500000000000005,-11.557788944723617,0.2719107227101997
43,1.3500000000000005,-11.356783919597989,0.27200500136677686
44,1.3500000000000005,-11.15577889447236,0.2727243558119006
45,1.3500000000000005,-10.954773869346733,0.2743642966552913
46,1.3500000000000005,-10.753768844221105,0.2771524664889125
47,1.3500000000000005,-10.552763819095476,0.2811924918570051
48,1.3500000000000005,-10.351758793969848,0.2864373428289453
49,1.3500000000000005,-10.15075376884422,0.2927022204951572
50,1.3500000000000005,-9.949748743718592,0.29971258197396045
51,1.3500000000000005,-9.748743718592964,0.3071717543105963
52,1.3500000000000005,-9.547738693467336,0.3148242639981434
53,1.3500000000000005,-9.346733668341708,0.322500249288789
54,1.3500000000000005,-9.14572864321608,0.33014108562089756
55,1.3500000000000005,-8.944723618090451,0.33781440456324224
56,1.3500000000000005,-8.743718592964823,0.3457385131588015
57,1.3500000000000005,-8.542713567839195,0.354307395198115
58,1.3500000000000005,-8.341708542713567,0.36409539933014246
59,1.3500000000000005,-8.140703517587939,0.37581844690596344
60,1.3500000000000005,-7.939698492462311,0.3902427656896579
61,1.3500000000000005,-7.738693467336683,0.408073580869431
62,1.3500000000000005,-7.537688442211055,0.42983493054278393
63,1.3500000000000005,-7.3366834170854265,0.4557849202526922
64,1.3500000000000005,-7.135678391959798,0.48584977111782557
65,1.3500000000000005,-6.93467336683417,0.5195846598721462
66,1.3500000000000005,-6.733668341708542,0.5561685988840334
67,1.3500000000000005,-6.532663316582914,0.5944534666244149
68,1.3500000000000005,-6.331658291457286,0.6330544148901193
69,1.3500000000000005,-6.130653266331658,0.6704676660570739
70,1.3500000000000005,-5.92964824120603,0.7052018488505688
71,1.3500000000000005,-5.7286432160804015,0.7359042477274567
72,1.3500000000000005,-5.527638190954773,0.7614751815364383
73,1.3500000000000005,-5.326633165829145,0.7811406291964037
74,1.3500000000000005,-5.125628140703517,0.7944973494656864
75,1.3500000000000005,-4.924623115577889,0.8015131629845924
76,1.3500000000000005,-4.723618090452261,0.8024944085751033
77,1.3500000000000005,-4.522613065326633,0.7980266814606691
78,1.3500000000000005,-4.321608040201005,0.7888998790778956
79,1.3500000000000005,-4.1206030150753765,0.776028664115913
80,1.3500000000000005,-3.9195979899497466,0.7603774265680435
81,1.3500000000000005,-3.7185929648241185,0.7428969852690782
82,1.3500000000000005,-3.5175879396984904,0.7244774545433963
83,1.3500000000000005,-3.3165829145728623,0.7059184821023332
84,1.3500000000000005,-3.115577889447234,0.6879115124402772
85,1.3500000000000005,-2.914572864321606,0.6710444020134112
86,1.3500000000000005,-2.713567839195978,0.6558077337477417
87,1.3500000000000005,-2.5125628140703498,0.6426128866575826
88,1.3500000000000005,-2.3115577889447216,0.6318139844126537
89,1.3500000000000005,-2.1105527638190935,0.6237326537136895
90,1.3500000000000005,-1.9095477386934654,0.6186841757554586
91,1.3500000000000005,-1.7085427135678373,0.6170046886714725
92,1.3500000000000005,-1.5075376884422091,0.6190787919899685
93,1.3500000000000005,-1.306532663316581,0.6253665792546932
94,1.3500000000000005,-1.105527638190953,0.6364268906775226
95,1.3500000000000005,-0.9045226130653248,0.6529271694899526
96,1.3500000000000005,-0.7035175879396967,0.6756151643459488
97,1.3500000000000005,-0.5025125628140685,0.7051981587069848
98,1.3500000000000005,-0.3015075376884404,0.7420134452111595
99,1.3500000000000005,-0.10050251256281229,0.7853018678301009
100,1.3500000000000005,0.10050251256281584,0.8318644526104086
101,1.3500000000000005,0.30150753768844396,0.8742748285790338
102,1.3500000000000005,0.5025125628140721,0.8999270285402111
103,1.3500000000000005,0.7035175879397002,0.8936525412741214
104,1.3500000000000005,0.9045226130653283,0.8455268051156493
105,1.3500000000000005,1.1055276381909565,0.7594463943853736
106,1.3500000000000005,1.3065326633165846,0.6531395741206929
107,1.3500000000000005,1.5075376884422127,0.5473835086214266
108,1.3500000000000005,1.7085427135678408,0.4551114015222821
109,1.3500000000000005,1.909547738693469,0.37972796437499323
110,1.3500000000000005,2.110552763819097,0.3195277370413432
111,1.3500000000000005,2.311557788944725,0.271509773768147
112,1.3500000000000005,2.5125628140703533,0.2329149514412661
113,1.3500000000000005,2.7135678391959814,0.2015631493378359
114,1.3500000000000005,2.9145728643216096,0.17580998017212932
115,1.3500000000000005,3.1155778894472377,0.15442645846105033
116,1.3500000000000005,3.316582914572866,0.136494601861213
117,1.3500000000000005,3.517587939698494,0.12132067108295246
118,1.3500000000000005,3.718592964824122,0.10837538393958657
119,1.3500000000000005,3.91959798994975,0.09724899856828659
120,1.3500000000000005,4.120603015075378,0.08761974953831894
121,1.3500000000000005,4.321608040201006,0.07924296532843685
122,1.3500000000000005,4.5226130653266345,0.07189594786498477
123,1.3500000000000005,4.723618090452263,0.06545066797188488
124,1.3500000000000005,4.924623115577891,0.059769696572521486
125,1.3500000000000005,5.125628140703519,0.05459124961229036
126,1.3500000000000005,5.326633165829147,0.05022551496892519
127,1.3500000000000005,5.527638190954775,0.046355585603123785
128,1.3500000000000005,5.728643216080403,0.042023164320345675
129,1.3500000000000005,5.929648241206031,0.03904467933322528
130,1.3500000000000005,6.1306532663316595,0.037741566381932865
131,1.3500000000000005,6.331658291457288,0.033627410885841195
132,1.3500000000000005,6.532663316582916,0.02821947575925576
133,1.3500000000000005,6.733668341708544,0.02914253026006493
134,1.3500000000000005,6.934673366834172,0.03301074027375239
135,1.3500000000000005,7.1356783919598,0.02799872004288461
136,1.3500000000000005,7.336683417085428,0.016440244861635284
137,1.3500000000000005,7.537688442211056,0.014829770801371208
138,1.3500000000000005,7.7386934673366845,0.02799307853660013
139,1.3500000000000005,7.939698492462313,0.03924441354252798
140,1.3500000000000005,8.14070351758794,0.031993296141705665
141,1.3500000000000005,8.341708542713569,0.011826235558973297
142,1.3500000000000005,8.542713567839197,0.0008697401097840929
143,1.3500000000000005,8.743718592964825,0.013630030631798485
144,1.3500000000000005,8.944723618090453,0.042387142876347525
145,1.3500000000000005,9.145728643216081,0.06516503979702537
146,1.3500000000000005,9.34673366834171,0.0653694121563525
147,1.3500000000000005,9.547738693467338,0.04457128378123526
148,1.3500000000000005,9.748743718592966,0.019807522387499343
149,1.3500000000000005,9.949748743718594,0.01047262177045448
150,1.3500000000000005,10.150753768844222,0.02578145393147541
151,1.3500000000000005,10.35175879396985,0.060510993300063806
152,1.3500000000000005,10.552763819095478,0.09962725068569477
153,1.3500000000000005,10.753768844221106,0.12726212389365166
154,1.3500000000000005,10.954773869346734,0.1344171787718778
155,1.3500000000000005,11.155778894472363,0.12194463153233089
156,1.3500000000000005,11.35678391959799,0.09877666641181032
157,1.3500000000000005,11.557788944723619,0.0772168839406086
158,1.3500000000000005,11.758793969849247,0.06773067371402836
159,1.3500000000000005,11.959798994974875,0.07551036345408417
160,1.3500000000000005,12.160804020100507,0.09956594711522003
161,1.3500000000000005,12.361809045226131,0.13411873999973337
162,1.3500000000000005,12.562814070351763,0.17135110199604914
163,1.3500000000000005,12.763819095477388,0.20352017211805168
164,1.3500000000000005,12.96482412060302,0.22426516090549176
165,1.3500000000000005,13.165829145728644,0.2306228810818695
166,1.3500000000000005,13.366834170854275,0.22447967936230678
167,1.3500000000000005,13.5678391959799,0.21084109126498465
168,1.3500000000000005,13.768844221105532,0.1945158085554907
169,1.3500000000000005,13.969849246231156,0.1788994390939052
170,1.3500000000000005,14.170854271356788,0.1668765546053422
171,1.3500000000000005,14.371859296482413,0.1613596157239879
172,1.3500000000000005,14.572864321608044,0.16477694517785846
173,1.3500000000000005,14.773869346733669,0.1783487394175145
174,1.3500000000000005,14.9748743718593,0.20116421783815014
175,1.3500000000000005,15.175879396984925,0.2291678483184369
176,1.3500000000000005,15.376884422110557,0.25565984446473977
177,1.3500000000000005,15.577889447236181,0.2745006869287141
178,1.3500000000000005,15.778894472361813,0.28405146612488
179,1.3500000000000005,15.979899497487438,0.28808724322743856
180,1.3500000000000005,16.18090452261307,0.29234923777044713
181,1.3500000000000005,16.381909547738694,0.2994975789319245
182,1.3500000000000005,16.582914572864325,0.3067637152331682
183,1.3500000000000005,16.78391959798995,0.30812299489514516
184,1.3500000000000005,16.98492462311558,0.2987962351877185
185,1.3500000000000005,17.185929648241206,0.2786214379659341
186,1.3500000000000005,17.386934673366838,0.2524755360406542
187,1.3500000000000005,17.587939698492463,0.2279046091368167
188,1.3500000000000005,17.788944723618094,0.21179999862567497
189,1.3500000000000005,17.98994974874372,0.208242760439252
190,1.3500000000000005,18.19095477386935,0.21779873254287138
191,1.3500000000000005,18.391959798994975,0.23746650934624225
192,1.3500000000000005,18.592964824120607,0.2613879022993161
193,1.3500000000000005,18.79396984924623,0.2827000511969122
194,1.3500000000000005,18.994974874371863,0.29559668343881823
195,1.3500000000000005,19.195979899497488,0.2965919823701348
196,1.3500000000000005,19.39698492462312,0.285507779667776
197,1.3500000000000005,19.597989949748744,0.26649026162499995
198,1.3500000000000005,19.798994974874375,0.2473596357711712
199,1.3500000000000005,20.0,0.23630087987111761
