,t,height,fid
0,1.1000000000000005,-20.0,0.21507204782288092
1,1.1000000000000005,-19.798994974874372,0.2135429443663553
2,1.1000000000000005,-19.597989949748744,0.21214220492464042
3,1.1000000000000005,-19.396984924623116,0.21091872741199783
4,1.1000000000000005,-19.195979899497488,0.20999186420373034
5,1.1000000000000005,-18.99497487437186,0.20944550493381658
6,1.1000000000000005,-18.79396984924623,0.20926817797389805
7,1.1000000000000005,-18.592964824120603,0.20938662536743627
8,1.1000000000000005,-18.391959798994975,0.20975697381862912
9,1.1000000000000005,-18.190954773869347,0.2104281481036062
10,1.1000000000000005,-17.98994974874372,0.21152165376420046
11,1.1000000000000005,-17.78894472361809,0.21315504076887554
12,1.1000000000000005,-17.587939698492463,0.21538571823617852
13,1.1000000000000005,-17.386934673366834,0.2182205177535222
14,1.1000000000000005,-17.185929648241206,0.2216609465390709
15,1.1000000000000005,-16.984924623115578,0.22571821011926094
16,1.1000000000000005,-16.78391959798995,0.2303758769145564
17,1.1000000000000005,-16.582914572864322,0.23554330888882197
18,1.1000000000000005,-16.381909547738694,0.2410511455014526
19,1.1000000000000005,-16.180904522613066,0.24668501532030213
20,1.1000000000000005,-15.979899497487438,0.2522149587912153
21,1.1000000000000005,-15.77889447236181,0.2574000726684466
22,1.1000000000000005,-15.577889447236181,0.2619952336859316
23,1.1000000000000005,-15.376884422110553,0.2657828631597015
24,1.1000000000000005,-15.175879396984925,0.2686151439334178
25,1.1000000000000005,-14.974874371859297,0.27043986348079313
26,1.1000000000000005,-14.773869346733669,0.2713071737297052
27,1.1000000000000005,-14.57286432160804,0.27137222800511174
28,1.1000000000000005,-14.371859296482413,0.27089123260464076
29,1.1000000000000005,-14.170854271356784,0.27020054168413987
30,1.1000000000000005,-13.969849246231156,0.26968182021937587
31,1.1000000000000005,-13.768844221105528,0.2697261912512999
32,1.1000000000000005,-13.5678391959799,0.27070351335184845
33,1.1000000000000005,-13.366834170854272,0.27293997788191404
34,1.1000000000000005,-13.165829145728644,0.27670979960114617
35,1.1000000000000005,-12.964824120603016,0.282242794074903
36,1.1000000000000005,-12.763819095477388,0.2897422471635576
37,1.1000000000000005,-12.56281407035176,0.29940410933036987
38,1.1000000000000005,-12.361809045226131,0.3114270706187056
39,1.1000000000000005,-12.160804020100503,0.3260047883019949
40,1.1000000000000005,-11.959798994974873,0.3433000422689163
41,1.1000000000000005,-11.758793969849245,0.3633996045198674
42,1.1000000000000005,-11.557788944723617,0.38627193725244297
43,1.1000000000000005,-11.356783919597989,0.41174176487864966
44,1.1000000000000005,-11.15577889447236,0.4394842252757407
45,1.1000000000000005,-10.954773869346733,0.469055500761221
46,1.1000000000000005,-10.753768844221105,0.4999397463869425
47,1.1000000000000005,-10.552763819095476,0.5315943487767399
48,1.1000000000000005,-10.351758793969848,0.5634742417307025
49,1.1000000000000005,-10.15075376884422,0.5950393090880634
50,1.1000000000000005,-9.949748743718592,0.6257450093542505
51,1.1000000000000005,-9.748743718592964,0.6550400487384351
52,1.1000000000000005,-9.547738693467336,0.6823832612778091
53,1.1000000000000005,-9.346733668341708,0.7072787996860692
54,1.1000000000000005,-9.14572864321608,0.7293098662494885
55,1.1000000000000005,-8.944723618090451,0.7481617275545115
56,1.1000000000000005,-8.743718592964823,0.7636168900007578
57,1.1000000000000005,-8.542713567839195,0.7755489855928039
58,1.1000000000000005,-8.341708542713567,0.7839166694919062
59,1.1000000000000005,-8.140703517587939,0.7887641784564582
60,1.1000000000000005,-7.939698492462311,0.7902191735193873
61,1.1000000000000005,-7.738693467336683,0.7884833595695386
62,1.1000000000000005,-7.537688442211055,0.7838180251468153
63,1.1000000000000005,-7.3366834170854265,0.7765285757343487
64,1.1000000000000005,-7.135678391959798,0.7669516802381953
65,1.1000000000000005,-6.93467336683417,0.7554425909913908
66,1.1000000000000005,-6.733668341708542,0.742362934237569
67,1.1000000000000005,-6.532663316582914,0.728069468818045
68,1.1000000000000005,-6.331658291457286,0.7129058400359126
69,1.1000000000000005,-6.130653266331658,0.6971919420796064
70,1.1000000000000005,-5.92964824120603,0.6812242325232228
71,1.1000000000000005,-5.7286432160804015,0.6652688690665823
72,1.1000000000000005,-5.527638190954773,0.6495611889848029
73,1.1000000000000005,-5.326633165829145,0.6343058000441314
74,1.1000000000000005,-5.125628140703517,0.6196780019320723
75,1.1000000000000005,-4.924623115577889,0.6058260269851847
76,1.1000000000000005,-4.723618090452261,0.5928742435018475
77,1.1000000000000005,-4.522613065326633,0.5809266732355257
78,1.1000000000000005,-4.321608040201005,0.5700708789717945
79,1.1000000000000005,-4.1206030150753765,0.5603820263045562
80,1.1000000000000005,-3.9195979899497466,0.5519270121209917
81,1.1000000000000005,-3.7185929648241185,0.5447684628332016
82,1.1000000000000005,-3.5175879396984904,0.5389689856028239
83,1.1000000000000005,-3.3165829145728623,0.5345952488307949
84,1.1000000000000005,-3.115577889447234,0.5317221795696653
85,1.1000000000000005,-2.914572864321606,0.5304375372268287
86,1.1000000000000005,-2.713567839195978,0.5308465863175793
87,1.1000000000000005,-2.5125628140703498,0.5330773650103366
88,1.1000000000000005,-2.3115577889447216,0.5372864472514605
89,1.1000000000000005,-2.1105527638190935,0.5436652824847282
90,1.1000000000000005,-1.9095477386934654,0.5524467435420302
91,1.1000000000000005,-1.7085427135678373,0.56391137184561
92,1.1000000000000005,-1.5075376884422091,0.5783913692205533
93,1.1000000000000005,-1.306532663316581,0.5962684919679161
94,1.1000000000000005,-1.105527638190953,0.6179582436075634
95,1.1000000000000005,-0.9045226130653248,0.6438650520994944
96,1.1000000000000005,-0.7035175879396967,0.6742817128499264
97,1.1000000000000005,-0.5025125628140685,0.7091899240291853
98,1.1000000000000005,-0.3015075376884404,0.7479066400854603
99,1.1000000000000005,-0.10050251256281229,0.7885502815071845
100,1.1000000000000005,0.10050251256281584,0.827399013740666
101,1.1000000000000005,0.30150753768844396,0.8585072276668322
102,1.1000000000000005,0.5025125628140721,0.874218813188026
103,1.1000000000000005,0.7035175879397002,0.8671744298091535
104,1.1000000000000005,0.9045226130653283,0.833484434975456
105,1.1000000000000005,1.1055276381909565,0.7752926768462894
106,1.1000000000000005,1.3065326633165846,0.7005594238982025
107,1.1000000000000005,1.5075376884422127,0.6197496049493553
108,1.1000000000000005,1.7085427135678408,0.5417506114643231
109,1.1000000000000005,1.909547738693469,0.47169893303862304
110,1.1000000000000005,2.110552763819097,0.41127403197573026
111,1.1000000000000005,2.311557788944725,0.36011996394421064
112,1.1000000000000005,2.5125628140703533,0.3170584001788096
113,1.1000000000000005,2.7135678391959814,0.28076644629717096
114,1.1000000000000005,2.9145728643216096,0.2500399434680012
115,1.1000000000000005,3.1155778894472377,0.22386704767667692
116,1.1000000000000005,3.316582914572866,0.20142585046603453
117,1.1000000000000005,3.517587939698494,0.18205762850390164
118,1.1000000000000005,3.718592964824122,0.1652352182081673
119,1.1000000000000005,3.91959798994975,0.15053601960445354
120,1.1000000000000005,4.120603015075378,0.13762051447722196
121,1.1000000000000005,4.321608040201006,0.12621337551501374
122,1.1000000000000005,4.5226130653266345,0.11609023109947826
123,1.1000000000000005,4.723618090452263,0.10706692490045494
124,1.1000000000000005,4.924623115577891,0.09898979282557904
125,1.1000000000000005,5.125628140703519,0.09173198941453069
126,1.1000000000000005,5.326633165829147,0.08519005427643506
127,1.1000000000000005,5.527638190954775,0.07927139418773137
128,1.1000000000000005,5.728643216080403,0.07389293806667041
129,1.1000000000000005,5.929648241206031,0.06901579209360055
130,1.1000000000000005,6.1306532663316595,0.06457460053746952
131,1.1000000000000005,6.331658291457288,0.06044385915719711
132,1.1000000000000005,6.532663316582916,0.056675670341911476
133,1.1000000000000005,6.733668341708544,0.05340697496275134
134,1.1000000000000005,6.934673366834172,0.05029829179476243
135,1.1000000000000005,7.1356783919598,0.046959091951952206
136,1.1000000000000005,7.336683417085428,0.044055576686605265
137,1.1000000000000005,7.537688442211056,0.04240656774039675
138,1.1000000000000005,7.7386934673366845,0.040910908613045194
139,1.1000000000000005,7.939698492462313,0.037647769671075394
140,1.1000000000000005,8.14070351758794,0.033441221465024776
141,1.1000000000000005,8.341708542713569,0.03174003036837023
142,1.1000000000000005,8.542713567839197,0.03371098706123928
143,1.1000000000000005,8.743718592964825,0.03546043034691522
144,1.1000000000000005,8.944723618090453,0.03212809147915719
145,1.1000000000000005,9.145728643216081,0.024174855436148928
146,1.1000000000000005,9.34673366834171,0.01797720425592841
147,1.1000000000000005,9.547738693467338,0.019644492204540304
148,1.1000000000000005,9.748743718592966,0.02862287954800804
149,1.1000000000000005,9.949748743718594,0.03754040682813026
150,1.1000000000000005,10.150753768844222,0.038248022552249475
151,1.1000000000000005,10.35175879396985,0.02849792820587204
152,1.1000000000000005,10.552763819095478,0.013846771576673186
153,1.1000000000000005,10.753768844221106,0.003810641084246258
154,1.1000000000000005,10.954773869346734,0.005575329626954193
155,1.1000000000000005,11.155778894472363,0.019630679543949616
156,1.1000000000000005,11.35678391959799,0.03972658933860484
157,1.1000000000000005,11.557788944723619,0.05654148075877356
158,1.1000000000000005,11.758793969849247,0.06254127067000853
159,1.1000000000000005,11.959798994974875,0.05541340120567969
160,1.1000000000000005,12.160804020100507,0.038704214119595105
161,1.1000000000000005,12.361809045226131,0.019867362289727762
162,1.1000000000000005,12.562814070351763,0.007000576455993586
163,1.1000000000000005,12.763819095477388,0.005796824615677311
164,1.1000000000000005,12.96482412060302,0.01779327642251035
165,1.1000000000000005,13.165829145728644,0.04029007557964222
166,1.1000000000000005,13.366834170854275,0.06764010317446686
167,1.1000000000000005,13.5678391959799,0.09321385421833871
168,1.1000000000000005,13.768844221105532,0.11135871934548626
169,1.1000000000000005,13.969849246231156,0.11880574416602044
170,1.1000000000000005,14.170854271356788,0.11518988693569332
171,1.1000000000000005,14.371859296482413,0.10271950674338173
172,1.1000000000000005,14.572864321608044,0.0853757336357216
173,1.1000000000000005,14.773869346733669,0.06791009544247203
174,1.1000000000000005,14.9748743718593,0.05475913915540366
175,1.1000000000000005,15.175879396984925,0.049150709468801505
176,1.1000000000000005,15.376884422110557,0.05264626401560129
177,1.1000000000000005,15.577889447236181,0.06507817136167499
178,1.1000000000000005,15.778894472361813,0.08473267466221882
179,1.1000000000000005,15.979899497487438,0.10887506156696833
180,1.1000000000000005,16.18090452261307,0.13454314258531988
181,1.1000000000000005,16.381909547738694,0.15912361601524652
182,1.1000000000000005,16.582914572864325,0.1803400810639681
183,1.1000000000000005,16.78391959798995,0.19604604821191376
184,1.1000000000000005,16.98492462311558,0.20450998962034464
185,1.1000000000000005,17.185929648241206,0.20521213550686374
186,1.1000000000000005,17.386934673366838,0.1993441816121797
187,1.1000000000000005,17.587939698492463,0.1893437749702167
188,1.1000000000000005,17.788944723618094,0.17774735575512277
189,1.1000000000000005,17.98994974874372,0.1662744580495707
190,1.1000000000000005,18.19095477386935,0.15573467097783558
191,1.1000000000000005,18.391959798994975,0.1465329187738154
192,1.1000000000000005,18.592964824120607,0.1391747951882123
193,1.1000000000000005,18.79396984924623,0.13441348561322022
194,1.1000000000000005,18.994974874371863,0.13313904551324002
195,1.1000000000000005,19.195979899497488,0.13623449679838334
196,1.1000000000000005,19.39698492462312,0.14443129197362586
197,1.1000000000000005,19.597989949748744,0.1580238886962916
198,1.1000000000000005,19.798994974874375,0.1764105483562668
199,1.1000000000000005,20.0,0.19772108711561284
