,t,height,fid
0,2.0500000000000007,-20.0,0.45895116990048884
1,2.0500000000000007,-19.798994974874372,0.44281737761614864
2,2.0500000000000007,-19.597989949748744,0.42604485582409957
3,2.0500000000000007,-19.396984924623116,0.4102640080768581
4,2.0500000000000007,-19.195979899497488,0.39716537642090016
5,2.0500000000000007,-18.99497487437186,0.38638073082752766
6,2.0500000000000007,-18.79396984924623,0.3768145803388036
7,2.0500000000000007,-18.592964824120603,0.36844651920680693
8,2.0500000000000007,-18.391959798994975,0.3621118683187314
9,2.0500000000000007,-18.190954773869347,0.35836457910421615
10,2.0500000000000007,-17.98994974874372,0.35599623933233304
11,2.0500000000000007,-17.78894472361809,0.35245257551104986
12,2.0500000000000007,-17.587939698492463,0.3461760766561425
13,2.0500000000000007,-17.386934673366834,0.33710142966508067
14,2.0500000000000007,-17.185929648241206,0.3255025365096908
15,2.0500000000000007,-16.984924623115578,0.31148494552841977
16,2.0500000000000007,-16.78391959798995,0.2957775570015842
17,2.0500000000000007,-16.582914572864322,0.2803668211159691
18,2.0500000000000007,-16.381909547738694,0.26712034917292693
19,2.0500000000000007,-16.180904522613066,0.2565735730175221
20,2.0500000000000007,-15.979899497487438,0.24861226020342045
21,2.0500000000000007,-15.77889447236181,0.2434044319550747
22,2.0500000000000007,-15.577889447236181,0.24106594652122404
23,2.0500000000000007,-15.376884422110553,0.24141285724730946
24,2.0500000000000007,-15.175879396984925,0.2445606075493027
25,2.0500000000000007,-14.974874371859297,0.2506191750407653
26,2.0500000000000007,-14.773869346733669,0.2586892586654835
27,2.0500000000000007,-14.57286432160804,0.26702973617967685
28,2.0500000000000007,-14.371859296482413,0.2738343367936829
29,2.0500000000000007,-14.170854271356784,0.2775587906785452
30,2.0500000000000007,-13.969849246231156,0.27747718977809044
31,2.0500000000000007,-13.768844221105528,0.27390979588036174
32,2.0500000000000007,-13.5678391959799,0.26752507578626467
33,2.0500000000000007,-13.366834170854272,0.258987397221803
34,2.0500000000000007,-13.165829145728644,0.24915288644704886
35,2.0500000000000007,-12.964824120603016,0.2393811370466823
36,2.0500000000000007,-12.763819095477388,0.23180287056134688
37,2.0500000000000007,-12.56281407035176,0.22883817084721148
38,2.0500000000000007,-12.361809045226131,0.23241145142484126
39,2.0500000000000007,-12.160804020100503,0.24366181406612045
40,2.0500000000000007,-11.959798994974873,0.26320738388551557
41,2.0500000000000007,-11.758793969849245,0.29141876682088536
42,2.0500000000000007,-11.557788944723617,0.3280997408060859
43,2.0500000000000007,-11.356783919597989,0.37208459940463784
44,2.0500000000000007,-11.15577889447236,0.4214325241550288
45,2.0500000000000007,-10.954773869346733,0.47399953958429714
46,2.0500000000000007,-10.753768844221105,0.5275657811506725
47,2.0500000000000007,-10.552763819095476,0.5796516666034398
48,2.0500000000000007,-10.351758793969848,0.6277686784621934
49,2.0500000000000007,-10.15075376884422,0.6699005433353606
50,2.0500000000000007,-9.949748743718592,0.7045423998944422
51,2.0500000000000007,-9.748743718592964,0.7306027877155419
52,2.0500000000000007,-9.547738693467336,0.7476005790410837
53,2.0500000000000007,-9.346733668341708,0.7556981823901514
54,2.0500000000000007,-9.14572864321608,0.7554910556455899
55,2.0500000000000007,-8.944723618090451,0.7479271275059417
56,2.0500000000000007,-8.743718592964823,0.7341966194294177
57,2.0500000000000007,-8.542713567839195,0.7155435034110613
58,2.0500000000000007,-8.341708542713567,0.6931847692289481
59,2.0500000000000007,-8.140703517587939,0.668257268057621
60,2.0500000000000007,-7.939698492462311,0.6417837927794963
61,2.0500000000000007,-7.738693467336683,0.6146779589051989
62,2.0500000000000007,-7.537688442211055,0.5877337756126333
63,2.0500000000000007,-7.3366834170854265,0.5616148715573082
64,2.0500000000000007,-7.135678391959798,0.5368420365560261
65,2.0500000000000007,-6.93467336683417,0.5137928098303736
66,2.0500000000000007,-6.733668341708542,0.4927146636278302
67,2.0500000000000007,-6.532663316582914,0.4737453314804054
68,2.0500000000000007,-6.331658291457286,0.45693607748184856
69,2.0500000000000007,-6.130653266331658,0.4422931956868015
70,2.0500000000000007,-5.92964824120603,0.42981314734046
71,2.0500000000000007,-5.7286432160804015,0.4195084294359148
72,2.0500000000000007,-5.527638190954773,0.4113941908775056
73,2.0500000000000007,-5.326633165829145,0.4054688832176115
74,2.0500000000000007,-5.125628140703517,0.4017245736679955
75,2.0500000000000007,-4.924623115577889,0.40018633696092004
76,2.0500000000000007,-4.723618090452261,0.4009401831612896
77,2.0500000000000007,-4.522613065326633,0.40412739557004057
78,2.0500000000000007,-4.321608040201005,0.4099255547452675
79,2.0500000000000007,-4.1206030150753765,0.41855469453637684
80,2.0500000000000007,-3.9195979899497466,0.43031655007603403
81,2.0500000000000007,-3.7185929648241185,0.44562018761874417
82,2.0500000000000007,-3.5175879396984904,0.46496170031967143
83,2.0500000000000007,-3.3165829145728623,0.4888910124892233
84,2.0500000000000007,-3.115577889447234,0.5180010752711004
85,2.0500000000000007,-2.914572864321606,0.5528383550342476
86,2.0500000000000007,-2.713567839195978,0.593532716879342
87,2.0500000000000007,-2.5125628140703498,0.6390906816741091
88,2.0500000000000007,-2.3115577889447216,0.6867363974467685
89,2.0500000000000007,-2.1105527638190935,0.7319397432175442
90,2.0500000000000007,-1.9095477386934654,0.7694754085854256
91,2.0500000000000007,-1.7085427135678373,0.795119929921429
92,2.0500000000000007,-1.5075376884422091,0.8071178366145804
93,2.0500000000000007,-1.306532663316581,0.8066760247649587
94,2.0500000000000007,-1.105527638190953,0.7974071393927405
95,2.0500000000000007,-0.9045226130653248,0.7842219071218534
96,2.0500000000000007,-0.7035175879396967,0.772304470959744
97,2.0500000000000007,-0.5025125628140685,0.7665567206218296
98,2.0500000000000007,-0.3015075376884404,0.771539819023066
99,2.0500000000000007,-0.10050251256281229,0.7916076014206389
100,2.0500000000000007,0.10050251256281584,0.8303962828089766
101,2.0500000000000007,0.30150753768844396,0.8874676050736421
102,2.0500000000000007,0.5025125628140721,0.9480399815294082
103,2.0500000000000007,0.7035175879397002,0.9679995970778905
104,2.0500000000000007,0.9045226130653283,0.887037807058315
105,2.0500000000000007,1.1055276381909565,0.7033753449255372
106,2.0500000000000007,1.3065326633165846,0.5043178193561556
107,2.0500000000000007,1.5075376884422127,0.3576476280600594
108,2.0500000000000007,1.7085427135678408,0.26142301861333794
109,2.0500000000000007,1.909547738693469,0.19723158723853476
110,2.0500000000000007,2.110552763819097,0.15275867317822503
111,2.0500000000000007,2.311557788944725,0.12085157676322972
112,2.0500000000000007,2.5125628140703533,0.09727959996182439
113,2.0500000000000007,2.7135678391959814,0.07941597144242461
114,2.0500000000000007,2.9145728643216096,0.06568699579885243
115,2.0500000000000007,3.1155778894472377,0.05476212134462518
116,2.0500000000000007,3.316582914572866,0.0462652064595495
117,2.0500000000000007,3.517587939698494,0.03907902619376121
118,2.0500000000000007,3.718592964824122,0.03413104824495313
119,2.0500000000000007,3.91959798994975,0.0269237314243514
120,2.0500000000000007,4.120603015075378,0.030456947408239864
121,2.0500000000000007,4.321608040201006,0.014022805780816498
122,2.0500000000000007,4.5226130653266345,0.027452695264926056
123,2.0500000000000007,4.723618090452263,0.02892620699258522
124,2.0500000000000007,4.924623115577891,0.0007354600891206961
125,2.0500000000000007,5.125628140703519,0.039025506544624056
126,2.0500000000000007,5.326633165829147,0.062380201720617076
127,2.0500000000000007,5.527638190954775,0.019138826942710768
128,2.0500000000000007,5.728643216080403,0.030285411410355362
129,2.0500000000000007,5.929648241206031,0.10790279453411866
130,2.0500000000000007,6.1306532663316595,0.13271671889747613
131,2.0500000000000007,6.331658291457288,0.0895397891984665
132,2.0500000000000007,6.532663316582916,0.07938582561042536
133,2.0500000000000007,6.733668341708544,0.14609246635488088
134,2.0500000000000007,6.934673366834172,0.2248955870109345
135,2.0500000000000007,7.1356783919598,0.24485074724329967
136,2.0500000000000007,7.336683417085428,0.2114131872268729
137,2.0500000000000007,7.537688442211056,0.1838179406260243
138,2.0500000000000007,7.7386934673366845,0.20402616539287474
139,2.0500000000000007,7.939698492462313,0.2637879840690593
140,2.0500000000000007,8.14070351758794,0.32507191677550706
141,2.0500000000000007,8.341708542713569,0.3514680562485897
142,2.0500000000000007,8.542713567839197,0.33685311715180866
143,2.0500000000000007,8.743718592964825,0.3086038010199257
144,2.0500000000000007,8.944723618090453,0.28909733118199094
145,2.0500000000000007,9.145728643216081,0.2849713666101761
146,2.0500000000000007,9.34673366834171,0.3013815755413103
147,2.0500000000000007,9.547738693467338,0.3415434419065435
148,2.0500000000000007,9.748743718592966,0.38558899133167923
149,2.0500000000000007,9.949748743718594,0.3957757399108911
150,2.0500000000000007,10.150753768844222,0.3690902213899738
151,2.0500000000000007,10.35175879396985,0.34499932528763944
152,2.0500000000000007,10.552763819095478,0.3459242939067704
153,2.0500000000000007,10.753768844221106,0.3515682666987135
154,2.0500000000000007,10.954773869346734,0.334989620252757
155,2.0500000000000007,11.155778894472363,0.2972924988254191
156,2.0500000000000007,11.35678391959799,0.26697793171697615
157,2.0500000000000007,11.557788944723619,0.2763033925167646
158,2.0500000000000007,11.758793969849247,0.3296559802110812
159,2.0500000000000007,11.959798994974875,0.39192389001689903
160,2.0500000000000007,12.160804020100507,0.4139484417651501
161,2.0500000000000007,12.361809045226131,0.3724900547590909
162,2.0500000000000007,12.562814070351763,0.29367659763835613
163,2.0500000000000007,12.763819095477388,0.22666741110212688
164,2.0500000000000007,12.96482412060302,0.20739617353845266
165,2.0500000000000007,13.165829145728644,0.24268273521436545
166,2.0500000000000007,13.366834170854275,0.30415610552952893
167,2.0500000000000007,13.5678391959799,0.3545232389909065
168,2.0500000000000007,13.768844221105532,0.3726727267112721
169,2.0500000000000007,13.969849246231156,0.3462275943424861
170,2.0500000000000007,14.170854271356788,0.2772195910732193
171,2.0500000000000007,14.371859296482413,0.19546267954178323
172,2.0500000000000007,14.572864321608044,0.1347481934970198
173,2.0500000000000007,14.773869346733669,0.10897757073380447
174,2.0500000000000007,14.9748743718593,0.1261189993635334
175,2.0500000000000007,15.175879396984925,0.19189791765599284
176,2.0500000000000007,15.376884422110557,0.284192004264668
177,2.0500000000000007,15.577889447236181,0.3591302134177131
178,2.0500000000000007,15.778894472361813,0.39314535927556216
179,2.0500000000000007,15.979899497487438,0.39443197713302064
180,2.0500000000000007,16.18090452261307,0.3698147453558551
181,2.0500000000000007,16.381909547738694,0.3103192348048196
182,2.0500000000000007,16.582914572864325,0.21860972755718103
183,2.0500000000000007,16.78391959798995,0.12303162597045518
184,2.0500000000000007,16.98492462311558,0.057747426006324584
185,2.0500000000000007,17.185929648241206,0.03215085397963961
186,2.0500000000000007,17.386934673366838,0.03189722019071047
187,2.0500000000000007,17.587939698492463,0.047231081470716134
188,2.0500000000000007,17.788944723618094,0.08349064428293825
189,2.0500000000000007,17.98994974874372,0.15090256807783078
190,2.0500000000000007,18.19095477386935,0.24284616925302124
191,2.0500000000000007,18.391959798994975,0.3269173218053205
192,2.0500000000000007,18.592964824120607,0.3731845675558186
193,2.0500000000000007,18.79396984924623,0.3771862002762379
194,2.0500000000000007,18.994974874371863,0.3523368812374774
195,2.0500000000000007,19.195979899497488,0.32151898437710835
196,2.0500000000000007,19.39698492462312,0.30448670276966483
197,2.0500000000000007,19.597989949748744,0.2941559932330947
198,2.0500000000000007,19.798994974874375,0.26477840326414553
199,2.0500000000000007,20.0,0.20692957024057976
