,t,height,fid
0,2.900000000000001,-20.0,0.6129556521178461
1,2.900000000000001,-19.798994974874372,0.6112985724954816
2,2.900000000000001,-19.597989949748744,0.5980810899234983
3,2.900000000000001,-19.396984924623116,0.5791207347150193
4,2.900000000000001,-19.195979899497488,0.5612578073009867
5,2.900000000000001,-18.99497487437186,0.5443774878791525
6,2.900000000000001,-18.79396984924623,0.5286980025444078
7,2.900000000000001,-18.592964824120603,0.5183324468389832
8,2.900000000000001,-18.391959798994975,0.5116851042564007
9,2.900000000000001,-18.190954773869347,0.5044033791172239
10,2.900000000000001,-17.98994974874372,0.494507127437245
11,2.900000000000001,-17.78894472361809,0.484805268976817
12,2.900000000000001,-17.587939698492463,0.4768664912907885
13,2.900000000000001,-17.386934673366834,0.4657703589588884
14,2.900000000000001,-17.185929648241206,0.44867490862979587
15,2.900000000000001,-16.984924623115578,0.42523112525609136
16,2.900000000000001,-16.78391959798995,0.3956060359444763
17,2.900000000000001,-16.582914572864322,0.3626692856685617
18,2.900000000000001,-16.381909547738694,0.3325022606239126
19,2.900000000000001,-16.180904522613066,0.3077349551471596
20,2.900000000000001,-15.979899497487438,0.28801464453285014
21,2.900000000000001,-15.77889447236181,0.27519047289399134
22,2.900000000000001,-15.577889447236181,0.2709456208351797
23,2.900000000000001,-15.376884422110553,0.2749589204479969
24,2.900000000000001,-15.175879396984925,0.2848898034771182
25,2.900000000000001,-14.974874371859297,0.2951394503965855
26,2.900000000000001,-14.773869346733669,0.3016571349601992
27,2.900000000000001,-14.57286432160804,0.30334100156799776
28,2.900000000000001,-14.371859296482413,0.29879150026254553
29,2.900000000000001,-14.170854271356784,0.28696440856213595
30,2.900000000000001,-13.969849246231156,0.2682684034727591
31,2.900000000000001,-13.768844221105528,0.2460875747291951
32,2.900000000000001,-13.5678391959799,0.22426877008972507
33,2.900000000000001,-13.366834170854272,0.20555122829491274
34,2.900000000000001,-13.165829145728644,0.19374977859145162
35,2.900000000000001,-12.964824120603016,0.19359576176240223
36,2.900000000000001,-12.763819095477388,0.20824595004530055
37,2.900000000000001,-12.56281407035176,0.2387151304869225
38,2.900000000000001,-12.361809045226131,0.28475896212212387
39,2.900000000000001,-12.160804020100503,0.343304085746434
40,2.900000000000001,-11.959798994974873,0.40889033287826315
41,2.900000000000001,-11.758793969849245,0.47638435378867255
42,2.900000000000001,-11.557788944723617,0.5409128568744574
43,2.900000000000001,-11.356783919597989,0.5981918250339934
44,2.900000000000001,-11.15577889447236,0.6456482546492377
45,2.900000000000001,-10.954773869346733,0.6814019366965902
46,2.900000000000001,-10.753768844221105,0.7048695726898595
47,2.900000000000001,-10.552763819095476,0.7168307112882295
48,2.900000000000001,-10.351758793969848,0.7180795388159211
49,2.900000000000001,-10.15075376884422,0.7092179493936258
50,2.900000000000001,-9.949748743718592,0.6905894219941469
51,2.900000000000001,-9.748743718592964,0.6637492816657217
52,2.900000000000001,-9.547738693467336,0.6318093180563917
53,2.900000000000001,-9.346733668341708,0.5983198954728657
54,2.900000000000001,-9.14572864321608,0.565729787212709
55,2.900000000000001,-8.944723618090451,0.5350416894998028
56,2.900000000000001,-8.743718592964823,0.5061432184734306
57,2.900000000000001,-8.542713567839195,0.4783131093482733
58,2.900000000000001,-8.341708542713567,0.4513064752449637
59,2.900000000000001,-8.140703517587939,0.4263058104171661
60,2.900000000000001,-7.939698492462311,0.40516274375340555
61,2.900000000000001,-7.738693467336683,0.38880939121991825
62,2.900000000000001,-7.537688442211055,0.3765580045108814
63,2.900000000000001,-7.3366834170854265,0.3665317044350833
64,2.900000000000001,-7.135678391959798,0.3573156207892725
65,2.900000000000001,-6.93467336683417,0.349469098636374
66,2.900000000000001,-6.733668341708542,0.3452262971825246
67,2.900000000000001,-6.532663316582914,0.3465515143090185
68,2.900000000000001,-6.331658291457286,0.35310768965396716
69,2.900000000000001,-6.130653266331658,0.3622273431859859
70,2.900000000000001,-5.92964824120603,0.3713960212045765
71,2.900000000000001,-5.7286432160804015,0.38148472463203237
72,2.900000000000001,-5.527638190954773,0.39794757892921245
73,2.900000000000001,-5.326633165829145,0.4284902421940661
74,2.900000000000001,-5.125628140703517,0.4783581386537051
75,2.900000000000001,-4.924623115577889,0.5462940998819484
76,2.900000000000001,-4.723618090452261,0.6237428027700461
77,2.900000000000001,-4.522613065326633,0.6977570256159504
78,2.900000000000001,-4.321608040201005,0.7557751482086529
79,2.900000000000001,-4.1206030150753765,0.789709458706468
80,2.900000000000001,-3.9195979899497466,0.7976354525202699
81,2.900000000000001,-3.7185929648241185,0.7829947286169849
82,2.900000000000001,-3.5175879396984904,0.7523559535003895
83,2.900000000000001,-3.3165829145728623,0.7130383302719732
84,2.900000000000001,-3.115577889447234,0.6714378867717844
85,2.900000000000001,-2.914572864321606,0.6322952444161721
86,2.900000000000001,-2.713567839195978,0.5986812457428043
87,2.900000000000001,-2.5125628140703498,0.5723765787764727
88,2.900000000000001,-2.3115577889447216,0.5543574983757261
89,2.900000000000001,-2.1105527638190935,0.5452312787299384
90,2.900000000000001,-1.9095477386934654,0.545558178456892
91,2.900000000000001,-1.7085427135678373,0.5560406136645416
92,2.900000000000001,-1.5075376884422091,0.5775239604680821
93,2.900000000000001,-1.306532663316581,0.6106445855429395
94,2.900000000000001,-1.105527638190953,0.6547645702287521
95,2.900000000000001,-0.9045226130653248,0.7059522585732297
96,2.900000000000001,-0.7035175879396967,0.7552598736094794
97,2.900000000000001,-0.5025125628140685,0.7910421769617653
98,2.900000000000001,-0.3015075376884404,0.8068289227108062
99,2.900000000000001,-0.10050251256281229,0.8082471731371225
100,2.900000000000001,0.10050251256281584,0.8119918704982786
101,2.900000000000001,0.30150753768844396,0.8396133469319236
102,2.900000000000001,0.5025125628140721,0.9080826400083857
103,2.900000000000001,0.7035175879397002,0.9911795364511929
104,2.900000000000001,0.9045226130653283,0.9347919828811914
105,2.900000000000001,1.1055276381909565,0.6217435301369745
106,2.900000000000001,1.3065326633165846,0.33446949326595776
107,2.900000000000001,1.5075376884422127,0.19768087160274633
108,2.900000000000001,1.7085427135678408,0.12719181346856182
109,2.900000000000001,1.909547738693469,0.08658055323998631
110,2.900000000000001,2.110552763819097,0.06171861316961318
111,2.900000000000001,2.311557788944725,0.04607286395346652
112,2.900000000000001,2.5125628140703533,0.031267330101537115
113,2.900000000000001,2.7135678391959814,0.024892647726769388
114,2.900000000000001,2.9145728643216096,0.03250838619107943
115,2.900000000000001,3.1155778894472377,0.002447729713702926
116,2.900000000000001,3.316582914572866,0.06283706357592488
117,2.900000000000001,3.517587939698494,0.012369964018492849
118,2.900000000000001,3.718592964824122,0.11742709392253164
119,2.900000000000001,3.91959798994975,0.100042554923994
120,2.900000000000001,4.120603015075378,0.13697750675535658
121,2.900000000000001,4.321608040201006,0.26575070011920043
122,2.900000000000001,4.5226130653266345,0.21110331010631408
123,2.900000000000001,4.723618090452263,0.2643211234431304
124,2.900000000000001,4.924623115577891,0.38555098281598393
125,2.900000000000001,5.125628140703519,0.36336407784626623
126,2.900000000000001,5.326633165829147,0.3277413446327088
127,2.900000000000001,5.527638190954775,0.39102774286202924
128,2.900000000000001,5.728643216080403,0.4579707907914133
129,2.900000000000001,5.929648241206031,0.430172196948258
130,2.900000000000001,6.1306532663316595,0.38479890160957797
131,2.900000000000001,6.331658291457288,0.38865016232611843
132,2.900000000000001,6.532663316582916,0.3960415732596365
133,2.900000000000001,6.733668341708544,0.43356266006355204
134,2.900000000000001,6.934673366834172,0.4388914566633455
135,2.900000000000001,7.1356783919598,0.3440594647651043
136,2.900000000000001,7.336683417085428,0.3063609536634956
137,2.900000000000001,7.537688442211056,0.37409816339254387
138,2.900000000000001,7.7386934673366845,0.39044574946764243
139,2.900000000000001,7.939698492462313,0.2909970647235835
140,2.900000000000001,8.14070351758794,0.24078188630924569
141,2.900000000000001,8.341708542713569,0.3264016091887549
142,2.900000000000001,8.542713567839197,0.3969458147590712
143,2.900000000000001,8.743718592964825,0.3301836892832114
144,2.900000000000001,8.944723618090453,0.18272233976551538
145,2.900000000000001,9.145728643216081,0.10613788916862624
146,2.900000000000001,9.34673366834171,0.16953282881424767
147,2.900000000000001,9.547738693467338,0.32223954520077047
148,2.900000000000001,9.748743718592966,0.4058532532861405
149,2.900000000000001,9.949748743718594,0.35532466096617277
150,2.900000000000001,10.150753768844222,0.20911117723327066
151,2.900000000000001,10.35175879396985,0.06143774793868421
152,2.900000000000001,10.552763819095478,0.026709001234749365
153,2.900000000000001,10.753768844221106,0.08718456073997163
154,2.900000000000001,10.954773869346734,0.21232991679776791
155,2.900000000000001,11.155778894472363,0.3567683695980688
156,2.900000000000001,11.35678391959799,0.4027316224447035
157,2.900000000000001,11.557788944723619,0.34084826480438946
158,2.900000000000001,11.758793969849247,0.2594898954816667
159,2.900000000000001,11.959798994974875,0.1657424008077264
160,2.900000000000001,12.160804020100507,0.055578163188367495
161,2.900000000000001,12.361809045226131,0.0022877272442225456
162,2.900000000000001,12.562814070351763,0.03136581978508415
163,2.900000000000001,12.763819095477388,0.08247504575248535
164,2.900000000000001,12.96482412060302,0.13031569640935833
165,2.900000000000001,13.165829145728644,0.21969327505315556
166,2.900000000000001,13.366834170854275,0.327083878671712
167,2.900000000000001,13.5678391959799,0.37557188807676617
168,2.900000000000001,13.768844221105532,0.3237447327220812
169,2.900000000000001,13.969849246231156,0.20005609494943463
170,2.900000000000001,14.170854271356788,0.10832028812405786
171,2.900000000000001,14.371859296482413,0.07500075283281393
172,2.900000000000001,14.572864321608044,0.0569932734034196
173,2.900000000000001,14.773869346733669,0.039749746661522235
174,2.900000000000001,14.9748743718593,0.02806955087575798
175,2.900000000000001,15.175879396984925,0.04829183691578486
176,2.900000000000001,15.376884422110557,0.10118965479498626
177,2.900000000000001,15.577889447236181,0.1471711263990125
178,2.900000000000001,15.778894472361813,0.17207879266293333
179,2.900000000000001,15.979899497487438,0.16457944569615834
180,2.900000000000001,16.18090452261307,0.11856973745957194
181,2.900000000000001,16.381909547738694,0.07582433809476062
182,2.900000000000001,16.582914572864325,0.10118505497912103
183,2.900000000000001,16.78391959798995,0.1696304345159963
184,2.900000000000001,16.98492462311558,0.2113877997675821
185,2.900000000000001,17.185929648241206,0.2160320520380623
186,2.900000000000001,17.386934673366838,0.20384485479795372
187,2.900000000000001,17.587939698492463,0.19498877391776118
188,2.900000000000001,17.788944723618094,0.17720224018537922
189,2.900000000000001,17.98994974874372,0.13659865995696843
190,2.900000000000001,18.19095477386935,0.09382544973890138
191,2.900000000000001,18.391959798994975,0.06236485041339987
192,2.900000000000001,18.592964824120607,0.03885364391266635
193,2.900000000000001,18.79396984924623,0.023900832007690973
194,2.900000000000001,18.994974874371863,0.026934431490980373
195,2.900000000000001,19.195979899497488,0.0316945484729537
196,2.900000000000001,19.39698492462312,0.024050150258983542
197,2.900000000000001,19.597989949748744,0.03456102289720724
198,2.900000000000001,19.798994974874375,0.09754994778208156
199,2.900000000000001,20.0,0.2025305262396813
