,t,height,fid
0,2.2000000000000006,-20.0,0.594599968493485
1,2.2000000000000006,-19.798994974874372,0.5995758017949804
2,2.2000000000000006,-19.597989949748744,0.6041257146617127
3,2.2000000000000006,-19.396984924623116,0.6105334015999032
4,2.2000000000000006,-19.195979899497488,0.617250696170735
5,2.2000000000000006,-18.99497487437186,0.6207733941184983
6,2.2000000000000006,-18.79396984924623,0.619417693897869
7,2.2000000000000006,-18.592964824120603,0.6133368065075419
8,2.2000000000000006,-18.391959798994975,0.6039567346358312
9,2.2000000000000006,-18.190954773869347,0.5928796811030583
10,2.2000000000000006,-17.98994974874372,0.5795407654899032
11,2.2000000000000006,-17.78894472361809,0.5625839737777599
12,2.2000000000000006,-17.587939698492463,0.5428817716410137
13,2.2000000000000006,-17.386934673366834,0.5224348655746078
14,2.2000000000000006,-17.185929648241206,0.5022271273141987
15,2.2000000000000006,-16.984924623115578,0.4816011485221104
16,2.2000000000000006,-16.78391959798995,0.4595347575244499
17,2.2000000000000006,-16.582914572864322,0.4370457154530588
18,2.2000000000000006,-16.381909547738694,0.41632450103641894
19,2.2000000000000006,-16.180904522613066,0.3985431491402473
20,2.2000000000000006,-15.979899497487438,0.3839974486136893
21,2.2000000000000006,-15.77889447236181,0.3732006223373667
22,2.2000000000000006,-15.577889447236181,0.36651852371480403
23,2.2000000000000006,-15.376884422110553,0.3624957818960318
24,2.2000000000000006,-15.175879396984925,0.3585676332723719
25,2.2000000000000006,-14.974874371859297,0.35303440401672975
26,2.2000000000000006,-14.773869346733669,0.34521979387732815
27,2.2000000000000006,-14.57286432160804,0.3347727212461437
28,2.2000000000000006,-14.371859296482413,0.32217551125851607
29,2.2000000000000006,-14.170854271356784,0.30865293518869585
30,2.2000000000000006,-13.969849246231156,0.29499299399611123
31,2.2000000000000006,-13.768844221105528,0.281713900735889
32,2.2000000000000006,-13.5678391959799,0.2698803067454725
33,2.2000000000000006,-13.366834170854272,0.2608431617824198
34,2.2000000000000006,-13.165829145728644,0.2559739423856228
35,2.2000000000000006,-12.964824120603016,0.2561544546083715
36,2.2000000000000006,-12.763819095477388,0.2608729378557754
37,2.2000000000000006,-12.56281407035176,0.2684582553611387
38,2.2000000000000006,-12.361809045226131,0.2768668544775104
39,2.2000000000000006,-12.160804020100503,0.2842880331420125
40,2.2000000000000006,-11.959798994974873,0.2893642502437946
41,2.2000000000000006,-11.758793969849245,0.29092109693626533
42,2.2000000000000006,-11.557788944723617,0.28822354462028865
43,2.2000000000000006,-11.356783919597989,0.28165659007882426
44,2.2000000000000006,-11.15577889447236,0.27306099670422934
45,2.2000000000000006,-10.954773869346733,0.2652088031894968
46,2.2000000000000006,-10.753768844221105,0.2610402952818841
47,2.2000000000000006,-10.552763819095476,0.2634167757298694
48,2.2000000000000006,-10.351758793969848,0.27497730527087333
49,2.2000000000000006,-10.15075376884422,0.2975136761476763
50,2.2000000000000006,-9.949748743718592,0.33139349462780365
51,2.2000000000000006,-9.748743718592964,0.3756632153052315
52,2.2000000000000006,-9.547738693467336,0.42829269515008983
53,2.2000000000000006,-9.346733668341708,0.48624407172029704
54,2.2000000000000006,-9.14572864321608,0.5458671671366501
55,2.2000000000000006,-8.944723618090451,0.6034879009233004
56,2.2000000000000006,-8.743718592964823,0.655716650270907
57,2.2000000000000006,-8.542713567839195,0.6997459403662702
58,2.2000000000000006,-8.341708542713567,0.7336212916278708
59,2.2000000000000006,-8.140703517587939,0.756274465789976
60,2.2000000000000006,-7.939698492462311,0.7675163424506959
61,2.2000000000000006,-7.738693467336683,0.7679548966023603
62,2.2000000000000006,-7.537688442211055,0.7588273745923136
63,2.2000000000000006,-7.3366834170854265,0.7418098824905325
64,2.2000000000000006,-7.135678391959798,0.7187912132890434
65,2.2000000000000006,-6.93467336683417,0.6916608776469264
66,2.2000000000000006,-6.733668341708542,0.6621514943677987
67,2.2000000000000006,-6.532663316582914,0.6317419457591251
68,2.2000000000000006,-6.331658291457286,0.6016272185077024
69,2.2000000000000006,-6.130653266331658,0.5727281544595417
70,2.2000000000000006,-5.92964824120603,0.5457224524462343
71,2.2000000000000006,-5.7286432160804015,0.5210843741902802
72,2.2000000000000006,-5.527638190954773,0.4991212593591867
73,2.2000000000000006,-5.326633165829145,0.4800033789889233
74,2.2000000000000006,-5.125628140703517,0.46379812653292857
75,2.2000000000000006,-4.924623115577889,0.45051586559701234
76,2.2000000000000006,-4.723618090452261,0.44016219503432213
77,2.2000000000000006,-4.522613065326633,0.43275263157182253
78,2.2000000000000006,-4.321608040201005,0.42832036297884507
79,2.2000000000000006,-4.1206030150753765,0.42693124778707625
80,2.2000000000000006,-3.9195979899497466,0.42871381855413315
81,2.2000000000000006,-3.7185929648241185,0.4338770293956642
82,2.2000000000000006,-3.5175879396984904,0.44271470522566536
83,2.2000000000000006,-3.3165829145728623,0.4556179941987025
84,2.2000000000000006,-3.115577889447234,0.47309770342691326
85,2.2000000000000006,-2.914572864321606,0.49576963945193586
86,2.2000000000000006,-2.713567839195978,0.5242979998602519
87,2.2000000000000006,-2.5125628140703498,0.5592483523802121
88,2.2000000000000006,-2.3115577889447216,0.6007122374051445
89,2.2000000000000006,-2.1105527638190935,0.6475365742386153
90,2.2000000000000006,-1.9095477386934654,0.6964725194062455
91,2.2000000000000006,-1.7085427135678373,0.742125890244209
92,2.2000000000000006,-1.5075376884422091,0.7783757713347516
93,2.2000000000000006,-1.306532663316581,0.800755525086335
94,2.2000000000000006,-1.105527638190953,0.8083712379768367
95,2.2000000000000006,-0.9045226130653248,0.8042195861956184
96,2.2000000000000006,-0.7035175879396967,0.7940260395680471
97,2.2000000000000006,-0.5025125628140685,0.7846230720531515
98,2.2000000000000006,-0.3015075376884404,0.7828390590863034
99,2.2000000000000006,-0.10050251256281229,0.7951633541288043
100,2.2000000000000006,0.10050251256281584,0.82749759271107
101,2.2000000000000006,0.30150753768844396,0.8825514576517363
102,2.2000000000000006,0.5025125628140721,0.948995663801996
103,2.2000000000000006,0.7035175879397002,0.9795977706569913
104,2.2000000000000006,0.9045226130653283,0.8964741054512294
105,2.2000000000000006,1.1055276381909565,0.6896931465876007
106,2.2000000000000006,1.3065326633165846,0.4721709949031471
107,2.2000000000000006,1.5075376884422127,0.32332086291095563
108,2.2000000000000006,1.7085427135678408,0.23066426688060576
109,2.2000000000000006,1.909547738693469,0.17075043582036056
110,2.2000000000000006,2.110552763819097,0.13013548162415559
111,2.2000000000000006,2.311557788944725,0.10149379955919972
112,2.2000000000000006,2.5125628140703533,0.08066679317333239
113,2.2000000000000006,2.7135678391959814,0.06503565948603296
114,2.2000000000000006,2.9145728643216096,0.053104711744280525
115,2.2000000000000006,3.1155778894472377,0.044300310346844236
116,2.2000000000000006,3.316582914572866,0.03559242197639211
117,2.2000000000000006,3.517587939698494,0.03309229802636346
118,2.2000000000000006,3.718592964824122,0.02269535389589588
119,2.2000000000000006,3.91959798994975,0.026755482827216088
120,2.2000000000000006,4.120603015075378,0.022070747982314596
121,2.2000000000000006,4.321608040201006,0.008734196943442287
122,2.2000000000000006,4.5226130653266345,0.04766613564712063
123,2.2000000000000006,4.723618090452263,0.016328660029034027
124,2.2000000000000006,4.924623115577891,0.017980661238637882
125,2.2000000000000006,5.125628140703519,0.09138659640907895
126,2.2000000000000006,5.326633165829147,0.07790985816728133
127,2.2000000000000006,5.527638190954775,0.04101658255592675
128,2.2000000000000006,5.728643216080403,0.10836277214378408
129,2.2000000000000006,5.929648241206031,0.1911931400974227
130,2.2000000000000006,6.1306532663316595,0.1808102652349861
131,2.2000000000000006,6.331658291457288,0.1381515349477809
132,2.2000000000000006,6.532663316582916,0.1654811675654076
133,2.2000000000000006,6.733668341708544,0.25205725770560417
134,2.2000000000000006,6.934673366834172,0.31281347513450286
135,2.2000000000000006,7.1356783919598,0.3065836629400984
136,2.2000000000000006,7.336683417085428,0.2670444363702101
137,2.2000000000000006,7.537688442211056,0.25340823686638014
138,2.2000000000000006,7.7386934673366845,0.28864777560628924
139,2.2000000000000006,7.939698492462313,0.34345123804996913
140,2.2000000000000006,8.14070351758794,0.38294886008239737
141,2.2000000000000006,8.341708542713569,0.3970227268321343
142,2.2000000000000006,8.542713567839197,0.37465983060307606
143,2.2000000000000006,8.743718592964825,0.33118066752417097
144,2.2000000000000006,8.944723618090453,0.31242628016837626
145,2.2000000000000006,9.145728643216081,0.333008696860258
146,2.2000000000000006,9.34673366834171,0.3593423811043287
147,2.2000000000000006,9.547738693467338,0.358724003626861
148,2.2000000000000006,9.748743718592966,0.3515644417061551
149,2.2000000000000006,9.949748743718594,0.37520985612469465
150,2.2000000000000006,10.150753768844222,0.40867267033768967
151,2.2000000000000006,10.35175879396985,0.3957831094439364
152,2.2000000000000006,10.552763819095478,0.32884777305307566
153,2.2000000000000006,10.753768844221106,0.25977437536415193
154,2.2000000000000006,10.954773869346734,0.24300560857489178
155,2.2000000000000006,11.155778894472363,0.28720429583048745
156,2.2000000000000006,11.35678391959799,0.35548235613650736
157,2.2000000000000006,11.557788944723619,0.39030719976983796
158,2.2000000000000006,11.758793969849247,0.35855019036001745
159,2.2000000000000006,11.959798994974875,0.2792623855700696
160,2.2000000000000006,12.160804020100507,0.20389732829464932
161,2.2000000000000006,12.361809045226131,0.18678296645978565
162,2.2000000000000006,12.562814070351763,0.23652121279683558
163,2.2000000000000006,12.763819095477388,0.31433281706184835
164,2.2000000000000006,12.96482412060302,0.37938087168468027
165,2.2000000000000006,13.165829145728644,0.39394302553375876
166,2.2000000000000006,13.366834170854275,0.3412857463006712
167,2.2000000000000006,13.5678391959799,0.2513391562473543
168,2.2000000000000006,13.768844221105532,0.16284615028362395
169,2.2000000000000006,13.969849246231156,0.09340164326170537
170,2.2000000000000006,14.170854271356788,0.0641565042526608
171,2.2000000000000006,14.371859296482413,0.09726085854085716
172,2.2000000000000006,14.572864321608044,0.17693643356602343
173,2.2000000000000006,14.773869346733669,0.2613442376964059
174,2.2000000000000006,14.9748743718593,0.3319288336089658
175,2.2000000000000006,15.175879396984925,0.3905032023427487
176,2.2000000000000006,15.376884422110557,0.4168527416775165
177,2.2000000000000006,15.577889447236181,0.3804343530853172
178,2.2000000000000006,15.778894472361813,0.2850152456951964
179,2.2000000000000006,15.979899497487438,0.177915183966082
180,2.2000000000000006,16.18090452261307,0.09935165941356479
181,2.2000000000000006,16.381909547738694,0.04988460191328728
182,2.2000000000000006,16.582914572864325,0.01815462047849361
183,2.2000000000000006,16.78391959798995,0.007795726117551175
184,2.2000000000000006,16.98492462311558,0.037415051985018474
185,2.2000000000000006,17.185929648241206,0.10896838047695827
186,2.2000000000000006,17.386934673366838,0.1927944768198555
187,2.2000000000000006,17.587939698492463,0.2571283050696963
188,2.2000000000000006,17.788944723618094,0.2872749701673428
189,2.2000000000000006,17.98994974874372,0.2922071510057649
190,2.2000000000000006,18.19095477386935,0.3043408132397991
191,2.2000000000000006,18.391959798994975,0.33933673765093303
192,2.2000000000000006,18.592964824120607,0.37145717265813105
193,2.2000000000000006,18.79396984924623,0.3701397956807042
194,2.2000000000000006,18.994974874371863,0.3294322927462908
195,2.2000000000000006,19.195979899497488,0.2547320629398415
196,2.2000000000000006,19.39698492462312,0.15981491254840516
197,2.2000000000000006,19.597989949748744,0.07614242345089502
198,2.2000000000000006,19.798994974874375,0.0279122435225071
199,2.2000000000000006,20.0,0.010336662784074606
