,t,height,fid
0,2.950000000000001,-20.0,0.5483424592919366
1,2.950000000000001,-19.798994974874372,0.5777887777253569
2,2.950000000000001,-19.597989949748744,0.6034896615004397
3,2.950000000000001,-19.396984924623116,0.6209328583773458
4,2.950000000000001,-19.195979899497488,0.6253572200556896
5,2.950000000000001,-18.99497487437186,0.6167697322812805
6,2.950000000000001,-18.79396984924623,0.6017333160283787
7,2.950000000000001,-18.592964824120603,0.5828054501378708
8,2.950000000000001,-18.391959798994975,0.560495745619907
9,2.950000000000001,-18.190954773869347,0.5409644281131201
10,2.950000000000001,-17.98994974874372,0.527311040406754
11,2.950000000000001,-17.78894472361809,0.5172167048459638
12,2.950000000000001,-17.587939698492463,0.5064073384022978
13,2.950000000000001,-17.386934673366834,0.49554202951765697
14,2.950000000000001,-17.185929648241206,0.4878368578118254
15,2.950000000000001,-16.984924623115578,0.4806023128292449
16,2.950000000000001,-16.78391959798995,0.4708004151033211
17,2.950000000000001,-16.582914572864322,0.4563279957995883
18,2.950000000000001,-16.381909547738694,0.4344797638285458
19,2.950000000000001,-16.180904522613066,0.40487296315544197
20,2.950000000000001,-15.979899497487438,0.3729328063578164
21,2.950000000000001,-15.77889447236181,0.3427433876707346
22,2.950000000000001,-15.577889447236181,0.3153592177562318
23,2.950000000000001,-15.376884422110553,0.2930838891084664
24,2.950000000000001,-15.175879396984925,0.2784855211005878
25,2.950000000000001,-14.974874371859297,0.2735273106328666
26,2.950000000000001,-14.773869346733669,0.27830070354330466
27,2.950000000000001,-14.57286432160804,0.2880329345720561
28,2.950000000000001,-14.371859296482413,0.2978104003886033
29,2.950000000000001,-14.170854271356784,0.3046746345942508
30,2.950000000000001,-13.969849246231156,0.3059889069048332
31,2.950000000000001,-13.768844221105528,0.29947204503292696
32,2.950000000000001,-13.5678391959799,0.2843210288516863
33,2.950000000000001,-13.366834170854272,0.26358165818353857
34,2.950000000000001,-13.165829145728644,0.24114342653033477
35,2.950000000000001,-12.964824120603016,0.22020235798247942
36,2.950000000000001,-12.763819095477388,0.20469064937524808
37,2.950000000000001,-12.56281407035176,0.19947902281491728
38,2.950000000000001,-12.361809045226131,0.20798054766139748
39,2.950000000000001,-12.160804020100503,0.23231894876557335
40,2.950000000000001,-11.959798994974873,0.27347577700817816
41,2.950000000000001,-11.758793969849245,0.3292503002415075
42,2.950000000000001,-11.557788944723617,0.3948600969738222
43,2.950000000000001,-11.356783919597989,0.46484961494699883
44,2.950000000000001,-11.15577889447236,0.5331402649723537
45,2.950000000000001,-10.954773869346733,0.5946632763862271
46,2.950000000000001,-10.753768844221105,0.6458393070931572
47,2.950000000000001,-10.552763819095476,0.684078630563291
48,2.950000000000001,-10.351758793969848,0.7088213765825216
49,2.950000000000001,-10.15075376884422,0.7208540358643123
50,2.950000000000001,-9.949748743718592,0.7215951525565533
51,2.950000000000001,-9.748743718592964,0.7119589740958921
52,2.950000000000001,-9.547738693467336,0.6924790585801329
53,2.950000000000001,-9.346733668341708,0.6646884744921737
54,2.950000000000001,-9.14572864321608,0.6316231616346497
55,2.950000000000001,-8.944723618090451,0.5967893876721782
56,2.950000000000001,-8.743718592964823,0.5628248123313186
57,2.950000000000001,-8.542713567839195,0.5310452948589311
58,2.950000000000001,-8.341708542713567,0.5014299085424206
59,2.950000000000001,-8.140703517587939,0.47320197219208093
60,2.950000000000001,-7.939698492462311,0.4463164220644018
61,2.950000000000001,-7.738693467336683,0.42212638270686487
62,2.950000000000001,-7.537688442211055,0.4022580058188113
63,2.950000000000001,-7.3366834170854265,0.3872143813636677
64,2.950000000000001,-7.135678391959798,0.3758271084669823
65,2.950000000000001,-6.93467336683417,0.36622882759736497
66,2.950000000000001,-6.733668341708542,0.35783307628609584
67,2.950000000000001,-6.532663316582914,0.3521511027782338
68,2.950000000000001,-6.331658291457286,0.3515152846669286
69,2.950000000000001,-6.130653266331658,0.35666014154237435
70,2.950000000000001,-5.92964824120603,0.3656492527604472
71,2.950000000000001,-5.7286432160804015,0.375692210863875
72,2.950000000000001,-5.527638190954773,0.3867046356056656
73,2.950000000000001,-5.326633165829145,0.40342873623551284
74,2.950000000000001,-5.125628140703517,0.433676971615256
75,2.950000000000001,-4.924623115577889,0.483369898642288
76,2.950000000000001,-4.723618090452261,0.551719371425526
77,2.950000000000001,-4.522613065326633,0.629924312004905
78,2.950000000000001,-4.321608040201005,0.704240749831673
79,2.950000000000001,-4.1206030150753765,0.7613625604382501
80,2.950000000000001,-3.9195979899497466,0.7930204653441654
81,2.950000000000001,-3.7185929648241185,0.7977525629265965
82,2.950000000000001,-3.5175879396984904,0.7798135859060077
83,2.950000000000001,-3.3165829145728623,0.7465424591858529
84,2.950000000000001,-3.115577889447234,0.7057357533535309
85,2.950000000000001,-2.914572864321606,0.6639347476662146
86,2.950000000000001,-2.713567839195978,0.6257955562343636
87,2.950000000000001,-2.5125628140703498,0.5942161754109311
88,2.950000000000001,-2.3115577889447216,0.5708282749320419
89,2.950000000000001,-2.1105527638190935,0.5565446675594063
90,2.950000000000001,-1.9095477386934654,0.5520130335011929
91,2.950000000000001,-1.7085427135678373,0.557918904237253
92,2.950000000000001,-1.5075376884422091,0.5750962078158283
93,2.950000000000001,-1.306532663316581,0.6043127663763642
94,2.950000000000001,-1.105527638190953,0.645404444658865
95,2.950000000000001,-0.9045226130653248,0.6953725829390041
96,2.950000000000001,-0.7035175879396967,0.7461665583480492
97,2.950000000000001,-0.5025125628140685,0.7857159456711427
98,2.950000000000001,-0.3015075376884404,0.805351623681104
99,2.950000000000001,-0.10050251256281229,0.8084496825464992
100,2.950000000000001,0.10050251256281584,0.8112150754654031
101,2.950000000000001,0.30150753768844396,0.8363775906521463
102,2.950000000000001,0.5025125628140721,0.9032697135870754
103,2.950000000000001,0.7035175879397002,0.9891645568870805
104,2.950000000000001,0.9045226130653283,0.9368640808931704
105,2.950000000000001,1.1055276381909565,0.6167539507332083
106,2.950000000000001,1.3065326633165846,0.3257259840575547
107,2.950000000000001,1.5075376884422127,0.19068897128221254
108,2.950000000000001,1.7085427135678408,0.12182790304477076
109,2.950000000000001,1.909547738693469,0.08240624346605663
110,2.950000000000001,2.110552763819097,0.05849748776268674
111,2.950000000000001,2.311557788944725,0.04401823347942455
112,2.950000000000001,2.5125628140703533,0.02921611931929856
113,2.950000000000001,2.7135678391959814,0.02171988754165535
114,2.950000000000001,2.9145728643216096,0.035904658843610916
115,2.950000000000001,3.1155778894472377,0.0005231055172849786
116,2.950000000000001,3.316582914572866,0.07264799888800598
117,2.950000000000001,3.517587939698494,0.018084791561881475
118,2.950000000000001,3.718592964824122,0.13892710821431084
119,2.950000000000001,3.91959798994975,0.11310228045370103
120,2.950000000000001,4.120603015075378,0.16503242785853334
121,2.950000000000001,4.321608040201006,0.289451017950278
122,2.950000000000001,4.5226130653266345,0.2319794256745965
123,2.950000000000001,4.723618090452263,0.2919666255418387
124,2.950000000000001,4.924623115577891,0.4063531378560973
125,2.950000000000001,5.125628140703519,0.37835080765841406
126,2.950000000000001,5.326633165829147,0.3439537248466667
127,2.950000000000001,5.527638190954775,0.40565920875686945
128,2.950000000000001,5.728643216080403,0.46479999440897984
129,2.950000000000001,5.929648241206031,0.4294898187202009
130,2.950000000000001,6.1306532663316595,0.3946602735243198
131,2.950000000000001,6.331658291457288,0.3824512087237562
132,2.950000000000001,6.532663316582916,0.39004725796245393
133,2.950000000000001,6.733668341708544,0.44641957390236103
134,2.950000000000001,6.934673366834172,0.4152869057114215
135,2.950000000000001,7.1356783919598,0.31462472741695485
136,2.950000000000001,7.336683417085428,0.32479864805047887
137,2.950000000000001,7.537688442211056,0.390259283493682
138,2.950000000000001,7.7386934673366845,0.3468172037364791
139,2.950000000000001,7.939698492462313,0.2395266577256486
140,2.950000000000001,8.14070351758794,0.25419545618069656
141,2.950000000000001,8.341708542713569,0.3687818200154723
142,2.950000000000001,8.542713567839197,0.3913093013246635
143,2.950000000000001,8.743718592964825,0.26652892362296876
144,2.950000000000001,8.944723618090453,0.12510280537733862
145,2.950000000000001,9.145728643216081,0.10277314550544632
146,2.950000000000001,9.34673366834171,0.22184261453361007
147,2.950000000000001,9.547738693467338,0.3668541264883714
148,2.950000000000001,9.748743718592966,0.3992074134169534
149,2.950000000000001,9.949748743718594,0.30628283717954796
150,2.950000000000001,10.150753768844222,0.13472538151029034
151,2.950000000000001,10.35175879396985,0.02746051389830967
152,2.950000000000001,10.552763819095478,0.03543239635138066
153,2.950000000000001,10.753768844221106,0.12669606347719636
154,2.950000000000001,10.954773869346734,0.28065990409395913
155,2.950000000000001,11.155778894472363,0.3846950464527296
156,2.950000000000001,11.35678391959799,0.3692379261862005
157,2.950000000000001,11.557788944723619,0.31119980804894104
158,2.950000000000001,11.758793969849247,0.2387544693698829
159,2.950000000000001,11.959798994974875,0.12280957840717602
160,2.950000000000001,12.160804020100507,0.0214613054059637
161,2.950000000000001,12.361809045226131,0.0060825757775372965
162,2.950000000000001,12.562814070351763,0.04124110289554929
163,2.950000000000001,12.763819095477388,0.08126477997452934
164,2.950000000000001,12.96482412060302,0.1600688935628266
165,2.950000000000001,13.165829145728644,0.27602663852690434
166,2.950000000000001,13.366834170854275,0.35621635256648115
167,2.950000000000001,13.5678391959799,0.3386782279872258
168,2.950000000000001,13.768844221105532,0.22696827904556532
169,2.950000000000001,13.969849246231156,0.12895087507388453
170,2.950000000000001,14.170854271356788,0.09085767840364126
171,2.950000000000001,14.371859296482413,0.07449574770999814
172,2.950000000000001,14.572864321608044,0.06068898910856629
173,2.950000000000001,14.773869346733669,0.042272612259029486
174,2.950000000000001,14.9748743718593,0.04266692776517382
175,2.950000000000001,15.175879396984925,0.0777078112451935
176,2.950000000000001,15.376884422110557,0.12141259711061798
177,2.950000000000001,15.577889447236181,0.15551754557910188
178,2.950000000000001,15.778894472361813,0.15794915973971066
179,2.950000000000001,15.979899497487438,0.11486912753232523
180,2.950000000000001,16.18090452261307,0.06951763025344872
181,2.950000000000001,16.381909547738694,0.09467083231011873
182,2.950000000000001,16.582914572864325,0.16381151995882168
183,2.950000000000001,16.78391959798995,0.21196448166976228
184,2.950000000000001,16.98492462311558,0.227247943852435
185,2.950000000000001,17.185929648241206,0.22992864969385843
186,2.950000000000001,17.386934673366838,0.23566425301304517
187,2.950000000000001,17.587939698492463,0.21393298765487553
188,2.950000000000001,17.788944723618094,0.1567165324379951
189,2.950000000000001,17.98994974874372,0.09963739217579665
190,2.950000000000001,18.19095477386935,0.05976705469489537
191,2.950000000000001,18.391959798994975,0.03320951850214059
192,2.950000000000001,18.592964824120607,0.023054083755986998
193,2.950000000000001,18.79396984924623,0.028665911653546428
194,2.950000000000001,18.994974874371863,0.026227766280602735
195,2.950000000000001,19.195979899497488,0.015622105706932284
196,2.950000000000001,19.39698492462312,0.033508378274239754
197,2.950000000000001,19.597989949748744,0.10142481200037708
198,2.950000000000001,19.798994974874375,0.21085604207635134
199,2.950000000000001,20.0,0.3546267344179511
