,t,height,fid
0,2.650000000000001,-20.0,0.28930475120104737
1,2.650000000000001,-19.798994974874372,0.2676819710807322
2,2.650000000000001,-19.597989949748744,0.25409365274997514
3,2.650000000000001,-19.396984924623116,0.2511676783259824
4,2.650000000000001,-19.195979899497488,0.25550959147059277
5,2.650000000000001,-18.99497487437186,0.26257692622078715
6,2.650000000000001,-18.79396984924623,0.2714376600706915
7,2.650000000000001,-18.592964824120603,0.2810845410063528
8,2.650000000000001,-18.391959798994975,0.2899956101733501
9,2.650000000000001,-18.190954773869347,0.29749947580662583
10,2.650000000000001,-17.98994974874372,0.30312724271472363
11,2.650000000000001,-17.78894472361809,0.30335233632194336
12,2.650000000000001,-17.587939698492463,0.29472179175965874
13,2.650000000000001,-17.386934673366834,0.27856801786694735
14,2.650000000000001,-17.185929648241206,0.2577590502747666
15,2.650000000000001,-16.984924623115578,0.23419796191294232
16,2.650000000000001,-16.78391959798995,0.20984030102337808
17,2.650000000000001,-16.582914572864322,0.1864703719874668
18,2.650000000000001,-16.381909547738694,0.1663436808446307
19,2.650000000000001,-16.180904522613066,0.1541177118103818
20,2.650000000000001,-15.979899497487438,0.15327959699157723
21,2.650000000000001,-15.77889447236181,0.16404675482920436
22,2.650000000000001,-15.577889447236181,0.18552133037475366
23,2.650000000000001,-15.376884422110553,0.21662940749230342
24,2.650000000000001,-15.175879396984925,0.25660157020870494
25,2.650000000000001,-14.974874371859297,0.30314061500022776
26,2.650000000000001,-14.773869346733669,0.35262789865290045
27,2.650000000000001,-14.57286432160804,0.4033971187034207
28,2.650000000000001,-14.371859296482413,0.4551508916334853
29,2.650000000000001,-14.170854271356784,0.5067224180933151
30,2.650000000000001,-13.969849246231156,0.5553204721533062
31,2.650000000000001,-13.768844221105528,0.5990704531557226
32,2.650000000000001,-13.5678391959799,0.6368742359937669
33,2.650000000000001,-13.366834170854272,0.6665426881478916
34,2.650000000000001,-13.165829145728644,0.6863468841091932
35,2.650000000000001,-12.964824120603016,0.6967266087997626
36,2.650000000000001,-12.763819095477388,0.6982529802861132
37,2.650000000000001,-12.56281407035176,0.6909309030171248
38,2.650000000000001,-12.361809045226131,0.6759321856931296
39,2.650000000000001,-12.160804020100503,0.6550391426902297
40,2.650000000000001,-11.959798994974873,0.6302876462655955
41,2.650000000000001,-11.758793969849245,0.6046354225546602
42,2.650000000000001,-11.557788944723617,0.5800783368532263
43,2.650000000000001,-11.356783919597989,0.5567585602816137
44,2.650000000000001,-11.15577889447236,0.5336651191880879
45,2.650000000000001,-10.954773869346733,0.5094308133826136
46,2.650000000000001,-10.753768844221105,0.48386051353639997
47,2.650000000000001,-10.552763819095476,0.45783279110932834
48,2.650000000000001,-10.351758793969848,0.432691378407812
49,2.650000000000001,-10.15075376884422,0.4098895382358095
50,2.650000000000001,-9.949748743718592,0.3908372457065852
51,2.650000000000001,-9.748743718592964,0.3762707481076645
52,2.650000000000001,-9.547738693467336,0.36537065840826444
53,2.650000000000001,-9.346733668341708,0.3560912636606566
54,2.650000000000001,-9.14572864321608,0.3466037434116159
55,2.650000000000001,-8.944723618090451,0.3363283781370051
56,2.650000000000001,-8.743718592964823,0.3260964642258977
57,2.650000000000001,-8.542713567839195,0.3179618419224483
58,2.650000000000001,-8.341708542713567,0.31424670136316935
59,2.650000000000001,-8.140703517587939,0.3159599177821957
60,2.650000000000001,-7.939698492462311,0.3220423363158573
61,2.650000000000001,-7.738693467336683,0.32979636263212214
62,2.650000000000001,-7.537688442211055,0.3362242663252499
63,2.650000000000001,-7.3366834170854265,0.33999644116792127
64,2.650000000000001,-7.135678391959798,0.34281758067895757
65,2.650000000000001,-6.93467336683417,0.3494308454269387
66,2.650000000000001,-6.733668341708542,0.36611529306640556
67,2.650000000000001,-6.532663316582914,0.39819063581271347
68,2.650000000000001,-6.331658291457286,0.44766469772355755
69,2.650000000000001,-6.130653266331658,0.5119815532006251
70,2.650000000000001,-5.92964824120603,0.5844321979619952
71,2.650000000000001,-5.7286432160804015,0.6559425694466816
72,2.650000000000001,-5.527638190954773,0.7174880479064839
73,2.650000000000001,-5.326633165829145,0.7622163616254578
74,2.650000000000001,-5.125628140703517,0.7866538202429856
75,2.650000000000001,-4.924623115577889,0.7908265444807149
76,2.650000000000001,-4.723618090452261,0.777534180744129
77,2.650000000000001,-4.522613065326633,0.751196506927147
78,2.650000000000001,-4.321608040201005,0.7167029851021264
79,2.650000000000001,-4.1206030150753765,0.6785449719582142
80,2.650000000000001,-3.9195979899497466,0.6403451625685662
81,2.650000000000001,-3.7185929648241185,0.6047212864958942
82,2.650000000000001,-3.5175879396984904,0.5733821322967335
83,2.650000000000001,-3.3165829145728623,0.5473359024824374
84,2.650000000000001,-3.115577889447234,0.527129251507535
85,2.650000000000001,-2.914572864321606,0.5130598087856173
86,2.650000000000001,-2.713567839195978,0.5053501680424124
87,2.650000000000001,-2.5125628140703498,0.5042760519507463
88,2.650000000000001,-2.3115577889447216,0.5102580309209315
89,2.650000000000001,-2.1105527638190935,0.523910085258982
90,2.650000000000001,-1.9095477386934654,0.5460138261409875
91,2.650000000000001,-1.7085427135678373,0.577327865511712
92,2.650000000000001,-1.5075376884422091,0.6180302545613324
93,2.650000000000001,-1.306532663316581,0.6665366780257151
94,2.650000000000001,-1.105527638190953,0.7179208402987912
95,2.650000000000001,-0.9045226130653248,0.7636355479444547
96,2.650000000000001,-0.7035175879396967,0.7947548636101179
97,2.650000000000001,-0.5025125628140685,0.8076349817347543
98,2.650000000000001,-0.3015075376884404,0.8072140995783691
99,2.650000000000001,-0.10050251256281229,0.805359146661555
100,2.650000000000001,0.10050251256281584,0.8169571917616487
101,2.650000000000001,0.30150753768844396,0.8565577523548904
102,2.650000000000001,0.5025125628140721,0.9295858215558735
103,2.650000000000001,0.7035175879397002,0.9957179043083265
104,2.650000000000001,0.9045226130653283,0.922818382268545
105,2.650000000000001,1.1055276381909565,0.6465353733670993
106,2.650000000000001,1.3065326633165846,0.3806232299459707
107,2.650000000000001,1.5075376884422127,0.236350338958058
108,2.650000000000001,1.7085427135678408,0.15758148264835567
109,2.650000000000001,1.909547738693469,0.11050526710257999
110,2.650000000000001,2.110552763819097,0.08045736173803077
111,2.650000000000001,2.311557788944725,0.06010141788623021
112,2.650000000000001,2.5125628140703533,0.04514715754370037
113,2.650000000000001,2.7135678391959814,0.037381128363406124
114,2.650000000000001,2.9145728643216096,0.027659354321210586
115,2.650000000000001,3.1155778894472377,0.02115834430554686
116,2.650000000000001,3.316582914572866,0.027795902460061517
117,2.650000000000001,3.517587939698494,0.015025481260745054
118,2.650000000000001,3.718592964824122,0.034096971430800725
119,2.650000000000001,3.91959798994975,0.06138583180639119
120,2.650000000000001,4.120603015075378,0.028592361233470098
121,2.650000000000001,4.321608040201006,0.14540184824182753
122,2.650000000000001,4.5226130653266345,0.12233672277187094
123,2.650000000000001,4.723618090452263,0.12094251201238017
124,2.650000000000001,4.924623115577891,0.252839502664128
125,2.650000000000001,5.125628140703519,0.2718773595864097
126,2.650000000000001,5.326633165829147,0.2223962906396138
127,2.650000000000001,5.527638190954775,0.2815508535218795
128,2.650000000000001,5.728643216080403,0.3810321541009934
129,2.650000000000001,5.929648241206031,0.3887179749304014
130,2.650000000000001,6.1306532663316595,0.341694113737816
131,2.650000000000001,6.331658291457288,0.333956774809146
132,2.650000000000001,6.532663316582916,0.3865267791470083
133,2.650000000000001,6.733668341708544,0.4405020078751524
134,2.650000000000001,6.934673366834172,0.4238574663011368
135,2.650000000000001,7.1356783919598,0.390991942362997
136,2.650000000000001,7.336683417085428,0.3775275031050995
137,2.650000000000001,7.537688442211056,0.35109033984207294
138,2.650000000000001,7.7386934673366845,0.3455621984033239
139,2.650000000000001,7.939698492462313,0.4046064342424439
140,2.650000000000001,8.14070351758794,0.4358329685231348
141,2.650000000000001,8.341708542713569,0.35804836317106636
142,2.650000000000001,8.542713567839197,0.27612454883712095
143,2.650000000000001,8.743718592964825,0.2956244331581076
144,2.650000000000001,8.944723618090453,0.36571912997983075
145,2.650000000000001,9.145728643216081,0.3730794376082226
146,2.650000000000001,9.34673366834171,0.28685611091655794
147,2.650000000000001,9.547738693467338,0.1923022003934751
148,2.650000000000001,9.748743718592966,0.19922054469928424
149,2.650000000000001,9.949748743718594,0.3019054104107366
150,2.650000000000001,10.150753768844222,0.3964608333687013
151,2.650000000000001,10.35175879396985,0.3874113847453748
152,2.650000000000001,10.552763819095478,0.2728094079047363
153,2.650000000000001,10.753768844221106,0.14353618274309698
154,2.650000000000001,10.954773869346734,0.06542727191165158
155,2.650000000000001,11.155778894472363,0.08666841814768479
156,2.650000000000001,11.35678391959799,0.19345849547121635
157,2.650000000000001,11.557788944723619,0.30644817557572457
158,2.650000000000001,11.758793969849247,0.38963140089046205
159,2.650000000000001,11.959798994974875,0.4066325219952462
160,2.650000000000001,12.160804020100507,0.31436880880717993
161,2.650000000000001,12.361809045226131,0.17161706691427805
162,2.650000000000001,12.562814070351763,0.0688627579092434
163,2.650000000000001,12.763819095477388,0.015445459895285528
164,2.650000000000001,12.96482412060302,0.011583869401065141
165,2.650000000000001,13.165829145728644,0.08213496203763951
166,2.650000000000001,13.366834170854275,0.19737041360765464
167,2.650000000000001,13.5678391959799,0.2791706778562601
168,2.650000000000001,13.768844221105532,0.3081331783884691
169,2.650000000000001,13.969849246231156,0.3244563401133174
170,2.650000000000001,14.170854271356788,0.357347327921038
171,2.650000000000001,14.371859296482413,0.35756792190816766
172,2.650000000000001,14.572864321608044,0.28180088747131016
173,2.650000000000001,14.773869346733669,0.1645145015710777
174,2.650000000000001,14.9748743718593,0.061553133704766484
175,2.650000000000001,15.175879396984925,0.011668034759143612
176,2.650000000000001,15.376884422110557,0.001191304995927205
177,2.650000000000001,15.577889447236181,0.0007626727104340443
178,2.650000000000001,15.778894472361813,0.016166955415815896
179,2.650000000000001,15.979899497487438,0.0629878219267149
180,2.650000000000001,16.18090452261307,0.15082546391549737
181,2.650000000000001,16.381909547738694,0.25185086103767546
182,2.650000000000001,16.582914572864325,0.29988676109917944
183,2.650000000000001,16.78391959798995,0.27194151214826
184,2.650000000000001,16.98492462311558,0.2161345877574869
185,2.650000000000001,17.185929648241206,0.16338959750091334
186,2.650000000000001,17.386934673366838,0.11937910815951029
187,2.650000000000001,17.587939698492463,0.10580166815965325
188,2.650000000000001,17.788944723618094,0.13182812258821586
189,2.650000000000001,17.98994974874372,0.16427408998344034
190,2.650000000000001,18.19095477386935,0.15630590747988046
191,2.650000000000001,18.391959798994975,0.11555079961695834
192,2.650000000000001,18.592964824120607,0.07699302012570723
193,2.650000000000001,18.79396984924623,0.05638731620660915
194,2.650000000000001,18.994974874371863,0.05784682317848981
195,2.650000000000001,19.195979899497488,0.0805115802084889
196,2.650000000000001,19.39698492462312,0.1079005177433797
197,2.650000000000001,19.597989949748744,0.10983856486590415
198,2.650000000000001,19.798994974874375,0.08267700293149836
199,2.650000000000001,20.0,0.05101356765762625
