,t,height,fid
0,2.250000000000001,-20.0,0.5384043717819357
1,2.250000000000001,-19.798994974874372,0.5611476620545776
2,2.250000000000001,-19.597989949748744,0.5798179355136873
3,2.250000000000001,-19.396984924623116,0.593153640662066
4,2.250000000000001,-19.195979899497488,0.6005221198648021
5,2.250000000000001,-18.99497487437186,0.6048325123877537
6,2.250000000000001,-18.79396984924623,0.6097975512942788
7,2.250000000000001,-18.592964824120603,0.6157640200580458
8,2.250000000000001,-18.391959798994975,0.6207349630511669
9,2.250000000000001,-18.190954773869347,0.6229319636896309
10,2.250000000000001,-17.98994974874372,0.6214432554506234
11,2.250000000000001,-17.78894472361809,0.617298845791147
12,2.250000000000001,-17.587939698492463,0.6117358868253057
13,2.250000000000001,-17.386934673366834,0.6035186253723562
14,2.250000000000001,-17.185929648241206,0.5911149393642927
15,2.250000000000001,-16.984924623115578,0.5751424443834695
16,2.250000000000001,-16.78391959798995,0.5574345237244795
17,2.250000000000001,-16.582914572864322,0.5391453394575024
18,2.250000000000001,-16.381909547738694,0.5193503264072229
19,2.250000000000001,-16.180904522613066,0.4970216047057257
20,2.250000000000001,-15.979899497487438,0.47312911389071766
21,2.250000000000001,-15.77889447236181,0.4492404244543022
22,2.250000000000001,-15.577889447236181,0.4262506906748118
23,2.250000000000001,-15.376884422110553,0.40510304614044945
24,2.250000000000001,-15.175879396984925,0.3877425478696135
25,2.250000000000001,-14.974874371859297,0.3754392031858849
26,2.250000000000001,-14.773869346733669,0.36731458094137076
27,2.250000000000001,-14.57286432160804,0.3615769393488826
28,2.250000000000001,-14.371859296482413,0.3566397481565808
29,2.250000000000001,-14.170854271356784,0.3508090263944261
30,2.250000000000001,-13.969849246231156,0.34289287979587296
31,2.250000000000001,-13.768844221105528,0.3330230890453127
32,2.250000000000001,-13.5678391959799,0.32168615396402084
33,2.250000000000001,-13.366834170854272,0.30911596734356644
34,2.250000000000001,-13.165829145728644,0.2958969430457282
35,2.250000000000001,-12.964824120603016,0.283024604702478
36,2.250000000000001,-12.763819095477388,0.2720375653054608
37,2.250000000000001,-12.56281407035176,0.2648693857828912
38,2.250000000000001,-12.361809045226131,0.26267828460784404
39,2.250000000000001,-12.160804020100503,0.2652772289410815
40,2.250000000000001,-11.959798994974873,0.2713368530289573
41,2.250000000000001,-11.758793969849245,0.27904992824341945
42,2.250000000000001,-11.557788944723617,0.286695819351727
43,2.250000000000001,-11.356783919597989,0.29252886471748524
44,2.250000000000001,-11.15577889447236,0.2948925822297755
45,2.250000000000001,-10.954773869346733,0.29290936683505975
46,2.250000000000001,-10.753768844221105,0.2872251252036295
47,2.250000000000001,-10.552763819095476,0.2798958313351807
48,2.250000000000001,-10.351758793969848,0.27372931825646946
49,2.250000000000001,-10.15075376884422,0.2719257986120347
50,2.250000000000001,-9.949748743718592,0.2778487364725654
51,2.250000000000001,-9.748743718592964,0.29427648118961264
52,2.250000000000001,-9.547738693467336,0.32263467668140244
53,2.250000000000001,-9.346733668341708,0.3628565267887566
54,2.250000000000001,-9.14572864321608,0.4134131417429337
55,2.250000000000001,-8.944723618090451,0.4713458599106902
56,2.250000000000001,-8.743718592964823,0.5327462996652791
57,2.250000000000001,-8.542713567839195,0.5933862988479212
58,2.250000000000001,-8.341708542713567,0.6491836721787122
59,2.250000000000001,-8.140703517587939,0.6967161814784112
60,2.250000000000001,-7.939698492462311,0.7335397023594679
61,2.250000000000001,-7.738693467336683,0.7582959948018301
62,2.250000000000001,-7.537688442211055,0.7707047829799121
63,2.250000000000001,-7.3366834170854265,0.7714188559012486
64,2.250000000000001,-7.135678391959798,0.7618236769224883
65,2.250000000000001,-6.93467336683417,0.7437947803576062
66,2.250000000000001,-6.733668341708542,0.7194454199087804
67,2.250000000000001,-6.532663316582914,0.6908861171008638
68,2.250000000000001,-6.331658291457286,0.6600439426813755
69,2.250000000000001,-6.130653266331658,0.628546464962885
70,2.250000000000001,-5.92964824120603,0.5976824605730049
71,2.250000000000001,-5.7286432160804015,0.568414520389384
72,2.250000000000001,-5.527638190954773,0.5414229224671321
73,2.250000000000001,-5.326633165829145,0.5171624061348509
74,2.250000000000001,-5.125628140703517,0.495911133498309
75,2.250000000000001,-4.924623115577889,0.4778106859663429
76,2.250000000000001,-4.723618090452261,0.46291165751409513
77,2.250000000000001,-4.522613065326633,0.45122595119457914
78,2.250000000000001,-4.321608040201005,0.44276991783503117
79,2.250000000000001,-4.1206030150753765,0.43758197064663523
80,2.250000000000001,-3.9195979899497466,0.4357366103030383
81,2.250000000000001,-3.7185929648241185,0.43737240510103476
82,2.250000000000001,-3.5175879396984904,0.442716225550691
83,2.250000000000001,-3.3165829145728623,0.4520943728269189
84,2.250000000000001,-3.115577889447234,0.4659446756017874
85,2.250000000000001,-2.914572864321606,0.48483064259085623
86,2.250000000000001,-2.713567839195978,0.5094176508314571
87,2.250000000000001,-2.5125628140703498,0.540375997218972
88,2.250000000000001,-2.3115577889447216,0.5781488311974904
89,2.250000000000001,-2.1105527638190935,0.6223913640295402
90,2.250000000000001,-1.9095477386934654,0.6710434654811263
91,2.250000000000001,-1.7085427135678373,0.7196359207589799
92,2.250000000000001,-1.5075376884422091,0.7618736773130312
93,2.250000000000001,-1.306532663316581,0.7918203395061653
94,2.250000000000001,-1.105527638190953,0.8065195177439148
95,2.250000000000001,-0.9045226130653248,0.8073544273782508
96,2.250000000000001,-0.7035175879396967,0.7994587717851777
97,2.250000000000001,-0.5025125628140685,0.7899814373349195
98,2.250000000000001,-0.3015075376884404,0.7865174150258519
99,2.250000000000001,-0.10050251256281229,0.7964027278148303
100,2.250000000000001,0.10050251256281584,0.8264068183036545
101,2.250000000000001,0.30150753768844396,0.8803815270304274
102,2.250000000000001,0.5025125628140721,0.9484359343111319
103,2.250000000000001,0.7035175879397002,0.9828484248867585
104,2.250000000000001,0.9045226130653283,0.8995852025665233
105,2.250000000000001,1.1055276381909565,0.6850388121238601
106,2.250000000000001,1.3065326633165846,0.4615865183826118
107,2.250000000000001,1.5075376884422127,0.31247859092647357
108,2.250000000000001,1.7085427135678408,0.2211811175507769
109,2.250000000000001,1.909547738693469,0.16271713133956459
110,2.250000000000001,2.110552763819097,0.12335700528666667
111,2.250000000000001,2.311557788944725,0.09574921840400102
112,2.250000000000001,2.5125628140703533,0.07578841428676868
113,2.250000000000001,2.7135678391959814,0.060873174902808753
114,2.250000000000001,2.9145728643216096,0.04936211108448189
115,2.250000000000001,3.1155778894472377,0.04153045250704806
116,2.250000000000001,3.316582914572866,0.03216005579863496
117,2.250000000000001,3.517587939698494,0.032123416440693636
118,2.250000000000001,3.718592964824122,0.01839395163858024
119,2.250000000000001,3.91959798994975,0.02940920556108374
120,2.250000000000001,4.120603015075378,0.017196893749746138
121,2.250000000000001,4.321608040201006,0.012716711115723539
122,2.250000000000001,4.5226130653266345,0.05484190514297879
123,2.250000000000001,4.723618090452263,0.013757285110414895
124,2.250000000000001,4.924623115577891,0.033455567436083196
125,2.250000000000001,5.125628140703519,0.11072938652223062
126,2.250000000000001,5.326633165829147,0.08506546225735039
127,2.250000000000001,5.527638190954775,0.058136721994105
128,2.250000000000001,5.728643216080403,0.1404809922311334
129,2.250000000000001,5.929648241206031,0.21824378832857963
130,2.250000000000001,6.1306532663316595,0.1983492131677091
131,2.250000000000001,6.331658291457288,0.15997673789272696
132,2.250000000000001,6.532663316582916,0.1972310214577902
133,2.250000000000001,6.733668341708544,0.2844175036749993
134,2.250000000000001,6.934673366834172,0.3376141353493294
135,2.250000000000001,7.1356783919598,0.32407368887380644
136,2.250000000000001,7.336683417085428,0.2843185160425785
137,2.250000000000001,7.537688442211056,0.2763979689904204
138,2.250000000000001,7.7386934673366845,0.310628675482448
139,2.250000000000001,7.939698492462313,0.359238587992514
140,2.250000000000001,8.14070351758794,0.4006291607925374
141,2.250000000000001,8.341708542713569,0.40788635068676593
142,2.250000000000001,8.542713567839197,0.36984371044410347
143,2.250000000000001,8.743718592964825,0.3331596098805806
144,2.250000000000001,8.944723618090453,0.3335605538239794
145,2.250000000000001,9.145728643216081,0.3490085443779663
146,2.250000000000001,9.34673366834171,0.34553077396015486
147,2.250000000000001,9.547738693467338,0.3350600202636161
148,2.250000000000001,9.748743718592966,0.35938339191122565
149,2.250000000000001,9.949748743718594,0.4086277159315361
150,2.250000000000001,10.150753768844222,0.4162924264289421
151,2.250000000000001,10.35175879396985,0.3540727813559663
152,2.250000000000001,10.552763819095478,0.2723824809997083
153,2.250000000000001,10.753768844221106,0.23993155141135863
154,2.250000000000001,10.954773869346734,0.2750612640347576
155,2.250000000000001,11.155778894472363,0.34237494808580954
156,2.250000000000001,11.35678391959799,0.38185190659903256
157,2.250000000000001,11.557788944723619,0.35634894230621195
158,2.250000000000001,11.758793969849247,0.27828957361616996
159,2.250000000000001,11.959798994974875,0.1966687130469504
160,2.250000000000001,12.160804020100507,0.1721807579745167
161,2.250000000000001,12.361809045226131,0.21927880690694948
162,2.250000000000001,12.562814070351763,0.30328694153206154
163,2.250000000000001,12.763819095477388,0.3807385288489048
164,2.250000000000001,12.96482412060302,0.4026248871264765
165,2.250000000000001,13.165829145728644,0.35033461284563594
166,2.250000000000001,13.366834170854275,0.2591809228101184
167,2.250000000000001,13.5678391959799,0.16552080210941175
168,2.250000000000001,13.768844221105532,0.08710199135581727
169,2.250000000000001,13.969849246231156,0.05323579717445106
170,2.250000000000001,14.170854271356788,0.08523923492989428
171,2.250000000000001,14.371859296482413,0.16005797087936707
172,2.250000000000001,14.572864321608044,0.24042219092306708
173,2.250000000000001,14.773869346733669,0.3189512988871635
174,2.250000000000001,14.9748743718593,0.3913249570444461
175,2.250000000000001,15.175879396984925,0.42290836798064646
176,2.250000000000001,15.376884422110557,0.38080533075558554
177,2.250000000000001,15.577889447236181,0.2822037430559065
178,2.250000000000001,15.778894472361813,0.18212572663438892
179,2.250000000000001,15.979899497487438,0.10886968464651733
180,2.250000000000001,16.18090452261307,0.05586303479794198
181,2.250000000000001,16.381909547738694,0.015945592099993723
182,2.250000000000001,16.582914572864325,0.003164595958321562
183,2.250000000000001,16.78391959798995,0.03777319043716464
184,2.250000000000001,16.98492462311558,0.10890695201560642
185,2.250000000000001,17.185929648241206,0.18320111705690922
186,2.250000000000001,17.386934673366838,0.2334038801934975
187,2.250000000000001,17.587939698492463,0.2528432568657041
188,2.250000000000001,17.788944723618094,0.2679339445322425
189,2.250000000000001,17.98994974874372,0.3079762731187174
190,2.250000000000001,18.19095477386935,0.3599441328120546
191,2.250000000000001,18.391959798994975,0.3891723050181235
192,2.250000000000001,18.592964824120607,0.37925475100251416
193,2.250000000000001,18.79396984924623,0.32629302850840547
194,2.250000000000001,18.994974874371863,0.23421157342161963
195,2.250000000000001,19.195979899497488,0.1343111135678496
196,2.250000000000001,19.39698492462312,0.06425871215103841
197,2.250000000000001,19.597989949748744,0.031974036848071985
198,2.250000000000001,19.798994974874375,0.01853343884127326
199,2.250000000000001,20.0,0.009526642179188327
