,t,height,fid
0,2.750000000000001,-20.0,0.4864346571731444
1,2.750000000000001,-19.798994974874372,0.47625652185591466
2,2.750000000000001,-19.597989949748744,0.46028312199178134
3,2.750000000000001,-19.396984924623116,0.44141525261872294
4,2.750000000000001,-19.195979899497488,0.42049430494629436
5,2.750000000000001,-18.99497487437186,0.3957772572380667
6,2.750000000000001,-18.79396984924623,0.3652879096906694
7,2.750000000000001,-18.592964824120603,0.3324060023079858
8,2.750000000000001,-18.391959798994975,0.30424033278714496
9,2.750000000000001,-18.190954773869347,0.2832643304853972
10,2.750000000000001,-17.98994974874372,0.26979508598696506
11,2.750000000000001,-17.78894472361809,0.26399495451543326
12,2.750000000000001,-17.587939698492463,0.2642734605890883
13,2.750000000000001,-17.386934673366834,0.2678456739785305
14,2.750000000000001,-17.185929648241206,0.27454317199146644
15,2.750000000000001,-16.984924623115578,0.2848519528914574
16,2.750000000000001,-16.78391959798995,0.29502454897046854
17,2.750000000000001,-16.582914572864322,0.3007988532544629
18,2.750000000000001,-16.381909547738694,0.3002470081325107
19,2.750000000000001,-16.180904522613066,0.2927995413863089
20,2.750000000000001,-15.979899497487438,0.2796928393984251
21,2.750000000000001,-15.77889447236181,0.26236964023970394
22,2.750000000000001,-15.577889447236181,0.24040753335931564
23,2.750000000000001,-15.376884422110553,0.2155332830099496
24,2.750000000000001,-15.175879396984925,0.19231225933350066
25,2.750000000000001,-14.974874371859297,0.17526869530864309
26,2.750000000000001,-14.773869346733669,0.16775792462520664
27,2.750000000000001,-14.57286432160804,0.171643320403256
28,2.750000000000001,-14.371859296482413,0.1891029454239894
29,2.750000000000001,-14.170854271356784,0.2209010428910356
30,2.750000000000001,-13.969849246231156,0.2644827978982266
31,2.750000000000001,-13.768844221105528,0.31592938659021863
32,2.750000000000001,-13.5678391959799,0.37220792892981075
33,2.750000000000001,-13.366834170854272,0.4305189798875247
34,2.750000000000001,-13.165829145728644,0.48731839089603735
35,2.750000000000001,-12.964824120603016,0.5404986714896025
36,2.750000000000001,-12.763819095477388,0.5890238785031008
37,2.750000000000001,-12.56281407035176,0.6308247161598703
38,2.750000000000001,-12.361809045226131,0.6639396439283584
39,2.750000000000001,-12.160804020100503,0.6879076398219187
40,2.750000000000001,-11.959798994974873,0.7022368754678621
41,2.750000000000001,-11.758793969849245,0.7067276154362637
42,2.750000000000001,-11.557788944723617,0.701906503166967
43,2.750000000000001,-11.356783919597989,0.6879593919684545
44,2.750000000000001,-11.15577889447236,0.6661115727762142
45,2.750000000000001,-10.954773869346733,0.6390867318888752
46,2.750000000000001,-10.753768844221105,0.6100825181713104
47,2.750000000000001,-10.552763819095476,0.5817410005088562
48,2.750000000000001,-10.351758793969848,0.5547360626357541
49,2.750000000000001,-10.15075376884422,0.5284494231886132
50,2.750000000000001,-9.949748743718592,0.502118656745543
51,2.750000000000001,-9.748743718592964,0.47558643663315137
52,2.750000000000001,-9.547738693467336,0.44930315908125856
53,2.750000000000001,-9.346733668341708,0.4244718533078139
54,2.750000000000001,-9.14572864321608,0.40293956250461666
55,2.750000000000001,-8.944723618090451,0.3860338648049878
56,2.750000000000001,-8.743718592964823,0.37337112397224953
57,2.750000000000001,-8.542713567839195,0.3631896605231696
58,2.750000000000001,-8.341708542713567,0.3536096651270202
59,2.750000000000001,-8.140703517587939,0.34372885344485776
60,2.750000000000001,-7.939698492462311,0.33442433563074714
61,2.750000000000001,-7.738693467336683,0.32804913600965374
62,2.750000000000001,-7.537688442211055,0.3267548320790136
63,2.750000000000001,-7.3366834170854265,0.33089533815929495
64,2.750000000000001,-7.135678391959798,0.33849613697272074
65,2.750000000000001,-6.93467336683417,0.3463698397492826
66,2.750000000000001,-6.733668341708542,0.3524931090182322
67,2.750000000000001,-6.532663316582914,0.35810848963500785
68,2.750000000000001,-6.331658291457286,0.3681763605581848
69,2.750000000000001,-6.130653266331658,0.3895936133464624
70,2.750000000000001,-5.92964824120603,0.42797745672416704
71,2.750000000000001,-5.7286432160804015,0.4845983093865585
72,2.750000000000001,-5.527638190954773,0.5550669962642989
73,2.750000000000001,-5.326633165829145,0.6303433271365628
74,2.750000000000001,-5.125628140703517,0.6995250947169561
75,2.750000000000001,-4.924623115577889,0.7530708138944021
76,2.750000000000001,-4.723618090452261,0.7851560475298054
77,2.750000000000001,-4.522613065326633,0.7944701826269147
78,2.750000000000001,-4.321608040201005,0.783582129950213
79,2.750000000000001,-4.1206030150753765,0.7574728392947604
80,2.750000000000001,-3.9195979899497466,0.7219376798456102
81,2.750000000000001,-3.7185929648241185,0.6823585158867438
82,2.750000000000001,-3.5175879396984904,0.643024485079756
83,2.750000000000001,-3.3165829145728623,0.6069626196903168
84,2.750000000000001,-3.115577889447234,0.5760833510371868
85,2.750000000000001,-2.914572864321606,0.5514778834972051
86,2.750000000000001,-2.713567839195978,0.5337366796079588
87,2.750000000000001,-2.5125628140703498,0.5232217339571537
88,2.750000000000001,-2.3115577889447216,0.5202774354869173
89,2.750000000000001,-2.1105527638190935,0.5253743241590153
90,2.750000000000001,-1.9095477386934654,0.5391805572341289
91,2.750000000000001,-1.7085427135678373,0.5625167705933612
92,2.750000000000001,-1.5075376884422091,0.5960576611307743
93,2.750000000000001,-1.306532663316581,0.6395060103959261
94,2.750000000000001,-1.105527638190953,0.6900049048261764
95,2.750000000000001,-0.9045226130653248,0.740535085988694
96,2.750000000000001,-0.7035175879396967,0.780933145936688
97,2.750000000000001,-0.5025125628140685,0.8033417048322606
98,2.750000000000001,-0.3015075376884404,0.8084881373064932
99,2.750000000000001,-0.10050251256281229,0.8068655676562515
100,2.750000000000001,0.10050251256281584,0.8147867017165891
101,2.750000000000001,0.30150753768844396,0.84971886069597
102,2.750000000000001,0.5025125628140721,0.921615846949645
103,2.750000000000001,0.7035175879397002,0.9950472186450461
104,2.750000000000001,0.9045226130653283,0.9279079809152352
105,2.750000000000001,1.1055276381909565,0.6366596536770218
106,2.750000000000001,1.3065326633165846,0.36169222362185777
107,2.750000000000001,1.5075376884422127,0.22011631524444508
108,2.750000000000001,1.7085427135678408,0.14467153558274667
109,2.750000000000001,1.909547738693469,0.10027078679289544
110,2.750000000000001,2.110552763819097,0.07236167801252381
111,2.750000000000001,2.311557788944725,0.05373545972405358
112,2.750000000000001,2.5125628140703533,0.039062547623010146
113,2.750000000000001,2.7135678391959814,0.032879729631961924
114,2.750000000000001,2.9145728643216096,0.027142382063688755
115,2.750000000000001,3.1155778894472377,0.01321470107199679
116,2.750000000000001,3.316582914572866,0.038587805937367
117,2.750000000000001,3.517587939698494,0.00935124632711553
118,2.750000000000001,3.718592964824122,0.061568956580732755
119,2.750000000000001,3.91959798994975,0.07224927463993708
120,2.750000000000001,4.120603015075378,0.06356669074244362
121,2.750000000000001,4.321608040201006,0.19304797781887414
122,2.750000000000001,4.5226130653266345,0.1534105248509993
123,2.750000000000001,4.723618090452263,0.177101969465542
124,2.750000000000001,4.924623115577891,0.31061793261664145
125,2.750000000000001,5.125628140703519,0.31130799995482883
126,2.750000000000001,5.326633165829147,0.26722463946997355
127,2.750000000000001,5.527638190954775,0.3336363819540415
128,2.750000000000001,5.728643216080403,0.418363055812671
129,2.750000000000001,5.929648241206031,0.4150283757852497
130,2.750000000000001,6.1306532663316595,0.3632645026200203
131,2.750000000000001,6.331658291457288,0.35873415172981765
132,2.750000000000001,6.532663316582916,0.4132883482963342
133,2.750000000000001,6.733668341708544,0.43218173280794653
134,2.750000000000001,6.934673366834172,0.4236928987743606
135,2.750000000000001,7.1356783919598,0.4108420332380666
136,2.750000000000001,7.336683417085428,0.35173938646308733
137,2.750000000000001,7.537688442211056,0.3177863904884932
138,2.750000000000001,7.7386934673366845,0.3771505890633339
139,2.750000000000001,7.939698492462313,0.427463078570939
140,2.750000000000001,8.14070351758794,0.35648002008043495
141,2.750000000000001,8.341708542713569,0.27043550272589906
142,2.750000000000001,8.542713567839197,0.29727143214899837
143,2.750000000000001,8.743718592964825,0.37211501399429026
144,2.750000000000001,8.944723618090453,0.36526798766897517
145,2.750000000000001,9.145728643216081,0.2611619797941567
146,2.750000000000001,9.34673366834171,0.15917446000225408
147,2.750000000000001,9.547738693467338,0.17253236952766257
148,2.750000000000001,9.748743718592966,0.28957679813319037
149,2.750000000000001,9.949748743718594,0.40105739995543765
150,2.750000000000001,10.150753768844222,0.38749256887755956
151,2.750000000000001,10.35175879396985,0.2665151583850647
152,2.750000000000001,10.552763819095478,0.12634935247583326
153,2.750000000000001,10.753768844221106,0.04450257441736096
154,2.750000000000001,10.954773869346734,0.07815564249659583
155,2.750000000000001,11.155778894472363,0.18078501830961913
156,2.750000000000001,11.35678391959799,0.2992023207740081
157,2.750000000000001,11.557788944723619,0.401607130082884
158,2.750000000000001,11.758793969849247,0.4038794573430459
159,2.750000000000001,11.959798994974875,0.29370485342655667
160,2.750000000000001,12.160804020100507,0.16959548406130576
161,2.750000000000001,12.361809045226131,0.07593566830400054
162,2.750000000000001,12.562814070351763,0.010598399019231998
163,2.750000000000001,12.763819095477388,0.012067820159356361
164,2.750000000000001,12.96482412060302,0.09134268283854996
165,2.750000000000001,13.165829145728644,0.17904108465187296
166,2.750000000000001,13.366834170854275,0.2297318563579074
167,2.750000000000001,13.5678391959799,0.27209794219257144
168,2.750000000000001,13.768844221105532,0.3432539300015295
169,2.750000000000001,13.969849246231156,0.3873444701171456
170,2.750000000000001,14.170854271356788,0.3467811390959059
171,2.750000000000001,14.371859296482413,0.2366943996340005
172,2.750000000000001,14.572864321608044,0.11385258450677757
173,2.750000000000001,14.773869346733669,0.04422255385168709
174,2.750000000000001,14.9748743718593,0.02189189386337137
175,2.750000000000001,15.175879396984925,0.008911954617191284
176,2.750000000000001,15.376884422110557,0.0050681736683292275
177,2.750000000000001,15.577889447236181,0.03041253123068622
178,2.750000000000001,15.778894472361813,0.10249537694869255
179,2.750000000000001,15.979899497487438,0.19198142405374963
180,2.750000000000001,16.18090452261307,0.2351682754394867
181,2.750000000000001,16.381909547738694,0.2241051951411328
182,2.750000000000001,16.582914572864325,0.1904135961689107
183,2.750000000000001,16.78391959798995,0.1413219534353574
184,2.750000000000001,16.98492462311558,0.10039305476832196
185,2.750000000000001,17.185929648241206,0.10648291747039915
186,2.750000000000001,17.386934673366838,0.15875049441881237
187,2.750000000000001,17.587939698492463,0.1930877910789664
188,2.750000000000001,17.788944723618094,0.17810245726407478
189,2.750000000000001,17.98994974874372,0.1409648014806852
190,2.750000000000001,18.19095477386935,0.10674254440350783
191,2.750000000000001,18.391959798994975,0.08785706305585811
192,2.750000000000001,18.592964824120607,0.0857676893024457
193,2.750000000000001,18.79396984924623,0.09150030784574847
194,2.750000000000001,18.994974874371863,0.08966604078046428
195,2.750000000000001,19.195979899497488,0.072962871033224
196,2.750000000000001,19.39698492462312,0.04874814911446471
197,2.750000000000001,19.597989949748744,0.030898898952039882
198,2.750000000000001,19.798994974874375,0.034561220369364876
199,2.750000000000001,20.0,0.052357296256416115
