,t,height,fid
0,2.350000000000001,-20.0,0.1891610116038663
1,2.350000000000001,-19.798994974874372,0.21938895945124245
2,2.350000000000001,-19.597989949748744,0.2564947637451335
3,2.350000000000001,-19.396984924623116,0.29758767048669676
4,2.350000000000001,-19.195979899497488,0.3407729966536645
5,2.350000000000001,-18.99497487437186,0.3851514428232988
6,2.350000000000001,-18.79396984924623,0.4297214536178071
7,2.350000000000001,-18.592964824120603,0.4743320805392713
8,2.350000000000001,-18.391959798994975,0.5177838608672729
9,2.350000000000001,-18.190954773869347,0.555868669096407
10,2.350000000000001,-17.98994974874372,0.5852181861065286
11,2.350000000000001,-17.78894472361809,0.6063844880529794
12,2.350000000000001,-17.587939698492463,0.6214079072803256
13,2.350000000000001,-17.386934673366834,0.6319238808639015
14,2.350000000000001,-17.185929648241206,0.6384705755287743
15,2.350000000000001,-16.984924623115578,0.6401879140957729
16,2.350000000000001,-16.78391959798995,0.6378636495164494
17,2.350000000000001,-16.582914572864322,0.6341526951652838
18,2.350000000000001,-16.381909547738694,0.6298684561145987
19,2.350000000000001,-16.180904522613066,0.6237321828189991
20,2.350000000000001,-15.979899497487438,0.614425569562409
21,2.350000000000001,-15.77889447236181,0.6025947809090544
22,2.350000000000001,-15.577889447236181,0.5899138490868818
23,2.350000000000001,-15.376884422110553,0.5762354745363135
24,2.350000000000001,-15.175879396984925,0.5606104499006357
25,2.350000000000001,-14.974874371859297,0.5430412535300903
26,2.350000000000001,-14.773869346733669,0.5237987009935091
27,2.350000000000001,-14.57286432160804,0.5020670517824922
28,2.350000000000001,-14.371859296482413,0.4774995224582791
29,2.350000000000001,-14.170854271356784,0.4518427118167713
30,2.350000000000001,-13.969849246231156,0.4274372768738143
31,2.350000000000001,-13.768844221105528,0.40596357319470844
32,2.350000000000001,-13.5678391959799,0.3887812375988316
33,2.350000000000001,-13.366834170854272,0.3761075255802138
34,2.350000000000001,-13.165829145728644,0.36652809854069923
35,2.350000000000001,-12.964824120603016,0.3584887881149658
36,2.350000000000001,-12.763819095477388,0.3508909919283619
37,2.350000000000001,-12.56281407035176,0.3428099788134468
38,2.350000000000001,-12.361809045226131,0.33368669804490914
39,2.350000000000001,-12.160804020100503,0.32301749004624847
40,2.350000000000001,-11.959798994974873,0.31073643139229185
41,2.350000000000001,-11.758793969849245,0.29798367371249024
42,2.350000000000001,-11.557788944723617,0.2868117194798693
43,2.350000000000001,-11.356783919597989,0.27930874683340284
44,2.350000000000001,-11.15577889447236,0.27652565653761213
45,2.350000000000001,-10.954773869346733,0.2783156564670568
46,2.350000000000001,-10.753768844221105,0.28374424538208953
47,2.350000000000001,-10.552763819095476,0.2912264287680476
48,2.350000000000001,-10.351758793969848,0.29848323553622624
49,2.350000000000001,-10.15075376884422,0.3031356436399282
50,2.350000000000001,-9.949748743718592,0.3038437829310717
51,2.350000000000001,-9.748743718592964,0.30087610083284266
52,2.350000000000001,-9.547738693467336,0.29595000150656525
53,2.350000000000001,-9.346733668341708,0.292088836737823
54,2.350000000000001,-9.14572864321608,0.2932872362977935
55,2.350000000000001,-8.944723618090451,0.3035191831424847
56,2.350000000000001,-8.743718592964823,0.3257581670495219
57,2.350000000000001,-8.542713567839195,0.3614016633774099
58,2.350000000000001,-8.341708542713567,0.40979288253622115
59,2.350000000000001,-8.140703517587939,0.4682037037093559
60,2.350000000000001,-7.939698492462311,0.5323166450420567
61,2.350000000000001,-7.738693467336683,0.5969039016938109
62,2.350000000000001,-7.537688442211055,0.6566910375593017
63,2.350000000000001,-7.3366834170854265,0.7071555987797519
64,2.350000000000001,-7.135678391959798,0.7450861452098091
65,2.350000000000001,-6.93467336683417,0.7688531900237353
66,2.350000000000001,-6.733668341708542,0.778356256126079
67,2.350000000000001,-6.532663316582914,0.7747609983088465
68,2.350000000000001,-6.331658291457286,0.7601181085914058
69,2.350000000000001,-6.130653266331658,0.736965612875291
70,2.350000000000001,-5.92964824120603,0.7079721971347209
71,2.350000000000001,-5.7286432160804015,0.6756495409975591
72,2.350000000000001,-5.527638190954773,0.6421655465776618
73,2.350000000000001,-5.326633165829145,0.6092464299276389
74,2.350000000000001,-5.125628140703517,0.5781664151570021
75,2.350000000000001,-4.924623115577889,0.5497984371085222
76,2.350000000000001,-4.723618090452261,0.5246983167149781
77,2.350000000000001,-4.522613065326633,0.5031905584537091
78,2.350000000000001,-4.321608040201005,0.4854389067987425
79,2.350000000000001,-4.1206030150753765,0.4715122817375857
80,2.350000000000001,-3.9195979899497466,0.46144644977362076
81,2.350000000000001,-3.7185929648241185,0.45529620929155845
82,2.350000000000001,-3.5175879396984904,0.4531638083108013
83,2.350000000000001,-3.3165829145728623,0.4552308866450024
84,2.350000000000001,-3.115577889447234,0.46178855554894377
85,2.350000000000001,-2.914572864321606,0.47325745547035897
86,2.350000000000001,-2.713567839195978,0.4901975825568298
87,2.350000000000001,-2.5125628140703498,0.5132963879612936
88,2.350000000000001,-2.3115577889447216,0.5432715214268389
89,2.350000000000001,-2.1105527638190935,0.5806153956149648
90,2.350000000000001,-1.9095477386934654,0.6249966726736805
91,2.350000000000001,-1.7085427135678373,0.6742423226077849
92,2.350000000000001,-1.5075376884422091,0.7234844744878761
93,2.350000000000001,-1.306532663316581,0.7657683592542949
94,2.350000000000001,-1.105527638190953,0.7946625327765376
95,2.350000000000001,-0.9045226130653248,0.8074597574834894
96,2.350000000000001,-0.7035175879396967,0.8066775896486501
97,2.350000000000001,-0.5025125628140685,0.7990725602462387
98,2.350000000000001,-0.3015075376884404,0.7934345676606389
99,2.350000000000001,-0.10050251256281229,0.798882601590016
100,2.350000000000001,0.10050251256281584,0.824099763045872
101,2.350000000000001,0.30150753768844396,0.8753609847554467
102,2.350000000000001,0.5025125628140721,0.9460293359191473
103,2.350000000000001,0.7035175879397002,0.9883221565209154
104,2.350000000000001,0.9045226130653283,0.9057127483196272
105,2.350000000000001,1.1055276381909565,0.6756073764239051
106,2.350000000000001,1.3065326633165846,0.4406751785429913
107,2.350000000000001,1.5075376884422127,0.29169396106054146
108,2.350000000000001,1.7085427135678408,0.20330489470102941
109,2.350000000000001,1.909547738693469,0.14774485132548346
110,2.350000000000001,2.110552763819097,0.11083590253659226
111,2.350000000000001,2.311557788944725,0.08520371642516827
112,2.350000000000001,2.5125628140703533,0.06688151265119056
113,2.350000000000001,2.7135678391959814,0.05345210050591786
114,2.350000000000001,2.9145728643216096,0.04237818555431485
115,2.350000000000001,3.1155778894472377,0.03685712790939389
116,2.350000000000001,3.316582914572866,0.02596949044902196
117,2.350000000000001,3.517587939698494,0.030583422594559345
118,2.350000000000001,3.718592964824122,0.011164220521124812
119,2.350000000000001,3.91959798994975,0.037216110896163244
120,2.350000000000001,4.120603015075378,0.00704727205937967
121,2.350000000000001,4.321608040201006,0.030983763361931684
122,2.350000000000001,4.5226130653266345,0.06816109915074076
123,2.350000000000001,4.723618090452263,0.017468182219046544
124,2.350000000000001,4.924623115577891,0.07671009340432836
125,2.350000000000001,5.125628140703519,0.15016229214421417
126,2.350000000000001,5.326633165829147,0.10624664044197264
127,2.350000000000001,5.527638190954775,0.10467933713356499
128,2.350000000000001,5.728643216080403,0.2074842637203751
129,2.350000000000001,5.929648241206031,0.2696233397053459
130,2.350000000000001,6.1306532663316595,0.23558231225329843
131,2.350000000000001,6.331658291457288,0.20789095259001728
132,2.350000000000001,6.532663316582916,0.2585973970042508
133,2.350000000000001,6.733668341708544,0.34205973311957777
134,2.350000000000001,6.934673366834172,0.37779723993342074
135,2.350000000000001,7.1356783919598,0.35341350984058173
136,2.350000000000001,7.336683417085428,0.31889225962336004
137,2.350000000000001,7.537688442211056,0.3105377368980226
138,2.350000000000001,7.7386934673366845,0.3409591722251612
139,2.350000000000001,7.939698492462313,0.3959514204250538
140,2.350000000000001,8.14070351758794,0.4195978217288724
141,2.350000000000001,8.341708542713569,0.39276720364726414
142,2.350000000000001,8.542713567839197,0.3711897853192227
143,2.350000000000001,8.743718592964825,0.36877502935791673
144,2.350000000000001,8.944723618090453,0.34874624846610197
145,2.350000000000001,9.145728643216081,0.31170900937945845
146,2.350000000000001,9.34673366834171,0.3070306254624651
147,2.350000000000001,9.547738693467338,0.3621099021218527
148,2.350000000000001,9.748743718592966,0.4208185971155648
149,2.350000000000001,9.949748743718594,0.4032265729457362
150,2.350000000000001,10.150753768844222,0.3157828631305018
151,2.350000000000001,10.35175879396985,0.24595866855756718
152,2.350000000000001,10.552763819095478,0.2529998259671397
153,2.350000000000001,10.753768844221106,0.31744284918337046
154,2.350000000000001,10.954773869346734,0.37099808216847174
155,2.350000000000001,11.155778894472363,0.3630924353482514
156,2.350000000000001,11.35678391959799,0.29127014056419653
157,2.350000000000001,11.557788944723619,0.1946472242934702
158,2.350000000000001,11.758793969849247,0.14224033787864104
159,2.350000000000001,11.959798994974875,0.16688898538440383
160,2.350000000000001,12.160804020100507,0.2530153209508618
161,2.350000000000001,12.361809045226131,0.35814101004755095
162,2.350000000000001,12.562814070351763,0.41075223198248967
163,2.350000000000001,12.763819095477388,0.37954841655312505
164,2.350000000000001,12.96482412060302,0.29752935163435046
165,2.350000000000001,13.165829145728644,0.19330329122133114
166,2.350000000000001,13.366834170854275,0.09143436664288407
167,2.350000000000001,13.5678391959799,0.03915846402358565
168,2.350000000000001,13.768844221105532,0.05650157761015337
169,2.350000000000001,13.969849246231156,0.11419083594039561
170,2.350000000000001,14.170854271356788,0.1900047699224965
171,2.350000000000001,14.371859296482413,0.28712244967924694
172,2.350000000000001,14.572864321608044,0.38307888307817806
173,2.350000000000001,14.773869346733669,0.42265452653714725
174,2.350000000000001,14.9748743718593,0.37909921824223114
175,2.350000000000001,15.175879396984925,0.2939987544017257
176,2.350000000000001,15.376884422110557,0.21494717647700406
177,2.350000000000001,15.577889447236181,0.14945930117782294
178,2.350000000000001,15.778894472361813,0.08405284490359566
179,2.350000000000001,15.979899497487438,0.023306889903825782
180,2.350000000000001,16.18090452261307,0.0002681896711729516
181,2.350000000000001,16.381909547738694,0.028179213760060343
182,2.350000000000001,16.582914572864325,0.08466214565652527
183,2.350000000000001,16.78391959798995,0.13551170589389358
184,2.350000000000001,16.98492462311558,0.16314000742960172
185,2.350000000000001,17.185929648241206,0.1920034974665725
186,2.350000000000001,17.386934673366838,0.2502359594788159
187,2.350000000000001,17.587939698492463,0.32372136639977867
188,2.350000000000001,17.788944723618094,0.38233115873999185
189,2.350000000000001,17.98994974874372,0.4065604027793131
190,2.350000000000001,18.19095477386935,0.3733771780058018
191,2.350000000000001,18.391959798994975,0.28243837355026896
192,2.350000000000001,18.592964824120607,0.17821450406430908
193,2.350000000000001,18.79396984924623,0.10681375986846202
194,2.350000000000001,18.994974874371863,0.07177740749772762
195,2.350000000000001,19.195979899497488,0.0522816055211134
196,2.350000000000001,19.39698492462312,0.04017440297059142
197,2.350000000000001,19.597989949748744,0.03161763816535303
198,2.350000000000001,19.798994974874375,0.023101952596922513
199,2.350000000000001,20.0,0.02206940768097909
