,t,height,fid
0,2.0000000000000004,-20.0,0.3772435288976788
1,2.0000000000000004,-19.798994974874372,0.37122580881004585
2,2.0000000000000004,-19.597989949748744,0.3667111093908424
3,2.0000000000000004,-19.396984924623116,0.3623746304159663
4,2.0000000000000004,-19.195979899497488,0.3582868228079864
5,2.0000000000000004,-18.99497487437186,0.3547846303972687
6,2.0000000000000004,-18.79396984924623,0.35135414310081065
7,2.0000000000000004,-18.592964824120603,0.3462192123850657
8,2.0000000000000004,-18.391959798994975,0.3374153000028636
9,2.0000000000000004,-18.190954773869347,0.32480974434321425
10,2.0000000000000004,-17.98994974874372,0.3098883397304902
11,2.0000000000000004,-17.78894472361809,0.2940652128454108
12,2.0000000000000004,-17.587939698492463,0.2782319822241812
13,2.0000000000000004,-17.386934673366834,0.26343033431394264
14,2.0000000000000004,-17.185929648241206,0.2512660718694322
15,2.0000000000000004,-16.984924623115578,0.24282395655537786
16,2.0000000000000004,-16.78391959798995,0.23774068369188073
17,2.0000000000000004,-16.582914572864322,0.23518525104827614
18,2.0000000000000004,-16.381909547738694,0.23496110059606426
19,2.0000000000000004,-16.180904522613066,0.2371970178834859
20,2.0000000000000004,-15.979899497487438,0.24164343530664417
21,2.0000000000000004,-15.77889447236181,0.247968822412211
22,2.0000000000000004,-15.577889447236181,0.25580947939319487
23,2.0000000000000004,-15.376884422110553,0.26398518064266524
24,2.0000000000000004,-15.175879396984925,0.27058361907857714
25,2.0000000000000004,-14.974874371859297,0.2740711363885055
26,2.0000000000000004,-14.773869346733669,0.27372985978611314
27,2.0000000000000004,-14.57286432160804,0.269582535898746
28,2.0000000000000004,-14.371859296482413,0.26246556175703084
29,2.0000000000000004,-14.170854271356784,0.25351576417355237
30,2.0000000000000004,-13.969849246231156,0.24358817064565338
31,2.0000000000000004,-13.768844221105528,0.23358202102686948
32,2.0000000000000004,-13.5678391959799,0.22485922073579162
33,2.0000000000000004,-13.366834170854272,0.2193262054856657
34,2.0000000000000004,-13.165829145728644,0.21913964440358755
35,2.0000000000000004,-12.964824120603016,0.22593297204417656
36,2.0000000000000004,-12.763819095477388,0.24045370877391997
37,2.0000000000000004,-12.56281407035176,0.2628565863522547
38,2.0000000000000004,-12.361809045226131,0.2930938422706017
39,2.0000000000000004,-12.160804020100503,0.3308648231284581
40,2.0000000000000004,-11.959798994974873,0.3751270541383093
41,2.0000000000000004,-11.758793969849245,0.4239951140398961
42,2.0000000000000004,-11.557788944723617,0.4752605486065963
43,2.0000000000000004,-11.356783919597989,0.5268770636347184
44,2.0000000000000004,-11.15577889447236,0.576833636212921
45,2.0000000000000004,-10.954773869346733,0.6229829541771351
46,2.0000000000000004,-10.753768844221105,0.6634018275554222
47,2.0000000000000004,-10.552763819095476,0.6968098975040082
48,2.0000000000000004,-10.351758793969848,0.7224456507783876
49,2.0000000000000004,-10.15075376884422,0.7398812109000718
50,2.0000000000000004,-9.949748743718592,0.7491797875536941
51,2.0000000000000004,-9.748743718592964,0.7508988235889679
52,2.0000000000000004,-9.547738693467336,0.7458133080193481
53,2.0000000000000004,-9.346733668341708,0.7348343813507728
54,2.0000000000000004,-9.14572864321608,0.7189896952355558
55,2.0000000000000004,-8.944723618090451,0.6992801777264745
56,2.0000000000000004,-8.743718592964823,0.676663928875349
57,2.0000000000000004,-8.542713567839195,0.6520622006291695
58,2.0000000000000004,-8.341708542713567,0.6263309533889402
59,2.0000000000000004,-8.140703517587939,0.6002585825488918
60,2.0000000000000004,-7.939698492462311,0.5745361266737077
61,2.0000000000000004,-7.738693467336683,0.549729269330988
62,2.0000000000000004,-7.537688442211055,0.5262645734490718
63,2.0000000000000004,-7.3366834170854265,0.5044342637044763
64,2.0000000000000004,-7.135678391959798,0.4844172947007106
65,2.0000000000000004,-6.93467336683417,0.46630545609855967
66,2.0000000000000004,-6.733668341708542,0.45012784696922487
67,2.0000000000000004,-6.532663316582914,0.4358890028602507
68,2.0000000000000004,-6.331658291457286,0.42359404371675197
69,2.0000000000000004,-6.130653266331658,0.4132647948475162
70,2.0000000000000004,-5.92964824120603,0.4049202069473069
71,2.0000000000000004,-5.7286432160804015,0.3985522038351368
72,2.0000000000000004,-5.527638190954773,0.3941327650237427
73,2.0000000000000004,-5.326633165829145,0.39165699809463433
74,2.0000000000000004,-5.125628140703517,0.39117979683371995
75,2.0000000000000004,-4.924623115577889,0.39281309572851686
76,2.0000000000000004,-4.723618090452261,0.3966968378689468
77,2.0000000000000004,-4.522613065326633,0.402988079222724
78,2.0000000000000004,-4.321608040201005,0.41188863860869923
79,2.0000000000000004,-4.1206030150753765,0.42369343631315154
80,2.0000000000000004,-3.9195979899497466,0.43879913017189665
81,2.0000000000000004,-3.7185929648241185,0.4576687401893674
82,2.0000000000000004,-3.5175879396984904,0.4808067156614979
83,2.0000000000000004,-3.3165829145728623,0.5087793007462127
84,2.0000000000000004,-3.115577889447234,0.5421702914004592
85,2.0000000000000004,-2.914572864321606,0.5812719409827201
86,2.0000000000000004,-2.713567839195978,0.6254463158861121
87,2.0000000000000004,-2.5125628140703498,0.6724646346524509
88,2.0000000000000004,-2.3115577889447216,0.7183793306504821
89,2.0000000000000004,-2.1105527638190935,0.7582845047078325
90,2.0000000000000004,-1.9095477386934654,0.7877615147508041
91,2.0000000000000004,-1.7085427135678373,0.8043025293993309
92,2.0000000000000004,-1.5075376884422091,0.8080393828353212
93,2.0000000000000004,-1.306532663316581,0.8015293213335423
94,2.0000000000000004,-1.105527638190953,0.7888897374382532
95,2.0000000000000004,-0.9045226130653248,0.7748094738305257
96,2.0000000000000004,-0.7035175879396967,0.7638552114652318
97,2.0000000000000004,-0.5025125628140685,0.760224726917846
98,2.0000000000000004,-0.3015075376884404,0.7678494405397662
99,2.0000000000000004,-0.10050251256281229,0.7905183969042474
100,2.0000000000000004,0.10050251256281584,0.8312068200270916
101,2.0000000000000004,0.30150753768844396,0.888523176673423
102,2.0000000000000004,0.5025125628140721,0.9468475657036509
103,2.0000000000000004,0.7035175879397002,0.9635859616402769
104,2.0000000000000004,0.9045226130653283,0.8838813212792258
105,2.0000000000000004,1.1055276381909565,0.7078323484086059
106,2.0000000000000004,1.3065326633165846,0.515128309493212
107,2.0000000000000004,1.5075376884422127,0.36968053142208995
108,2.0000000000000004,1.7085427135678408,0.27247914642421894
109,2.0000000000000004,1.909547738693469,0.20690817119786423
110,2.0000000000000004,2.110552763819097,0.16112851150273075
111,2.0000000000000004,2.311557788944725,0.12808584144005766
112,2.0000000000000004,2.5125628140703533,0.10355049117206278
113,2.0000000000000004,2.7135678391959814,0.08488757789448194
114,2.0000000000000004,2.9145728643216096,0.07045818653714815
115,2.0000000000000004,3.1155778894472377,0.058959580406742915
116,2.0000000000000004,3.316582914572866,0.05003435170448887
117,2.0000000000000004,3.517587939698494,0.042203923458879654
118,2.0000000000000004,3.718592964824122,0.03727986408293298
119,2.0000000000000004,3.91959798994975,0.029487788180916564
120,2.0000000000000004,4.120603015075378,0.031513273731742474
121,2.0000000000000004,4.321608040201006,0.019002928320219905
122,2.0000000000000004,4.5226130653266345,0.023285246436523396
123,2.0000000000000004,4.723618090452263,0.03133351583529194
124,2.0000000000000004,4.924623115577891,0.0037332938904416557
125,2.0000000000000004,5.125628140703519,0.02589214684906927
126,2.0000000000000004,5.326633165829147,0.056474587775675364
127,2.0000000000000004,5.527638190954775,0.020597866112576503
128,2.0000000000000004,5.728643216080403,0.01404260903297505
129,2.0000000000000004,5.929648241206031,0.08116451620862862
130,2.0000000000000004,6.1306532663316595,0.11723069802784562
131,2.0000000000000004,6.331658291457288,0.08016139360685517
132,2.0000000000000004,6.532663316582916,0.05770072219104034
133,2.0000000000000004,6.733668341708544,0.11129747567027182
134,2.0000000000000004,6.934673366834172,0.191686068793189
135,2.0000000000000004,7.1356783919598,0.2220272563231999
136,2.0000000000000004,7.336683417085428,0.19366221979644335
137,2.0000000000000004,7.537688442211056,0.16108439972440083
138,2.0000000000000004,7.7386934673366845,0.17381247150402138
139,2.0000000000000004,7.939698492462313,0.23127378980325738
140,2.0000000000000004,8.14070351758794,0.2956358903569283
141,2.0000000000000004,8.341708542713569,0.33090884737877235
142,2.0000000000000004,8.542713567839197,0.32375826249489387
143,2.0000000000000004,8.743718592964825,0.29233179715927493
144,2.0000000000000004,8.944723618090453,0.2695169017638582
145,2.0000000000000004,9.145728643216081,0.2703096264919862
146,2.0000000000000004,9.34673366834171,0.28948479914278946
147,2.0000000000000004,9.547738693467338,0.320389584742667
148,2.0000000000000004,9.748743718592966,0.3611127889102787
149,2.0000000000000004,9.949748743718594,0.3930927188491689
150,2.0000000000000004,10.150753768844222,0.38791333684716645
151,2.0000000000000004,10.35175879396985,0.35203152165637847
152,2.0000000000000004,10.552763819095478,0.32380656316069073
153,2.0000000000000004,10.753768844221106,0.32284211114170214
154,2.0000000000000004,10.954773869346734,0.3328661753548334
155,2.0000000000000004,11.155778894472363,0.3287686042127422
156,2.0000000000000004,11.35678391959799,0.3049810614492113
157,2.0000000000000004,11.557788944723619,0.2825347100061123
158,2.0000000000000004,11.758793969849247,0.29177149300818317
159,2.0000000000000004,11.959798994974875,0.3400657636286125
160,2.0000000000000004,12.160804020100507,0.3961590081945565
161,2.0000000000000004,12.361809045226131,0.4150242444025349
162,2.0000000000000004,12.562814070351763,0.3752841850894634
163,2.0000000000000004,12.763819095477388,0.299190127671532
164,2.0000000000000004,12.96482412060302,0.2323933553884319
165,2.0000000000000004,13.165829145728644,0.20782647986039915
166,2.0000000000000004,13.366834170854275,0.23387429555675002
167,2.0000000000000004,13.5678391959799,0.2910871275421465
168,2.0000000000000004,13.768844221105532,0.34439341351437186
169,2.0000000000000004,13.969849246231156,0.3696510858109321
170,2.0000000000000004,14.170854271356788,0.35574628338952774
171,2.0000000000000004,14.371859296482413,0.2997075829896695
172,2.0000000000000004,14.572864321608044,0.22093615155182408
173,2.0000000000000004,14.773869346733669,0.15572473858508096
174,2.0000000000000004,14.9748743718593,0.1260825115125237
175,2.0000000000000004,15.175879396984925,0.1360984812149588
176,2.0000000000000004,15.376884422110557,0.18834310124460443
177,2.0000000000000004,15.577889447236181,0.2730152530961861
178,2.0000000000000004,15.778894472361813,0.3538774277662029
179,2.0000000000000004,15.979899497487438,0.39559087382340274
180,2.0000000000000004,16.18090452261307,0.39460169038426335
181,2.0000000000000004,16.381909547738694,0.366996181583571
182,2.0000000000000004,16.582914572864325,0.31714795540909846
183,2.0000000000000004,16.78391959798995,0.24084600939535913
184,2.0000000000000004,16.98492462311558,0.15043134323801496
185,2.0000000000000004,17.185929648241206,0.07513741597197299
186,2.0000000000000004,17.386934673366838,0.03797361823055882
187,2.0000000000000004,17.587939698492463,0.036263918462925974
188,2.0000000000000004,17.788944723618094,0.053521103898450724
189,2.0000000000000004,17.98994974874372,0.0838346174253971
190,2.0000000000000004,18.19095477386935,0.13409536267905395
191,2.0000000000000004,18.391959798994975,0.2108803970990195
192,2.0000000000000004,18.592964824120607,0.30204122473019884
193,2.0000000000000004,18.79396984924623,0.37407693290462346
194,2.0000000000000004,18.994974874371863,0.4015144250681589
195,2.0000000000000004,19.195979899497488,0.38641559374581597
196,2.0000000000000004,19.39698492462312,0.3465472302315466
197,2.0000000000000004,19.597989949748744,0.30364284321902224
198,2.0000000000000004,19.798994974874375,0.2736367292701281
199,2.0000000000000004,20.0,0.2501077497174569
