,t,height,fid
0,2.450000000000001,-20.0,0.17851708366484303
1,2.450000000000001,-19.798994974874372,0.158998773864658
2,2.450000000000001,-19.597989949748744,0.14462972851765796
3,2.450000000000001,-19.396984924623116,0.13743321033021283
4,2.450000000000001,-19.195979899497488,0.13643422178291517
5,2.450000000000001,-18.99497487437186,0.13962771520075273
6,2.450000000000001,-18.79396984924623,0.14778743050173243
7,2.450000000000001,-18.592964824120603,0.16266295309867468
8,2.450000000000001,-18.391959798994975,0.18450965063433156
9,2.450000000000001,-18.190954773869347,0.21257272595994134
10,2.450000000000001,-17.98994974874372,0.24569724487642705
11,2.450000000000001,-17.78894472361809,0.28206799255453213
12,2.450000000000001,-17.587939698492463,0.3219156155029447
13,2.450000000000001,-17.386934673366834,0.36690651095154536
14,2.450000000000001,-17.185929648241206,0.4159982530563922
15,2.450000000000001,-16.984924623115578,0.4657125527867912
16,2.450000000000001,-16.78391959798995,0.5128726628473704
17,2.450000000000001,-16.582914572864322,0.5553256966223151
18,2.450000000000001,-16.381909547738694,0.5926649680099051
19,2.450000000000001,-16.180904522613066,0.6240034092112053
20,2.450000000000001,-15.979899497487438,0.6466879701115263
21,2.450000000000001,-15.77889447236181,0.6599844018777082
22,2.450000000000001,-15.577889447236181,0.6658875968185629
23,2.450000000000001,-15.376884422110553,0.6668069460170314
24,2.450000000000001,-15.175879396984925,0.663336450003465
25,2.450000000000001,-14.974874371859297,0.6550120630174348
26,2.450000000000001,-14.773869346733669,0.6430997716164863
27,2.450000000000001,-14.57286432160804,0.6292116014238601
28,2.450000000000001,-14.371859296482413,0.6136193656507444
29,2.450000000000001,-14.170854271356784,0.5964694833477623
30,2.450000000000001,-13.969849246231156,0.5790803234457391
31,2.450000000000001,-13.768844221105528,0.561885153834327
32,2.450000000000001,-13.5678391959799,0.5435384260285434
33,2.450000000000001,-13.366834170854272,0.5229328488106082
34,2.450000000000001,-13.165829145728644,0.49978613086075413
35,2.450000000000001,-12.964824120603016,0.47428397468462163
36,2.450000000000001,-12.763819095477388,0.44815381500825185
37,2.450000000000001,-12.56281407035176,0.4239663189206234
38,2.450000000000001,-12.361809045226131,0.4033130245724521
39,2.450000000000001,-12.160804020100503,0.38676974139977155
40,2.450000000000001,-11.959798994974873,0.3739386927013771
41,2.450000000000001,-11.758793969849245,0.36384011333106064
42,2.450000000000001,-11.557788944723617,0.35552157133351425
43,2.450000000000001,-11.356783919597989,0.3476379537717732
44,2.450000000000001,-11.15577889447236,0.3386667521443584
45,2.450000000000001,-10.954773869346733,0.3276847093768683
46,2.450000000000001,-10.753768844221105,0.31525343641161496
47,2.450000000000001,-10.552763819095476,0.30332050286933837
48,2.450000000000001,-10.351758793969848,0.29410154027279717
49,2.450000000000001,-10.15075376884422,0.28919980410366325
50,2.450000000000001,-9.949748743718592,0.28934978580428666
51,2.450000000000001,-9.748743718592964,0.29414604506050085
52,2.450000000000001,-9.547738693467336,0.3016867766235283
53,2.450000000000001,-9.346733668341708,0.3091139673698368
54,2.450000000000001,-9.14572864321608,0.3139281922845605
55,2.450000000000001,-8.944723618090451,0.31494601882266543
56,2.450000000000001,-8.743718592964823,0.3128204978858179
57,2.450000000000001,-8.542713567839195,0.31035239938578363
58,2.450000000000001,-8.341708542713567,0.31195890912628815
59,2.450000000000001,-8.140703517587939,0.32245141130790417
60,2.450000000000001,-7.939698492462311,0.34579549592881004
61,2.450000000000001,-7.738693467336683,0.3839262453155215
62,2.450000000000001,-7.537688442211055,0.4360651713886675
63,2.450000000000001,-7.3366834170854265,0.49876612743574755
64,2.450000000000001,-7.135678391959798,0.5665333368383861
65,2.450000000000001,-6.93467336683417,0.6329042368642405
66,2.450000000000001,-6.733668341708542,0.6916503596357408
67,2.450000000000001,-6.532663316582914,0.7378224086978333
68,2.450000000000001,-6.331658291457286,0.7684170258715518
69,2.450000000000001,-6.130653266331658,0.7825582312766156
70,2.450000000000001,-5.92964824120603,0.7812613509729571
71,2.450000000000001,-5.7286432160804015,0.766905071831363
72,2.450000000000001,-5.527638190954773,0.7426169847803801
73,2.450000000000001,-5.326633165829145,0.7117165311981787
74,2.450000000000001,-5.125628140703517,0.6772939242129528
75,2.450000000000001,-4.924623115577889,0.6419602639187021
76,2.450000000000001,-4.723618090452261,0.6077358629387
77,2.450000000000001,-4.522613065326633,0.576058047866945
78,2.450000000000001,-4.321608040201005,0.547863590783336
79,2.450000000000001,-4.1206030150753765,0.523710399175427
80,2.450000000000001,-3.9195979899497466,0.5038997446789857
81,2.450000000000001,-3.7185929648241185,0.48857876367286224
82,2.450000000000001,-3.5175879396984904,0.4778305797264978
83,2.450000000000001,-3.3165829145728623,0.4717483245060015
84,2.450000000000001,-3.115577889447234,0.47048612990559396
85,2.450000000000001,-2.914572864321606,0.47430683037965365
86,2.450000000000001,-2.713567839195978,0.4836172066409304
87,2.450000000000001,-2.5125628140703498,0.49898245965253823
88,2.450000000000001,-2.3115577889447216,0.521113578355884
89,2.450000000000001,-2.1105527638190935,0.550763220692409
90,2.450000000000001,-1.9095477386934654,0.588417419645803
91,2.450000000000001,-1.7085427135678373,0.6335920068883599
92,2.450000000000001,-1.5075376884422091,0.6836625132022491
93,2.450000000000001,-1.306532663316581,0.7329549490425071
94,2.450000000000001,-1.105527638190953,0.7736898092246889
95,2.450000000000001,-0.9045226130653248,0.7993406417921249
96,2.450000000000001,-0.7035175879396967,0.8083590029432154
97,2.450000000000001,-0.5025125628140685,0.8053771188059875
98,2.450000000000001,-0.3015075376884404,0.7994277977836621
99,2.450000000000001,-0.10050251256281229,0.8012727227895605
100,2.450000000000001,0.10050251256281584,0.8216975671431994
101,2.450000000000001,0.30150753768844396,0.8695842695122045
102,2.450000000000001,0.5025125628140721,0.9419865201274155
103,2.450000000000001,0.7035175879397002,0.9923361684433231
104,2.450000000000001,0.9045226130653283,0.9116657136738401
105,2.450000000000001,1.1055276381909565,0.666031480602095
106,2.450000000000001,1.3065326633165846,0.42016856104981504
107,2.450000000000001,1.5075376884422127,0.27209780953909135
108,2.450000000000001,1.7085427135678408,0.18680740875653487
109,2.450000000000001,1.909547738693469,0.13412970782666506
110,2.450000000000001,2.110552763819097,0.09958781898678364
111,2.450000000000001,2.311557788944725,0.07580577191647686
112,2.450000000000001,2.5125628140703533,0.058939637107845486
113,2.450000000000001,2.7135678391959814,0.04719552265824428
114,2.450000000000001,2.9145728643216096,0.036093526081398715
115,2.450000000000001,3.1155778894472377,0.03263383510094753
116,2.450000000000001,3.316582914572866,0.022056996038137232
117,2.450000000000001,3.517587939698494,0.027705446737700007
118,2.450000000000001,3.718592964824122,0.009345805531269865
119,2.450000000000001,3.91959798994975,0.04577098365784807
120,2.450000000000001,4.120603015075378,0.0019458734105954768
121,2.450000000000001,4.321608040201006,0.06142945750140318
122,2.450000000000001,4.5226130653266345,0.0816316889983267
123,2.450000000000001,4.723618090452263,0.03692331106503777
124,2.450000000000001,4.924623115577891,0.13147777952643938
125,2.450000000000001,5.125628140703519,0.1902832754251886
126,2.450000000000001,5.326633165829147,0.13771480891384166
127,2.450000000000001,5.527638190954775,0.16202872319329967
128,2.450000000000001,5.728643216080403,0.2727089081129917
129,2.450000000000001,5.929648241206031,0.31617473458812867
130,2.450000000000001,6.1306532663316595,0.27378550072865654
131,2.450000000000001,6.331658291457288,0.2558543560377449
132,2.450000000000001,6.532663316582916,0.31380366291500605
133,2.450000000000001,6.733668341708544,0.3853006165506528
134,2.450000000000001,6.934673366834172,0.4067559683681431
135,2.450000000000001,7.1356783919598,0.37949065709189045
136,2.450000000000001,7.336683417085428,0.3366729665558179
137,2.450000000000001,7.537688442211056,0.3341496147699022
138,2.450000000000001,7.7386934673366845,0.37765629616924284
139,2.450000000000001,7.939698492462313,0.4035453661016885
140,2.450000000000001,8.14070351758794,0.39535089198157203
141,2.450000000000001,8.341708542713569,0.4030325194298243
142,2.450000000000001,8.542713567839197,0.4032746470434229
143,2.450000000000001,8.743718592964825,0.350333802137543
144,2.450000000000001,8.944723618090453,0.2887818871183736
145,2.450000000000001,9.145728643216081,0.2930290523141382
146,2.450000000000001,9.34673366834171,0.3631570238434227
147,2.450000000000001,9.547738693467338,0.4120529309007701
148,2.450000000000001,9.748743718592966,0.3676227755786131
149,2.450000000000001,9.949748743718594,0.2728457006620641
150,2.450000000000001,10.150753768844222,0.23019780494073874
151,2.450000000000001,10.35175879396985,0.27783087887137564
152,2.450000000000001,10.552763819095478,0.35544827270535834
153,2.450000000000001,10.753768844221106,0.38266802204618666
154,2.450000000000001,10.954773869346734,0.3314236182000041
155,2.450000000000001,11.155778894472363,0.22478702889168117
156,2.450000000000001,11.35678391959799,0.13437771475239108
157,2.450000000000001,11.557788944723619,0.11336655426037363
158,2.450000000000001,11.758793969849247,0.17306619238347534
159,2.450000000000001,11.959798994974875,0.290794797372057
160,2.450000000000001,12.160804020100507,0.38593145913667976
161,2.450000000000001,12.361809045226131,0.4027413435490569
162,2.450000000000001,12.562814070351763,0.3547191424250543
163,2.450000000000001,12.763819095477388,0.254068106217226
164,2.450000000000001,12.96482412060302,0.12779508193581288
165,2.450000000000001,13.165829145728644,0.043014053535339596
166,2.450000000000001,13.366834170854275,0.0299499897558053
167,2.450000000000001,13.5678391959799,0.0626088661307853
168,2.450000000000001,13.768844221105532,0.13050594656314976
169,2.450000000000001,13.969849246231156,0.23878593840745357
170,2.450000000000001,14.170854271356788,0.3513435277664779
171,2.450000000000001,14.371859296482413,0.4007913533073758
172,2.450000000000001,14.572864321608044,0.3741140469350011
173,2.450000000000001,14.773869346733669,0.31892794431958554
174,2.450000000000001,14.9748743718593,0.26886405184860157
175,2.450000000000001,15.175879396984925,0.21570445101611882
176,2.450000000000001,15.376884422110557,0.13550742695541285
177,2.450000000000001,15.577889447236181,0.05001396991217612
178,2.450000000000001,15.778894472361813,0.004609419370017306
179,2.450000000000001,15.979899497487438,0.010421316454467151
180,2.450000000000001,16.18090452261307,0.04328243515128635
181,2.450000000000001,16.381909547738694,0.07069955530245567
182,2.450000000000001,16.582914572864325,0.0974052569654324
183,2.450000000000001,16.78391959798995,0.15161123952840427
184,2.450000000000001,16.98492462311558,0.23194627145211047
185,2.450000000000001,17.185929648241206,0.317807500904205
186,2.450000000000001,17.386934673366838,0.38463781563858584
187,2.450000000000001,17.587939698492463,0.3897989138096676
188,2.450000000000001,17.788944723618094,0.31986421655216496
189,2.450000000000001,17.98994974874372,0.22158023541727684
190,2.450000000000001,18.19095477386935,0.14967081315140754
191,2.450000000000001,18.391959798994975,0.10911001591867668
192,2.450000000000001,18.592964824120607,0.08607146772138854
193,2.450000000000001,18.79396984924623,0.07896217969487684
194,2.450000000000001,18.994974874371863,0.0781773370628356
195,2.450000000000001,19.195979899497488,0.0689998654293111
196,2.450000000000001,19.39698492462312,0.05037267299359831
197,2.450000000000001,19.597989949748744,0.03943737475978635
198,2.450000000000001,19.798994974874375,0.047942419230569536
199,2.450000000000001,20.0,0.07252531389695134
