,t,height,fid
0,2.400000000000001,-20.0,0.13057144464155948
1,2.400000000000001,-19.798994974874372,0.1369537935477792
2,2.400000000000001,-19.597989949748744,0.14660098962206566
3,2.400000000000001,-19.396984924623116,0.16082570125968626
4,2.400000000000001,-19.195979899497488,0.18206184452323165
5,2.400000000000001,-18.99497487437186,0.2104238718606188
6,2.400000000000001,-18.79396984924623,0.24438293543067038
7,2.400000000000001,-18.592964824120603,0.28268475881787575
8,2.400000000000001,-18.391959798994975,0.32406832128638774
9,2.400000000000001,-18.190954773869347,0.3679303234912878
10,2.400000000000001,-17.98994974874372,0.4151945057779335
11,2.400000000000001,-17.78894472361809,0.46463329591948965
12,2.400000000000001,-17.587939698492463,0.5117518411204602
13,2.400000000000001,-17.386934673366834,0.5528800485898949
14,2.400000000000001,-17.185929648241206,0.5868189076986345
15,2.400000000000001,-16.984924623115578,0.61376249844025
16,2.400000000000001,-16.78391959798995,0.6345550189286638
17,2.400000000000001,-16.582914572864322,0.6484356941386176
18,2.400000000000001,-16.381909547738694,0.6544649174785367
19,2.400000000000001,-16.180904522613066,0.6546474187023446
20,2.400000000000001,-15.979899497487438,0.651798389417635
21,2.400000000000001,-15.77889447236181,0.6469193840950148
22,2.400000000000001,-15.577889447236181,0.6391152855043025
23,2.400000000000001,-15.376884422110553,0.6279657425876034
24,2.400000000000001,-15.175879396984925,0.6150607341088893
25,2.400000000000001,-14.974874371859297,0.6013578288199934
26,2.400000000000001,-14.773869346733669,0.5864422751871669
27,2.400000000000001,-14.57286432160804,0.5702855819748669
28,2.400000000000001,-14.371859296482413,0.5535595321250456
29,2.400000000000001,-14.170854271356784,0.5356170930547214
30,2.400000000000001,-13.969849246231156,0.5148909411187309
31,2.400000000000001,-13.768844221105528,0.4912748300034857
32,2.400000000000001,-13.5678391959799,0.46598188148506947
33,2.400000000000001,-13.366834170854272,0.44055574248511553
34,2.400000000000001,-13.165829145728644,0.41725771810262874
35,2.400000000000001,-12.964824120603016,0.39802046563709514
36,2.400000000000001,-12.763819095477388,0.383015597042889
37,2.400000000000001,-12.56281407035176,0.3714441927099629
38,2.400000000000001,-12.361809045226131,0.3621901132339015
39,2.400000000000001,-12.160804020100503,0.3540187698044091
40,2.400000000000001,-11.959798994974873,0.3460060363159689
41,2.400000000000001,-11.758793969849245,0.33709483035459364
42,2.400000000000001,-11.557788944723617,0.326386083051932
43,2.400000000000001,-11.356783919597989,0.3140035347954995
44,2.400000000000001,-11.15577889447236,0.30141700533697086
45,2.400000000000001,-10.954773869346733,0.2909240555960792
46,2.400000000000001,-10.753768844221105,0.28438409706813145
47,2.400000000000001,-10.552763819095476,0.2826259247713409
48,2.400000000000001,-10.351758793969848,0.2855101297193781
49,2.400000000000001,-10.15075376884422,0.29195246256350943
50,2.400000000000001,-9.949748743718592,0.2997597425978387
51,2.400000000000001,-9.748743718592964,0.3062048985307058
52,2.400000000000001,-9.547738693467336,0.3092725739662981
53,2.400000000000001,-9.346733668341708,0.30845311003771875
54,2.400000000000001,-9.14572864321608,0.30489313101175297
55,2.400000000000001,-8.944723618090451,0.30147267811973116
56,2.400000000000001,-8.743718592964823,0.30239098740674686
57,2.400000000000001,-8.542713567839195,0.31204290586929706
58,2.400000000000001,-8.341708542713567,0.3339512434992746
59,2.400000000000001,-8.140703517587939,0.3699122025098548
60,2.400000000000001,-7.939698492462311,0.41935607743071696
61,2.400000000000001,-7.738693467336683,0.4793745233948939
62,2.400000000000001,-7.537688442211055,0.5451952926363723
63,2.400000000000001,-7.3366834170854265,0.6110232605309309
64,2.400000000000001,-7.135678391959798,0.6710708643621701
65,2.400000000000001,-6.93467336683417,0.7204748873543261
66,2.400000000000001,-6.733668341708542,0.7559591393347466
67,2.400000000000001,-6.532663316582914,0.7760923624012539
68,2.400000000000001,-6.331658291457286,0.78118838057702
69,2.400000000000001,-6.130653266331658,0.7729295810549905
70,2.400000000000001,-5.92964824120603,0.7538729439610216
71,2.400000000000001,-5.7286432160804015,0.7269638178819473
72,2.400000000000001,-5.527638190954773,0.6951324933773163
73,2.400000000000001,-5.326633165829145,0.6610030630172405
74,2.400000000000001,-5.125628140703517,0.6267350780794818
75,2.400000000000001,-4.924623115577889,0.5939641186892606
76,2.400000000000001,-4.723618090452261,0.5638332783848508
77,2.400000000000001,-4.522613065326633,0.5370789385611284
78,2.400000000000001,-4.321608040201005,0.5141362951274003
79,2.400000000000001,-4.1206030150753765,0.49523560965210894
80,2.400000000000001,-3.9195979899497466,0.4804834977657568
81,2.400000000000001,-3.7185929648241185,0.4699383776473206
82,2.400000000000001,-3.5175879396984904,0.46366871494719
83,2.400000000000001,-3.3165829145728623,0.461799917526303
84,2.400000000000001,-3.115577889447234,0.4645484706219935
85,2.400000000000001,-2.914572864321606,0.4722552494536423
86,2.400000000000001,-2.713567839195978,0.485406145304531
87,2.400000000000001,-2.5125628140703498,0.5046378957537548
88,2.400000000000001,-2.3115577889447216,0.5306876095041523
89,2.400000000000001,-2.1105527638190935,0.5642246326624102
90,2.400000000000001,-1.9095477386934654,0.6054159841324035
91,2.400000000000001,-1.7085427135678373,0.6530446878633169
92,2.400000000000001,-1.5075376884422091,0.7033725217583088
93,2.400000000000001,-1.306532663316581,0.7498733833458094
94,2.400000000000001,-1.105527638190953,0.7851329556385447
95,2.400000000000001,-0.9045226130653248,0.8043890374162892
96,2.400000000000001,-0.7035175879396967,0.808242661635757
97,2.400000000000001,-0.5025125628140685,0.8026142429097672
98,2.400000000000001,-0.3015075376884404,0.7965711804625994
99,2.400000000000001,-0.10050251256281229,0.8000957166445004
100,2.400000000000001,0.10050251256281584,0.8229050858970208
101,2.400000000000001,0.30150753768844396,0.8725551649149409
102,2.400000000000001,0.5025125628140721,0.9442048735283516
103,2.400000000000001,0.7035175879397002,0.9905172619743075
104,2.400000000000001,0.9045226130653283,0.9087146740538072
105,2.400000000000001,1.1055276381909565,0.6708360548119187
106,2.400000000000001,1.3065326633165846,0.4303672856163117
107,2.400000000000001,1.5075376884422127,0.2817487591305046
108,2.400000000000001,1.7085427135678408,0.19488971327847546
109,2.400000000000001,1.909547738693469,0.14077509783993944
110,2.400000000000001,2.110552763819097,0.10506040846435236
111,2.400000000000001,2.311557788944725,0.08036837708706374
112,2.400000000000001,2.5125628140703533,0.06280318505018266
113,2.400000000000001,2.7135678391959814,0.050183380151907694
114,2.400000000000001,2.9145728643216096,0.03913284150398321
115,2.400000000000001,3.1155778894472377,0.03475880416924425
116,2.400000000000001,3.316582914572866,0.023607068739461015
117,2.400000000000001,3.517587939698494,0.029435474506353594
118,2.400000000000001,3.718592964824122,0.009316579308358044
119,2.400000000000001,3.91959798994975,0.04155853735096578
120,2.400000000000001,4.120603015075378,0.0034350597033751353
121,2.400000000000001,4.321608040201006,0.044878959934756185
122,2.400000000000001,4.5226130653266345,0.07467609846260799
123,2.400000000000001,4.723618090452263,0.02509447497640543
124,2.400000000000001,4.924623115577891,0.1030393770035122
125,2.400000000000001,5.125628140703519,0.17013171773402766
126,2.400000000000001,5.326633165829147,0.12073536495981356
127,2.400000000000001,5.527638190954775,0.13245482372033976
128,2.400000000000001,5.728643216080403,0.24067128080292452
129,2.400000000000001,5.929648241206031,0.29355787260013066
130,2.400000000000001,6.1306532663316595,0.2548082372846636
131,2.400000000000001,6.331658291457288,0.2321661115381468
132,2.400000000000001,6.532663316582916,0.2871841263180433
133,2.400000000000001,6.733668341708544,0.36604203570393046
134,2.400000000000001,6.934673366834172,0.3926648172991399
135,2.400000000000001,7.1356783919598,0.3678665668345827
136,2.400000000000001,7.336683417085428,0.33077557456373724
137,2.400000000000001,7.537688442211056,0.3208944639572862
138,2.400000000000001,7.7386934673366845,0.3596122438488253
139,2.400000000000001,7.939698492462313,0.4078889177535474
140,2.400000000000001,8.14070351758794,0.40803344489105714
141,2.400000000000001,8.341708542713569,0.38954635642470586
142,2.400000000000001,8.542713567839197,0.3903942405271477
143,2.400000000000001,8.743718592964825,0.37284973237152347
144,2.400000000000001,8.944723618090453,0.3213777453199865
145,2.400000000000001,9.145728643216081,0.28901443462630294
146,2.400000000000001,9.34673366834171,0.32546450560191037
147,2.400000000000001,9.547738693467338,0.3983118572256503
148,2.400000000000001,9.748743718592966,0.4151848636193539
149,2.400000000000001,9.949748743718594,0.34253732309924906
150,2.400000000000001,10.150753768844222,0.25610015827129334
151,2.400000000000001,10.35175879396985,0.24112548856256802
152,2.400000000000001,10.552763819095478,0.3009431283813097
153,2.400000000000001,10.753768844221106,0.365896250572355
154,2.400000000000001,10.954773869346734,0.3723571703574032
155,2.400000000000001,11.155778894472363,0.3078365996215083
156,2.400000000000001,11.35678391959799,0.20469144019813046
157,2.400000000000001,11.557788944723619,0.13375783547777376
158,2.400000000000001,11.758793969849247,0.13807338188020807
159,2.400000000000001,11.959798994974875,0.21530162892583715
160,2.400000000000001,12.160804020100507,0.3302333264318784
161,2.400000000000001,12.361809045226131,0.40401130271705954
162,2.400000000000001,12.562814070351763,0.3939587812919721
163,2.400000000000001,12.763819095477388,0.32517506516191147
164,2.400000000000001,12.96482412060302,0.21961902972420677
165,2.400000000000001,13.165829145728644,0.10483542370890883
166,2.400000000000001,13.366834170854275,0.037913144253681946
167,2.400000000000001,13.5678391959799,0.041967029329776286
168,2.400000000000001,13.768844221105532,0.08831441719823199
169,2.400000000000001,13.969849246231156,0.16138936529637685
170,2.400000000000001,14.170854271356788,0.265555097468068
171,2.400000000000001,14.371859296482413,0.370745099115497
172,2.400000000000001,14.572864321608044,0.41464578074870384
173,2.400000000000001,14.773869346733669,0.37747434301464566
174,2.400000000000001,14.9748743718593,0.306078446427908
175,2.400000000000001,15.175879396984925,0.2402399241057428
176,2.400000000000001,15.376884422110557,0.179994023201083
177,2.400000000000001,15.577889447236181,0.10703583190420357
178,2.400000000000001,15.778894472361813,0.03405600646725552
179,2.400000000000001,15.979899497487438,0.001139177379416394
180,2.400000000000001,16.18090452261307,0.019321557582576792
181,2.400000000000001,16.381909547738694,0.06481640480560026
182,2.400000000000001,16.582914572864325,0.10300377280102531
183,2.400000000000001,16.78391959798995,0.12789315919923014
184,2.400000000000001,16.98492462311558,0.17085116293136524
185,2.400000000000001,17.185929648241206,0.24367104629179115
186,2.400000000000001,17.386934673366838,0.323106128357953
187,2.400000000000001,17.587939698492463,0.3861097069559735
188,2.400000000000001,17.788944723618094,0.40415816532747445
189,2.400000000000001,17.98994974874372,0.3509936345885805
190,2.400000000000001,18.19095477386935,0.25021282838511943
191,2.400000000000001,18.391959798994975,0.15936984006170143
192,2.400000000000001,18.592964824120607,0.10729654247863486
193,2.400000000000001,18.79396984924623,0.07937394244746346
194,2.400000000000001,18.994974874371863,0.06383777854829988
195,2.400000000000001,19.195979899497488,0.05701134584986491
196,2.400000000000001,19.39698492462312,0.04938775455473529
197,2.400000000000001,19.597989949748744,0.037761586016156486
198,2.400000000000001,19.798994974874375,0.0334389333330582
199,2.400000000000001,20.0,0.048211173170608704
