,t,height,fid
0,2.800000000000001,-20.0,0.5044280001002159
1,2.800000000000001,-19.798994974874372,0.49969016433407987
2,2.800000000000001,-19.597989949748744,0.49562482072935
3,2.800000000000001,-19.396984924623116,0.4914251487263772
4,2.800000000000001,-19.195979899497488,0.4828037914674465
5,2.800000000000001,-18.99497487437186,0.47030877046061015
6,2.800000000000001,-18.79396984924623,0.4561789748830235
7,2.800000000000001,-18.592964824120603,0.4405665923782337
8,2.800000000000001,-18.391959798994975,0.4195177167292319
9,2.800000000000001,-18.190954773869347,0.39062962264855117
10,2.800000000000001,-17.98994974874372,0.3586628609867058
11,2.800000000000001,-17.78894472361809,0.32820194457343665
12,2.800000000000001,-17.587939698492463,0.30204435489068815
13,2.800000000000001,-17.386934673366834,0.2830540242480738
14,2.800000000000001,-17.185929648241206,0.27234355504386154
15,2.800000000000001,-16.984924623115578,0.26756230600872577
16,2.800000000000001,-16.78391959798995,0.2674011913672652
17,2.800000000000001,-16.582914572864322,0.2732181055648475
18,2.800000000000001,-16.381909547738694,0.2833297578559651
19,2.800000000000001,-16.180904522613066,0.29363558844234383
20,2.800000000000001,-15.979899497487438,0.30053804908471166
21,2.800000000000001,-15.77889447236181,0.3011747212735531
22,2.800000000000001,-15.577889447236181,0.2954456037035516
23,2.800000000000001,-15.376884422110553,0.2847828354811598
24,2.800000000000001,-15.175879396984925,0.26851033924552276
25,2.800000000000001,-14.974874371859297,0.2468237071875764
26,2.800000000000001,-14.773869346733669,0.22261839365985903
27,2.800000000000001,-14.57286432160804,0.20018786732545443
28,2.800000000000001,-14.371859296482413,0.18358558003727082
29,2.800000000000001,-14.170854271356784,0.1755343315111415
30,2.800000000000001,-13.969849246231156,0.17962213053627948
31,2.800000000000001,-13.768844221105528,0.19884675312443464
32,2.800000000000001,-13.5678391959799,0.23308591539943754
33,2.800000000000001,-13.366834170854272,0.2795722845296293
34,2.800000000000001,-13.165829145728644,0.3352366548056102
35,2.800000000000001,-12.964824120603016,0.3962081107818679
36,2.800000000000001,-12.763819095477388,0.45770608555676134
37,2.800000000000001,-12.56281407035176,0.5164309401936579
38,2.800000000000001,-12.361809045226131,0.5704857062543135
39,2.800000000000001,-12.160804020100503,0.6174051617155747
40,2.800000000000001,-11.959798994974873,0.6553976385675336
41,2.800000000000001,-11.758793969849245,0.6838099806462764
42,2.800000000000001,-11.557788944723617,0.701972501653935
43,2.800000000000001,-11.356783919597989,0.7100804624946091
44,2.800000000000001,-11.15577889447236,0.7085833720165431
45,2.800000000000001,-10.954773869346733,0.6974255205133096
46,2.800000000000001,-10.753768844221105,0.6774700074632057
47,2.800000000000001,-10.552763819095476,0.6507943141289468
48,2.800000000000001,-10.351758793969848,0.620750937679203
49,2.800000000000001,-10.15075376884422,0.5904950574769278
50,2.800000000000001,-9.949748743718592,0.5615101138619277
51,2.800000000000001,-9.748743718592964,0.5337592987280577
52,2.800000000000001,-9.547738693467336,0.5066297570147948
53,2.800000000000001,-9.346733668341708,0.47969746481266295
54,2.800000000000001,-9.14572864321608,0.4530363198604711
55,2.800000000000001,-8.944723618090451,0.4277392973195514
56,2.800000000000001,-8.743718592964823,0.4057608922411973
57,2.800000000000001,-8.542713567839195,0.3884676540221469
58,2.800000000000001,-8.341708542713567,0.37550425079840005
59,2.800000000000001,-8.140703517587939,0.3651781477005996
60,2.800000000000001,-7.939698492462311,0.355598250519239
61,2.800000000000001,-7.738693467336683,0.346008036274348
62,2.800000000000001,-7.537688442211055,0.3376735847377546
63,2.800000000000001,-7.3366834170854265,0.3330646800072138
64,2.800000000000001,-7.135678391959798,0.3339673373643751
65,2.800000000000001,-6.93467336683417,0.33993551352757784
66,2.800000000000001,-6.733668341708542,0.34828041894630946
67,2.800000000000001,-6.532663316582914,0.35605227136623885
68,2.800000000000001,-6.331658291457286,0.362768669793493
69,2.800000000000001,-6.130653266331658,0.3720162252081819
70,2.800000000000001,-5.92964824120603,0.3905390415538187
71,2.800000000000001,-5.7286432160804015,0.42506282427462555
72,2.800000000000001,-5.527638190954773,0.4784991875310364
73,2.800000000000001,-5.326633165829145,0.5476906019019635
74,2.800000000000001,-5.125628140703517,0.6238397957425772
75,2.800000000000001,-4.924623115577889,0.6953456719471683
76,2.800000000000001,-4.723618090452261,0.7515330969011519
77,2.800000000000001,-4.522613065326633,0.7855997359616109
78,2.800000000000001,-4.321608040201005,0.7957694869813565
79,2.800000000000001,-4.1206030150753765,0.7846815847758333
80,2.800000000000001,-3.9195979899497466,0.7577219804032153
81,2.800000000000001,-3.7185929648241185,0.7211781182316184
82,2.800000000000001,-3.5175879396984904,0.6808335287507643
83,2.800000000000001,-3.3165829145728623,0.6412225668443751
84,2.800000000000001,-3.115577889447234,0.6054762415887673
85,2.800000000000001,-2.914572864321606,0.5755226784235595
86,2.800000000000001,-2.713567839195978,0.5524419516308906
87,2.800000000000001,-2.5125628140703498,0.536826977485241
88,2.800000000000001,-2.3115577889447216,0.5290833744825377
89,2.800000000000001,-2.1105527638190935,0.5296483971956665
90,2.800000000000001,-1.9095477386934654,0.539125161469756
91,2.800000000000001,-1.7085427135678373,0.5583053441594208
92,2.800000000000001,-1.5075376884422091,0.5879750687956521
93,2.800000000000001,-1.306532663316581,0.6282602678957138
94,2.800000000000001,-1.105527638190953,0.6771819025583476
95,2.800000000000001,-0.9045226130653248,0.728739248474528
96,2.800000000000001,-0.7035175879396967,0.772837579164064
97,2.800000000000001,-0.5025125628140685,0.7999494734673698
98,2.800000000000001,-0.3015075376884404,0.8084102938803092
99,2.800000000000001,-0.10050251256281229,0.8074502006946843
100,2.800000000000001,0.10050251256281584,0.8137851643110925
101,2.800000000000001,0.30150753768844396,0.8463062603626894
102,2.800000000000001,0.5025125628140721,0.9172856096263062
103,2.800000000000001,0.7035175879397002,0.9941316776778277
104,2.800000000000001,0.9045226130653283,0.9303085308756851
105,2.800000000000001,1.1055276381909565,0.6316987961599846
106,2.800000000000001,1.3065326633165846,0.3524566720047456
107,2.800000000000001,1.5075376884422127,0.21238858358172044
108,2.800000000000001,1.7085427135678408,0.13860393285864533
109,2.800000000000001,1.909547738693469,0.09549939070195407
110,2.800000000000001,2.110552763819097,0.06863095223996754
111,2.800000000000001,2.311557788944725,0.050928326252594365
112,2.800000000000001,2.5125628140703533,0.03624882688622332
113,2.800000000000001,2.7135678391959814,0.030447754921133812
114,2.800000000000001,2.9145728643216096,0.028096477781885894
115,2.800000000000001,3.1155778894472377,0.009162363387558893
116,2.800000000000001,3.316582914572866,0.045717151149131725
117,2.800000000000001,3.517587939698494,0.008349257560063527
118,2.800000000000001,3.718592964824122,0.07849101107444387
119,2.800000000000001,3.91959798994975,0.07972208138978853
120,2.800000000000001,4.120603015075378,0.08571292908443007
121,2.800000000000001,4.321608040201006,0.2173376439848032
122,2.800000000000001,4.5226130653266345,0.17144926810477232
123,2.800000000000001,4.723618090452263,0.20639305110616704
124,2.800000000000001,4.924623115577891,0.3374146865516992
125,2.800000000000001,5.125628140703519,0.3298367465944525
126,2.800000000000001,5.326633165829147,0.28867240304007447
127,2.800000000000001,5.527638190954775,0.35585405218376354
128,2.800000000000001,5.728643216080403,0.43325071316463665
129,2.800000000000001,5.929648241206031,0.42467099756607163
130,2.800000000000001,6.1306532663316595,0.36925797809087135
131,2.800000000000001,6.331658291457288,0.3726430757802964
132,2.800000000000001,6.532663316582916,0.415210955515047
133,2.800000000000001,6.733668341708544,0.4239063721762021
134,2.800000000000001,6.934673366834172,0.43492189765157707
135,2.800000000000001,7.1356783919598,0.4029995906856345
136,2.800000000000001,7.336683417085428,0.32502928932875885
137,2.800000000000001,7.537688442211056,0.32422747537711927
138,2.800000000000001,7.7386934673366845,0.4010751290610016
139,2.800000000000001,7.939698492462313,0.4011319284795924
140,2.800000000000001,8.14070351758794,0.29966196797903155
141,2.800000000000001,8.341708542713569,0.2635013689423741
142,2.800000000000001,8.542713567839197,0.33847252548920204
143,2.800000000000001,8.743718592964825,0.3869940654179862
144,2.800000000000001,8.944723618090453,0.31927828707554096
145,2.800000000000001,9.145728643216081,0.19049740591041883
146,2.800000000000001,9.34673366834171,0.13361725706243602
147,2.800000000000001,9.547738693467338,0.20787909913100625
148,2.800000000000001,9.748743718592966,0.34826509832686237
149,2.800000000000001,9.949748743718594,0.41228128246765106
150,2.800000000000001,10.150753768844222,0.3379428907951675
151,2.800000000000001,10.35175879396985,0.1952445006440816
152,2.800000000000001,10.552763819095478,0.06556912860449317
153,2.800000000000001,10.753768844221106,0.041025068433930285
154,2.800000000000001,10.954773869346734,0.11567810793669253
155,2.800000000000001,11.155778894472363,0.23055464716879695
156,2.800000000000001,11.35678391959799,0.3599642693620317
157,2.800000000000001,11.557788944723619,0.4187814635127527
158,2.800000000000001,11.758793969849247,0.34944223713848155
159,2.800000000000001,11.959798994974875,0.23227774088780212
160,2.800000000000001,12.160804020100507,0.1313852905465542
161,2.800000000000001,12.361809045226131,0.04231674866976351
162,2.800000000000001,12.562814070351763,0.00034490155772782047
163,2.800000000000001,12.763819095477388,0.04471502213735285
164,2.800000000000001,12.96482412060302,0.12470151862967976
165,2.800000000000001,13.165829145728644,0.18141034068833062
166,2.800000000000001,13.366834170854275,0.23066007071289507
167,2.800000000000001,13.5678391959799,0.31497318304868577
168,2.800000000000001,13.768844221105532,0.3828682366939187
169,2.800000000000001,13.969849246231156,0.3682749279342205
170,2.800000000000001,14.170854271356788,0.27043902877805787
171,2.800000000000001,14.371859296482413,0.14264476426283004
172,2.800000000000001,14.572864321608044,0.06514293746664604
173,2.800000000000001,14.773869346733669,0.038810017446342694
174,2.800000000000001,14.9748743718593,0.02186256368131996
175,2.800000000000001,15.175879396984925,0.010174991300189458
176,2.800000000000001,15.376884422110557,0.02244053995290857
177,2.800000000000001,15.577889447236181,0.08011593935200834
178,2.800000000000001,15.778894472361813,0.16011437697734396
179,2.800000000000001,15.979899497487438,0.20413153562389
180,2.800000000000001,16.18090452261307,0.20534220611797166
181,2.800000000000001,16.381909547738694,0.18038422872956542
182,2.800000000000001,16.582914572864325,0.1319283383403327
183,2.800000000000001,16.78391959798995,0.09145747675015667
184,2.800000000000001,16.98492462311558,0.10650172656723808
185,2.800000000000001,17.185929648241206,0.16720486544084634
186,2.800000000000001,17.386934673366838,0.2016423560160279
187,2.800000000000001,17.587939698492463,0.19021891857280201
188,2.800000000000001,17.788944723618094,0.15875262826732137
189,2.800000000000001,17.98994974874372,0.1297215980647499
190,2.800000000000001,18.19095477386935,0.11286720809688885
191,2.800000000000001,18.391959798994975,0.10253970324980075
192,2.800000000000001,18.592964824120607,0.09211378793740391
193,2.800000000000001,18.79396984924623,0.07814212631915789
194,2.800000000000001,18.994974874371863,0.05864385173722475
195,2.800000000000001,19.195979899497488,0.0373911674135854
196,2.800000000000001,19.39698492462312,0.026396326216984248
197,2.800000000000001,19.597989949748744,0.036048398057919484
198,2.800000000000001,19.798994974874375,0.04518792816434944
199,2.800000000000001,20.0,0.04786195968756032
