,t,height,fid
0,2.150000000000001,-20.0,0.6141254042066376
1,2.150000000000001,-19.798994974874372,0.6166078138138785
2,2.150000000000001,-19.597989949748744,0.6130681968789436
3,2.150000000000001,-19.396984924623116,0.603455561804135
4,2.150000000000001,-19.195979899497488,0.5898659896733712
5,2.150000000000001,-18.99497487437186,0.5743707789428261
6,2.150000000000001,-18.79396984924623,0.5583408660068404
7,2.150000000000001,-18.592964824120603,0.5412397512468516
8,2.150000000000001,-18.391959798994975,0.5217971933596476
9,2.150000000000001,-18.190954773869347,0.5008776854479325
10,2.150000000000001,-17.98994974874372,0.4805042103609779
11,2.150000000000001,-17.78894472361809,0.4612782608951318
12,2.150000000000001,-17.587939698492463,0.44248057076082753
13,2.150000000000001,-17.386934673366834,0.4234522889979768
14,2.150000000000001,-17.185929648241206,0.40525806630105027
15,2.150000000000001,-16.984924623115578,0.39015831058231054
16,2.150000000000001,-16.78391959798995,0.37899827400232106
17,2.150000000000001,-16.582914572864322,0.3710386109279936
18,2.150000000000001,-16.381909547738694,0.36544559863120035
19,2.150000000000001,-16.180904522613066,0.36159746243987195
20,2.150000000000001,-15.979899497487438,0.3580162395531792
21,2.150000000000001,-15.77889447236181,0.35234468495648347
22,2.150000000000001,-15.577889447236181,0.3433602018775981
23,2.150000000000001,-15.376884422110553,0.3315605950999771
24,2.150000000000001,-15.175879396984925,0.31789697826602764
25,2.150000000000001,-14.974874371859297,0.30324271426110505
26,2.150000000000001,-14.773869346733669,0.2888806704535961
27,2.150000000000001,-14.57286432160804,0.27590859991772954
28,2.150000000000001,-14.371859296482413,0.26471824357804874
29,2.150000000000001,-14.170854271356784,0.25591047024429325
30,2.150000000000001,-13.969849246231156,0.2506027244993546
31,2.150000000000001,-13.768844221105528,0.24961823473757658
32,2.150000000000001,-13.5678391959799,0.25312562730936017
33,2.150000000000001,-13.366834170854272,0.26028870993289843
34,2.150000000000001,-13.165829145728644,0.2691181004559723
35,2.150000000000001,-12.964824120603016,0.27743000370560555
36,2.150000000000001,-12.763819095477388,0.2835954105117256
37,2.150000000000001,-12.56281407035176,0.28663256919741653
38,2.150000000000001,-12.361809045226131,0.28604207988860525
39,2.150000000000001,-12.160804020100503,0.28157683519351934
40,2.150000000000001,-11.959798994974873,0.2736885298888155
41,2.150000000000001,-11.758793969849245,0.2640277673504419
42,2.150000000000001,-11.557788944723617,0.2552494191324561
43,2.150000000000001,-11.356783919597989,0.2502154734930651
44,2.150000000000001,-11.15577889447236,0.2513893312293161
45,2.150000000000001,-10.954773869346733,0.26085051308407414
46,2.150000000000001,-10.753768844221105,0.2802380257433764
47,2.150000000000001,-10.552763819095476,0.3102159398165057
48,2.150000000000001,-10.351758793969848,0.35012719857744
49,2.150000000000001,-10.15075376884422,0.39832088913691965
50,2.150000000000001,-9.949748743718592,0.45249900805459586
51,2.150000000000001,-9.748743718592964,0.5097322026812594
52,2.150000000000001,-9.547738693467336,0.5667441074460657
53,2.150000000000001,-9.346733668341708,0.6204369175766957
54,2.150000000000001,-9.14572864321608,0.6680851714844191
55,2.150000000000001,-8.944723618090451,0.707452912528475
56,2.150000000000001,-8.743718592964823,0.7370426559794124
57,2.150000000000001,-8.542713567839195,0.756127233566253
58,2.150000000000001,-8.341708542713567,0.7646977299866072
59,2.150000000000001,-8.140703517587939,0.7634346346634969
60,2.150000000000001,-7.939698492462311,0.7535404002253271
61,2.150000000000001,-7.738693467336683,0.7365608572147014
62,2.150000000000001,-7.537688442211055,0.7141892938479928
63,2.150000000000001,-7.3366834170854265,0.6880823171898567
64,2.150000000000001,-7.135678391959798,0.6597459475192963
65,2.150000000000001,-6.93467336683417,0.6304700534640016
66,2.150000000000001,-6.733668341708542,0.6013167999013993
67,2.150000000000001,-6.532663316582914,0.5731292608112291
68,2.150000000000001,-6.331658291457286,0.5465509176789444
69,2.150000000000001,-6.130653266331658,0.5220475963746947
70,2.150000000000001,-5.92964824120603,0.4999317536775438
71,2.150000000000001,-5.7286432160804015,0.4803840824147203
72,2.150000000000001,-5.527638190954773,0.46348064639248604
73,2.150000000000001,-5.326633165829145,0.4492332007032258
74,2.150000000000001,-5.125628140703517,0.43763972525834455
75,2.150000000000001,-4.924623115577889,0.42870926888778715
76,2.150000000000001,-4.723618090452261,0.42245789690823743
77,2.150000000000001,-4.522613065326633,0.41891099603372156
78,2.150000000000001,-4.321608040201005,0.41813069686947407
79,2.150000000000001,-4.1206030150753765,0.42024297491417884
80,2.150000000000001,-3.9195979899497466,0.4254462946130915
81,2.150000000000001,-3.7185929648241185,0.43400759300684927
82,2.150000000000001,-3.5175879396984904,0.44628022394505346
83,2.150000000000001,-3.3165829145728623,0.46272913160049883
84,2.150000000000001,-3.115577889447234,0.4839260976933637
85,2.150000000000001,-2.914572864321606,0.5105044251689345
86,2.150000000000001,-2.713567839195978,0.5430730880217337
87,2.150000000000001,-2.5125628140703498,0.5819740269546984
88,2.150000000000001,-2.3115577889447216,0.6266728757970565
89,2.150000000000001,-2.1105527638190935,0.6749088341924955
90,2.150000000000001,-1.9095477386934654,0.7222766774827958
91,2.150000000000001,-1.7085427135678373,0.7630053328370646
92,2.150000000000001,-1.5075376884422091,0.7918870076308792
93,2.150000000000001,-1.306532663316581,0.8063422987247025
94,2.150000000000001,-1.105527638190953,0.8073959198806445
95,2.150000000000001,-0.9045226130653248,0.7991824209029561
96,2.150000000000001,-0.7035175879396967,0.7875733825838124
97,2.150000000000001,-0.5025125628140685,0.7788613291236123
98,2.150000000000001,-0.3015075376884404,0.7790830072518798
99,2.150000000000001,-0.10050251256281229,0.7939423897531
100,2.150000000000001,0.10050251256281584,0.8285326175148758
101,2.150000000000001,0.30150753768844396,0.8844673564847921
102,2.150000000000001,0.5025125628140721,0.9491172034675476
103,2.150000000000001,0.7035175879397002,0.9760265824775356
104,2.150000000000001,0.9045226130653283,0.8933411161183066
105,2.150000000000001,1.1055276381909565,0.6943026765103516
106,2.150000000000001,1.3065326633165846,0.4828274852435283
107,2.150000000000001,1.5075376884422127,0.33446441246368536
108,2.150000000000001,1.7085427135678408,0.2405253479260506
109,2.150000000000001,1.909547738693469,0.17916969610511171
110,2.150000000000001,2.110552763819097,0.13728250070307177
111,2.150000000000001,2.311557788944725,0.10757846803046288
112,2.150000000000001,2.5125628140703533,0.08586016305041319
113,2.150000000000001,2.7135678391959814,0.06950658441802139
114,2.150000000000001,2.9145728643216096,0.057048158795625976
115,2.150000000000001,3.1155778894472377,0.0474245906292158
116,2.150000000000001,3.316582914572866,0.039094282351068724
117,2.150000000000001,3.517587939698494,0.03450924900270792
118,2.150000000000001,3.718592964824122,0.026874812187841976
119,2.150000000000001,3.91959798994975,0.02539512911538109
120,2.150000000000001,4.120603015075378,0.025998728258230325
121,2.150000000000001,4.321608040201006,0.00801744986109631
122,2.150000000000001,4.5226130653266345,0.040342291335595935
123,2.150000000000001,4.723618090452263,0.020492476796126657
124,2.150000000000001,4.924623115577891,0.007328355213333411
125,2.150000000000001,5.125628140703519,0.07260844184444684
126,2.150000000000001,5.326633165829147,0.07229737707375057
127,2.150000000000001,5.527638190954775,0.02877607283115907
128,2.150000000000001,5.728643216080403,0.0785272332637811
129,2.150000000000001,5.929648241206031,0.16353889035080413
130,2.150000000000001,6.1306532663316595,0.16412733299866739
131,2.150000000000001,6.331658291457288,0.11876079867969414
132,2.150000000000001,6.532663316582916,0.13447572641893785
133,2.150000000000001,6.733668341708544,0.21760280740992127
134,2.150000000000001,6.934673366834172,0.28582408165999473
135,2.150000000000001,7.1356783919598,0.2870467002651516
136,2.150000000000001,7.336683417085428,0.24902561485557298
137,2.150000000000001,7.537688442211056,0.23048278441909353
138,2.150000000000001,7.7386934673366845,0.26157994884806285
139,2.150000000000001,7.939698492462313,0.32245570600343126
140,2.150000000000001,8.14070351758794,0.3679611311882436
141,2.150000000000001,8.341708542713569,0.3804007563863162
142,2.150000000000001,8.542713567839197,0.3670444052708545
143,2.150000000000001,8.743718592964825,0.33297483505184294
144,2.150000000000001,8.944723618090453,0.30295977642937966
145,2.150000000000001,9.145728643216081,0.3085039595780136
146,2.150000000000001,9.34673366834171,0.34665600402053687
147,2.150000000000001,9.547738693467338,0.3762346867377858
148,2.150000000000001,9.748743718592966,0.3710270415814186
149,2.150000000000001,9.949748743718594,0.3607455684002984
150,2.150000000000001,10.150753768844222,0.377194388572644
151,2.150000000000001,10.35175879396985,0.3952261403560037
152,2.150000000000001,10.552763819095478,0.3716170404320968
153,2.150000000000001,10.753768844221106,0.30945803309521946
154,2.150000000000001,10.954773869346734,0.25460706855809856
155,2.150000000000001,11.155778894472363,0.25039786897335853
156,2.150000000000001,11.35678391959799,0.3010706102772813
157,2.150000000000001,11.557788944723619,0.36930457269793165
158,2.150000000000001,11.758793969849247,0.399717002410679
159,2.150000000000001,11.959798994974875,0.3628954781863915
160,2.150000000000001,12.160804020100507,0.28303973227705664
161,2.150000000000001,12.361809045226131,0.21221714682786663
162,2.150000000000001,12.562814070351763,0.19787586480475886
163,2.150000000000001,12.763819095477388,0.24583502206828534
164,2.150000000000001,12.96482412060302,0.31713366964450695
165,2.150000000000001,13.165829145728644,0.37308474793363594
166,2.150000000000001,13.366834170854275,0.38526559525015
167,2.150000000000001,13.5678391959799,0.3377833905645764
168,2.150000000000001,13.768844221105532,0.2518374956058035
169,2.150000000000001,13.969849246231156,0.16689194042085442
170,2.150000000000001,14.170854271356788,0.10387554684590286
171,2.150000000000001,14.371859296482413,0.07729387700994622
172,2.150000000000001,14.572864321608044,0.10749613464475997
173,2.150000000000001,14.773869346733669,0.1879508881966367
174,2.150000000000001,14.9748743718593,0.2772545319564074
175,2.150000000000001,15.175879396984925,0.34412754766050174
176,2.150000000000001,15.376884422110557,0.38924680235546555
177,2.150000000000001,15.577889447236181,0.4085040912516176
178,2.150000000000001,15.778894472361813,0.3783923882322005
179,2.150000000000001,15.979899497487438,0.292378875185781
180,2.150000000000001,16.18090452261307,0.18346867015027182
181,2.150000000000001,16.381909547738694,0.09752569960388563
182,2.150000000000001,16.582914572864325,0.048063466713769175
183,2.150000000000001,16.78391959798995,0.022599799173666064
184,2.150000000000001,16.98492462311558,0.015255257067868871
185,2.150000000000001,17.185929648241206,0.037196871424521716
186,2.150000000000001,17.386934673366838,0.10066577115268209
187,2.150000000000001,17.587939698492463,0.18976026803842427
188,2.150000000000001,17.788944723618094,0.26865502387002604
189,2.150000000000001,17.98994974874372,0.3143523577199185
190,2.150000000000001,18.19095477386935,0.3243952836811665
191,2.150000000000001,18.391959798994975,0.3173211709424182
192,2.150000000000001,18.592964824120607,0.323323430599761
193,2.150000000000001,18.79396984924623,0.3457278741325653
194,2.150000000000001,18.994974874371863,0.3542294058754823
195,2.150000000000001,19.195979899497488,0.32587329018739714
196,2.150000000000001,19.39698492462312,0.26408525034210195
197,2.150000000000001,19.597989949748744,0.18173410207517338
198,2.150000000000001,19.798994974874375,0.09670033575678456
199,2.150000000000001,20.0,0.03444052360673184
