,t,height,fid
0,2.700000000000001,-20.0,0.41475209837560917
1,2.700000000000001,-19.798994974874372,0.3883041320644226
2,2.700000000000001,-19.597989949748744,0.3601556606227004
3,2.700000000000001,-19.396984924623116,0.32984248401785826
4,2.700000000000001,-19.195979899497488,0.2998994341376312
5,2.700000000000001,-18.99497487437186,0.27664157222779623
6,2.700000000000001,-18.79396984924623,0.263529150247757
7,2.700000000000001,-18.592964824120603,0.2581597654673925
8,2.700000000000001,-18.391959798994975,0.25867968243465
9,2.700000000000001,-18.190954773869347,0.2637832761781342
10,2.700000000000001,-17.98994974874372,0.27129035040028343
11,2.700000000000001,-17.78894472361809,0.2796020695884925
12,2.700000000000001,-17.587939698492463,0.28919364135660314
13,2.700000000000001,-17.386934673366834,0.2984855399375972
14,2.700000000000001,-17.185929648241206,0.3025320152696863
15,2.700000000000001,-16.984924623115578,0.298933545987806
16,2.700000000000001,-16.78391959798995,0.28833912034224785
17,2.700000000000001,-16.582914572864322,0.2719516740492275
18,2.700000000000001,-16.381909547738694,0.25157136849525846
19,2.700000000000001,-16.180904522613066,0.2286121194238034
20,2.700000000000001,-15.979899497487438,0.20381217532654758
21,2.700000000000001,-15.77889447236181,0.18094516125607804
22,2.700000000000001,-15.577889447236181,0.1652460520836631
23,2.700000000000001,-15.376884422110553,0.1599254242302764
24,2.700000000000001,-15.175879396984925,0.16636549821969696
25,2.700000000000001,-14.974874371859297,0.18475936558976763
26,2.700000000000001,-14.773869346733669,0.21543137350021474
27,2.700000000000001,-14.57286432160804,0.25703594826483767
28,2.700000000000001,-14.371859296482413,0.3056597186837699
29,2.700000000000001,-14.170854271356784,0.3578928135454313
30,2.700000000000001,-13.969849246231156,0.41202376600922275
31,2.700000000000001,-13.768844221105528,0.46657874393501664
32,2.700000000000001,-13.5678391959799,0.5189112803142171
33,2.700000000000001,-13.366834170854272,0.5673724742436398
34,2.700000000000001,-13.165829145728644,0.611018561298597
35,2.700000000000001,-12.964824120603016,0.6476913415629553
36,2.700000000000001,-12.763819095477388,0.6752668301669303
37,2.700000000000001,-12.56281407035176,0.6935398845660203
38,2.700000000000001,-12.361809045226131,0.7024239005801122
39,2.700000000000001,-12.160804020100503,0.7016593654753698
40,2.700000000000001,-11.959798994974873,0.6920062339083819
41,2.700000000000001,-11.758793969849245,0.6743807896731115
42,2.700000000000001,-11.557788944723617,0.6504720676764028
43,2.700000000000001,-11.356783919597989,0.6234437424881213
44,2.700000000000001,-11.15577889447236,0.5961203633289498
45,2.700000000000001,-10.954773869346733,0.5700998064463871
46,2.700000000000001,-10.753768844221105,0.5451936571295604
47,2.700000000000001,-10.552763819095476,0.5202088641784056
48,2.700000000000001,-10.351758793969848,0.4945082305942092
49,2.700000000000001,-10.15075376884422,0.46831499630334544
50,2.700000000000001,-9.949748743718592,0.44254395092232307
51,2.700000000000001,-9.748743718592964,0.4185317512965653
52,2.700000000000001,-9.547738693467336,0.397966663190784
53,2.700000000000001,-9.346733668341708,0.38196068919515347
54,2.700000000000001,-9.14572864321608,0.3699896381112308
55,2.700000000000001,-8.944723618090451,0.36016571577380285
56,2.700000000000001,-8.743718592964823,0.35062453343254546
57,2.700000000000001,-8.542713567839195,0.3405550881556764
58,2.700000000000001,-8.341708542713567,0.33068219569164287
59,2.700000000000001,-8.140703517587939,0.32318239665396853
60,2.700000000000001,-7.939698492462311,0.3203629170030181
61,2.700000000000001,-7.738693467336683,0.3230170392121905
62,2.700000000000001,-7.537688442211055,0.3297683816550447
63,2.700000000000001,-7.3366834170854265,0.33763351570644146
64,2.700000000000001,-7.135678391959798,0.3438626880944019
65,2.700000000000001,-6.93467336683417,0.3480826006090535
66,2.700000000000001,-6.733668341708542,0.35340641984761123
67,2.700000000000001,-6.532663316582914,0.3657892250210532
68,2.700000000000001,-6.331658291457286,0.39169185943265283
69,2.700000000000001,-6.130653266331658,0.43514424814950436
70,2.700000000000001,-5.92964824120603,0.4955476072385591
71,2.700000000000001,-5.7286432160804015,0.5672702289827389
72,2.700000000000001,-5.527638190954773,0.6411306490173415
73,2.700000000000001,-5.326633165829145,0.7070612261498477
74,2.700000000000001,-5.125628140703517,0.756796075984886
75,2.700000000000001,-4.924623115577889,0.7856399028837779
76,2.700000000000001,-4.723618090452261,0.7929079719087697
77,2.700000000000001,-4.522613065326633,0.7812435711872072
78,2.700000000000001,-4.321608040201005,0.755317082489498
79,2.700000000000001,-4.1206030150753765,0.7204599904457852
80,2.700000000000001,-3.9195979899497466,0.6816200328316103
81,2.700000000000001,-3.7185929648241185,0.6427753487438764
82,2.700000000000001,-3.5175879396984904,0.6067767260661531
83,2.700000000000001,-3.3165829145728623,0.575458697059237
84,2.700000000000001,-3.115577889447234,0.5498884796485647
85,2.700000000000001,-2.914572864321606,0.5306418747764629
86,2.700000000000001,-2.713567839195978,0.5180481139599237
87,2.700000000000001,-2.5125628140703498,0.5123820621781027
88,2.700000000000001,-2.3115577889447216,0.5140050463945007
89,2.700000000000001,-2.1105527638190935,0.5234533983594185
90,2.700000000000001,-1.9095477386934654,0.5414598890559844
91,2.700000000000001,-1.7085427135678373,0.5688404301673086
92,2.700000000000001,-1.5075376884422091,0.6060751574300293
93,2.700000000000001,-1.306532663316581,0.6523024465137204
94,2.700000000000001,-1.105527638190953,0.7036678053529065
95,2.700000000000001,-0.9045226130653248,0.7522638334203745
96,2.700000000000001,-0.7035175879396967,0.7883022672341632
97,2.700000000000001,-0.5025125628140685,0.8059225017540194
98,2.700000000000001,-0.3015075376884404,0.8080868857036568
99,2.700000000000001,-0.10050251256281229,0.8061657463076637
100,2.700000000000001,0.10050251256281584,0.8158470655238951
101,2.700000000000001,0.30150753768844396,0.8531442179717632
102,2.700000000000001,0.5025125628140721,0.9257256225223272
103,2.700000000000001,0.7035175879397002,0.9955778882356181
104,2.700000000000001,0.9045226130653283,0.9254092152365727
105,2.700000000000001,1.1055276381909565,0.6416059520594866
106,2.700000000000001,1.3065326633165846,0.3710829819293122
107,2.700000000000001,1.5075376884422127,0.22810152620778332
108,2.700000000000001,1.7085427135678408,0.15099382469523492
109,2.700000000000001,1.909547738693469,0.10526827371454171
110,2.700000000000001,2.110552763819097,0.07629875007840717
111,2.700000000000001,2.311557788944725,0.05679403210010723
112,2.700000000000001,2.5125628140703533,0.042036682233750615
113,2.700000000000001,2.7135678391959814,0.0351633756056614
114,2.700000000000001,2.9145728643216096,0.027013511842314875
115,2.700000000000001,3.1155778894472377,0.017294912180794222
116,2.700000000000001,3.316582914572866,0.03257329660871654
117,2.700000000000001,3.517587939698494,0.011750442394731452
118,2.700000000000001,3.718592964824122,0.046690259475127706
119,2.700000000000001,3.91959798994975,0.06625158752487095
120,2.700000000000001,4.120603015075378,0.04439488216832104
121,2.700000000000001,4.321608040201006,0.16899251059968715
122,2.700000000000001,4.5226130653266345,0.13697127587494803
123,2.700000000000001,4.723618090452263,0.14839635988962344
124,2.700000000000001,4.924623115577891,0.2823280694360644
125,2.700000000000001,5.125628140703519,0.2918829686061715
126,2.700000000000001,5.326633165829147,0.24503879541018628
127,2.700000000000001,5.527638190954775,0.30862318024053015
128,2.700000000000001,5.728643216080403,0.4012735250727864
129,2.700000000000001,5.929648241206031,0.4025157898489366
130,2.700000000000001,6.1306532663316595,0.3545015696152705
131,2.700000000000001,6.331658291457288,0.3461173088146972
132,2.700000000000001,6.532663316582916,0.4020284234312657
133,2.700000000000001,6.733668341708544,0.4403530392773621
134,2.700000000000001,6.934673366834172,0.4195525425019093
135,2.700000000000001,7.1356783919598,0.40350260019014417
136,2.700000000000001,7.336683417085428,0.37248951701466176
137,2.700000000000001,7.537688442211056,0.32988408056407603
138,2.700000000000001,7.7386934673366845,0.35377763911565135
139,2.700000000000001,7.939698492462313,0.42552986193228987
140,2.700000000000001,8.14070351758794,0.4077461508748548
141,2.700000000000001,8.341708542713569,0.30616069781090205
142,2.700000000000001,8.542713567839197,0.2724151381069112
143,2.700000000000001,8.743718592964825,0.3354518006245763
144,2.700000000000001,8.944723618090453,0.3816851824492174
145,2.700000000000001,9.145728643216081,0.3276949634171663
146,2.700000000000001,9.34673366834171,0.21534471714063377
147,2.700000000000001,9.547738693467338,0.16423457125944274
148,2.700000000000001,9.748743718592966,0.23581754605201188
149,2.700000000000001,9.949748743718594,0.3578640700943037
150,2.700000000000001,10.150753768844222,0.4115704186446465
151,2.700000000000001,10.35175879396985,0.3344681580119638
152,2.700000000000001,10.552763819095478,0.19752262929712677
153,2.700000000000001,10.753768844221106,0.08257113037272053
154,2.700000000000001,10.954773869346734,0.0542381075830381
155,2.700000000000001,11.155778894472363,0.1320291430107285
156,2.700000000000001,11.35678391959799,0.24684138189302496
157,2.700000000000001,11.557788944723619,0.3540132680574048
158,2.700000000000001,11.758793969849247,0.4164643244265186
159,2.700000000000001,11.959798994974875,0.3660087814602445
160,2.700000000000001,12.160804020100507,0.23143829759044926
161,2.700000000000001,12.361809045226131,0.113063116730347
162,2.700000000000001,12.562814070351763,0.03647154304672922
163,2.700000000000001,12.763819095477388,0.0016286742052118582
164,2.700000000000001,12.96482412060302,0.04194258645687544
165,2.700000000000001,13.165829145728644,0.14428119513168172
166,2.700000000000001,13.366834170854275,0.23157250697401285
167,2.700000000000001,13.5678391959799,0.2726229715789315
168,2.700000000000001,13.768844221105532,0.3036902395105438
169,2.700000000000001,13.969849246231156,0.3571257557295572
170,2.700000000000001,14.170854271356788,0.3781610393130792
171,2.700000000000001,14.371859296482413,0.3170479519852259
172,2.700000000000001,14.572864321608044,0.20077035750868563
173,2.700000000000001,14.773869346733669,0.08641173966697414
174,2.700000000000001,14.9748743718593,0.02581212445682976
175,2.700000000000001,15.175879396984925,0.008665419412905176
176,2.700000000000001,15.376884422110557,0.0015069410291360123
177,2.700000000000001,15.577889447236181,0.007238806856719629
178,2.700000000000001,15.778894472361813,0.04433590379748147
179,2.700000000000001,15.979899497487438,0.1266165095379917
180,2.700000000000001,16.18090452261307,0.2231408177442887
181,2.700000000000001,16.381909547738694,0.26748306799626764
182,2.700000000000001,16.582914572864325,0.24596984124568744
183,2.700000000000001,16.78391959798995,0.2021340011965483
184,2.700000000000001,16.98492462311558,0.15203186230513474
185,2.700000000000001,17.185929648241206,0.10978423377149986
186,2.700000000000001,17.386934673366838,0.10598313689862714
187,2.700000000000001,17.587939698492463,0.1463555776028841
188,2.700000000000001,17.788944723618094,0.18100409513463456
189,2.700000000000001,17.98994974874372,0.16717133492974234
190,2.700000000000001,18.19095477386935,0.12657995465987898
191,2.700000000000001,18.391959798994975,0.0895091607933594
192,2.700000000000001,18.592964824120607,0.06915197885273294
193,2.700000000000001,18.79396984924623,0.07008616734719635
194,2.700000000000001,18.994974874371863,0.08766239930857482
195,2.700000000000001,19.195979899497488,0.10080341463451736
196,2.700000000000001,19.39698492462312,0.09045381685662407
197,2.700000000000001,19.597989949748744,0.06341707634414388
198,2.700000000000001,19.798994974874375,0.0390790147549278
199,2.700000000000001,20.0,0.03399509105088292
