,t,height,fid
0,2.5500000000000007,-20.0,0.2988602409115586
1,2.5500000000000007,-19.798994974874372,0.3012985465383276
2,2.5500000000000007,-19.597989949748744,0.30151943112244245
3,2.5500000000000007,-19.396984924623116,0.29745264748526945
4,2.5500000000000007,-19.195979899497488,0.2881886419554619
5,2.5500000000000007,-18.99497487437186,0.27335048382898924
6,2.5500000000000007,-18.79396984924623,0.25244135666802886
7,2.5500000000000007,-18.592964824120603,0.22657845792726847
8,2.5500000000000007,-18.391959798994975,0.20063706690721383
9,2.5500000000000007,-18.190954773869347,0.17852643726959957
10,2.5500000000000007,-17.98994974874372,0.16088685859928917
11,2.5500000000000007,-17.78894472361809,0.14829511499529224
12,2.5500000000000007,-17.587939698492463,0.14240619796318782
13,2.5500000000000007,-17.386934673366834,0.14469441262342259
14,2.5500000000000007,-17.185929648241206,0.15661988195209844
15,2.5500000000000007,-16.984924623115578,0.17813389831465487
16,2.5500000000000007,-16.78391959798995,0.2063545665191848
17,2.5500000000000007,-16.582914572864322,0.23920908714129005
18,2.5500000000000007,-16.381909547738694,0.2768605613494452
19,2.5500000000000007,-16.180904522613066,0.3193481210204747
20,2.5500000000000007,-15.979899497487438,0.36580243301557247
21,2.5500000000000007,-15.77889447236181,0.41396399109265936
22,2.5500000000000007,-15.577889447236181,0.46216647626572827
23,2.5500000000000007,-15.376884422110553,0.510483361229369
24,2.5500000000000007,-15.175879396984925,0.5573153249163061
25,2.5500000000000007,-14.974874371859297,0.5991103762386247
26,2.5500000000000007,-14.773869346733669,0.6328692871646971
27,2.5500000000000007,-14.57286432160804,0.6581047407540039
28,2.5500000000000007,-14.371859296482413,0.675219180931143
29,2.5500000000000007,-14.170854271356784,0.6835429070481739
30,2.5500000000000007,-13.969849246231156,0.6834690968496344
31,2.5500000000000007,-13.768844221105528,0.6769160295194234
32,2.5500000000000007,-13.5678391959799,0.6651342252027693
33,2.5500000000000007,-13.366834170854272,0.6484593413149109
34,2.5500000000000007,-13.165829145728644,0.6286403330516186
35,2.5500000000000007,-12.964824120603016,0.6079146966923019
36,2.5500000000000007,-12.763819095477388,0.5873404851850584
37,2.5500000000000007,-12.56281407035176,0.5674148381707554
38,2.5500000000000007,-12.361809045226131,0.5476381187707918
39,2.5500000000000007,-12.160804020100503,0.5262419620842076
40,2.5500000000000007,-11.959798994974873,0.5022946736686625
41,2.5500000000000007,-11.758793969849245,0.4763288866615976
42,2.5500000000000007,-11.557788944723617,0.4499447081634488
43,2.5500000000000007,-11.356783919597989,0.4252637839240686
44,2.5500000000000007,-11.15577889447236,0.4036928649417102
45,2.5500000000000007,-10.954773869346733,0.385988850745351
46,2.5500000000000007,-10.753768844221105,0.3723718797069923
47,2.5500000000000007,-10.552763819095476,0.3622524231518915
48,2.5500000000000007,-10.351758793969848,0.3539693406826819
49,2.5500000000000007,-10.15075376884422,0.3453594011960874
50,2.5500000000000007,-9.949748743718592,0.335192129020863
51,2.5500000000000007,-9.748743718592964,0.32390258636766817
52,2.5500000000000007,-9.547738693467336,0.3131360079939893
53,2.5500000000000007,-9.346733668341708,0.30500357982874066
54,2.5500000000000007,-9.14572864321608,0.30146899817829986
55,2.5500000000000007,-8.944723618090451,0.30333360837661016
56,2.5500000000000007,-8.743718592964823,0.30944077106755474
57,2.5500000000000007,-8.542713567839195,0.3171523135040546
58,2.5500000000000007,-8.341708542713567,0.32354739169826635
59,2.5500000000000007,-8.140703517587939,0.3267170368559324
60,2.5500000000000007,-7.939698492462311,0.3270512971119657
61,2.5500000000000007,-7.738693467336683,0.32767710498511526
62,2.5500000000000007,-7.537688442211055,0.3337077161232659
63,2.5500000000000007,-7.3366834170854265,0.350719149374501
64,2.5500000000000007,-7.135678391959798,0.3828081407707686
65,2.5500000000000007,-6.93467336683417,0.4310525208600881
66,2.5500000000000007,-6.733668341708542,0.49288568626537654
67,2.5500000000000007,-6.532663316582914,0.5625579015025046
68,2.5500000000000007,-6.331658291457286,0.6324791573243438
69,2.5500000000000007,-6.130653266331658,0.6949418170817301
70,2.5500000000000007,-5.92964824120603,0.7436860308706247
71,2.5500000000000007,-5.7286432160804015,0.7749216763756591
72,2.5500000000000007,-5.527638190954773,0.7876298924100027
73,2.5500000000000007,-5.326633165829145,0.7832370224147815
74,2.5500000000000007,-5.125628140703517,0.7648660534528988
75,2.5500000000000007,-4.924623115577889,0.7364655240102221
76,2.5500000000000007,-4.723618090452261,0.7020483107151245
77,2.5500000000000007,-4.522613065326633,0.6651651286590442
78,2.5500000000000007,-4.321608040201005,0.6286456310980606
79,2.5500000000000007,-4.1206030150753765,0.5945392660853677
80,2.5500000000000007,-3.9195979899497466,0.5641984639226256
81,2.5500000000000007,-3.7185929648241185,0.538432655081977
82,2.5500000000000007,-3.5175879396984904,0.5176835438459859
83,2.5500000000000007,-3.3165829145728623,0.5021792083287733
84,2.5500000000000007,-3.115577889447234,0.49206360951834344
85,2.5500000000000007,-2.914572864321606,0.4874973433807237
86,2.5500000000000007,-2.713567839195978,0.4887341198031852
87,2.5500000000000007,-2.5125628140703498,0.49617579533546036
88,2.5500000000000007,-2.3115577889447216,0.5104040224583654
89,2.5500000000000007,-2.1105527638190935,0.5321618143711149
90,2.5500000000000007,-1.9095477386934654,0.5622202184020298
91,2.5500000000000007,-1.7085427135678373,0.6009798266520788
92,2.5500000000000007,-1.5075376884422091,0.6475795890625773
93,2.5500000000000007,-1.306532663316581,0.6985211754957841
94,2.5500000000000007,-1.105527638190953,0.7468797269568626
95,2.5500000000000007,-0.9045226130653248,0.784059408750216
96,2.5500000000000007,-0.7035175879396967,0.80424250107836
97,2.5500000000000007,-0.5025125628140685,0.80832756837449
98,2.5500000000000007,-0.3015075376884404,0.8041235917201024
99,2.5500000000000007,-0.10050251256281229,0.803465221204845
100,2.5500000000000007,0.10050251256281584,0.8192879955437277
101,2.5500000000000007,0.30150753768844396,0.8632480948147526
102,2.5500000000000007,0.5025125628140721,0.9364457503138609
103,2.5500000000000007,0.7035175879397002,0.9948142173801383
104,2.5500000000000007,0.9045226130653283,0.9173863700614264
105,2.5500000000000007,1.1055276381909565,0.6563327572605749
106,2.5500000000000007,1.3065326633165846,0.4001314294019186
107,2.5500000000000007,1.5075376884422127,0.25366257545992144
108,2.5500000000000007,1.7085427135678408,0.1715969492881882
109,2.5500000000000007,1.909547738693469,0.12175417396338468
110,2.5500000000000007,2.110552763819097,0.08949718091461632
111,2.5500000000000007,2.311557788944725,0.06745571563244775
112,2.5500000000000007,2.5125628140703533,0.05175271276511467
113,2.5500000000000007,2.7135678391959814,0.0419579628891309
114,2.5500000000000007,2.9145728643216096,0.030924969384368388
115,2.5500000000000007,3.1155778894472377,0.027694649589109197
116,2.5500000000000007,3.316582914572866,0.022280681834002156
117,2.5500000000000007,3.517587939698494,0.022195058187531175
118,2.5500000000000007,3.718592964824122,0.016500048954741057
119,2.5500000000000007,3.91959798994975,0.05348511860650784
120,2.5500000000000007,4.120603015075378,0.00803048830917269
121,2.5500000000000007,4.321608040201006,0.1006762496992079
122,2.5500000000000007,4.5226130653266345,0.09871781418731465
123,2.5500000000000007,4.723618090452263,0.07251894294916666
124,2.5500000000000007,4.924623115577891,0.19184423656637073
125,2.5500000000000007,5.125628140703519,0.2310729563896372
126,2.5500000000000007,5.326633165829147,0.17771319889051893
127,2.5500000000000007,5.527638190954775,0.22305650063581384
128,2.5500000000000007,5.728643216080403,0.33142253417331424
129,2.5500000000000007,5.929648241206031,0.35663480066197406
130,2.5500000000000007,6.1306532663316595,0.3092811451606967
131,2.5500000000000007,6.331658291457288,0.30059427418248363
132,2.5500000000000007,6.532663316582916,0.3554773674739754
133,2.5500000000000007,6.733668341708544,0.4164473878870786
134,2.5500000000000007,6.934673366834172,0.42937450077778916
135,2.5500000000000007,7.1356783919598,0.38313461858247677
136,2.5500000000000007,7.336683417085428,0.35266832585073077
137,2.5500000000000007,7.537688442211056,0.36606492704955
138,2.5500000000000007,7.7386934673366845,0.37383301314621975
139,2.5500000000000007,7.939698492462313,0.376667434861325
140,2.5500000000000007,8.14070351758794,0.41557290211963177
141,2.5500000000000007,8.341708542713569,0.42763885226311643
142,2.5500000000000007,8.542713567839197,0.3546998430236523
143,2.5500000000000007,8.743718592964825,0.2791164311788743
144,2.5500000000000007,8.944723618090453,0.2912033089729632
145,2.5500000000000007,9.145728643216081,0.36307702516115437
146,2.5500000000000007,9.34673366834171,0.39199681315595875
147,2.5500000000000007,9.547738693467338,0.32485580804282727
148,2.5500000000000007,9.748743718592966,0.23113898410852804
149,2.5500000000000007,9.949748743718594,0.21704363605213697
150,2.5500000000000007,10.150753768844222,0.2976200338602644
151,2.5500000000000007,10.35175879396985,0.38094820023562354
152,2.5500000000000007,10.552763819095478,0.38705635051595383
153,2.5500000000000007,10.753768844221106,0.29723932027320615
154,2.5500000000000007,10.954773869346734,0.17440996410805013
155,2.5500000000000007,11.155778894472363,0.0949593134113931
156,2.5500000000000007,11.35678391959799,0.09528652556709104
157,2.5500000000000007,11.557788944723619,0.1875894013492349
158,2.5500000000000007,11.758793969849247,0.3101465833757718
159,2.5500000000000007,11.959798994974875,0.38567839831746353
160,2.5500000000000007,12.160804020100507,0.40011048903709817
161,2.5500000000000007,12.361809045226131,0.33816560942346396
162,2.5500000000000007,12.562814070351763,0.2057221927059874
163,2.5500000000000007,12.763819095477388,0.0824384389954679
164,2.5500000000000007,12.96482412060302,0.025435986192385625
165,2.5500000000000007,13.165829145728644,0.020802167354217933
166,2.5500000000000007,13.366834170854275,0.0648888953315299
167,2.5500000000000007,13.5678391959799,0.16819777881980846
168,2.5500000000000007,13.768844221105532,0.2891221861531283
169,2.5500000000000007,13.969849246231156,0.35398728744236385
170,2.5500000000000007,14.170854271356788,0.3548497511722225
171,2.5500000000000007,14.371859296482413,0.3358243709178496
172,2.5500000000000007,14.572864321608044,0.3249401012660269
173,2.5500000000000007,14.773869346733669,0.2927190934021063
174,2.5500000000000007,14.9748743718593,0.20527620360693197
175,2.5500000000000007,15.175879396984925,0.0983217500918149
176,2.5500000000000007,15.376884422110557,0.023731351247788576
177,2.5500000000000007,15.577889447236181,0.0006193384140573045
178,2.5500000000000007,15.778894472361813,0.008632916221655185
179,2.5500000000000007,15.979899497487438,0.021303002949310094
180,2.5500000000000007,16.18090452261307,0.04937917573784738
181,2.5500000000000007,16.381909547738694,0.10830032829847944
182,2.5500000000000007,16.582914572864325,0.19558190991943714
183,2.5500000000000007,16.78391959798995,0.2955702650573658
184,2.5500000000000007,16.98492462311558,0.35621456870389695
185,2.5500000000000007,17.185929648241206,0.33426722800047964
186,2.5500000000000007,17.386934673366838,0.2571877956917769
187,2.5500000000000007,17.587939698492463,0.18628876037057948
188,2.5500000000000007,17.788944723618094,0.13733790909079943
189,2.5500000000000007,17.98994974874372,0.10740820809200355
190,2.5500000000000007,18.19095477386935,0.10456020738030143
191,2.5500000000000007,18.391959798994975,0.12010563893319996
192,2.5500000000000007,18.592964824120607,0.12448976130354955
193,2.5500000000000007,18.79396984924623,0.09861555789993219
194,2.5500000000000007,18.994974874371863,0.06277188373767083
195,2.5500000000000007,19.195979899497488,0.0436898935718769
196,2.5500000000000007,19.39698492462312,0.04692273445599107
197,2.5500000000000007,19.597989949748744,0.06914183378370177
198,2.5500000000000007,19.798994974874375,0.10520156722673678
199,2.5500000000000007,20.0,0.1373534670573791
