,t,height,fid
0,2.600000000000001,-20.0,0.2547656269951908
1,2.600000000000001,-19.798994974874372,0.26654263170303266
2,2.600000000000001,-19.597989949748744,0.27739163053961935
3,2.600000000000001,-19.396984924623116,0.28632768973335826
4,2.600000000000001,-19.195979899497488,0.2944035183831816
5,2.600000000000001,-18.99497487437186,0.30051635280180466
6,2.600000000000001,-18.79396984924623,0.3033788410091067
7,2.600000000000001,-18.592964824120603,0.30221212336693937
8,2.600000000000001,-18.391959798994975,0.2954509502439978
9,2.600000000000001,-18.190954773869347,0.2803859133881993
10,2.600000000000001,-17.98994974874372,0.25804493851740745
11,2.600000000000001,-17.78894472361809,0.23300770257721362
12,2.600000000000001,-17.587939698492463,0.20823142766478034
13,2.600000000000001,-17.386934673366834,0.18510936376375445
14,2.600000000000001,-17.185929648241206,0.16551687433074055
15,2.600000000000001,-16.984924623115578,0.151464851441118
16,2.600000000000001,-16.78391959798995,0.1456234870523916
17,2.600000000000001,-16.582914572864322,0.15104101981808302
18,2.600000000000001,-16.381909547738694,0.1675240502637416
19,2.600000000000001,-16.180904522613066,0.19267595871704876
20,2.600000000000001,-15.979899497487438,0.22502028719834724
21,2.600000000000001,-15.77889447236181,0.26373844632666865
22,2.600000000000001,-15.577889447236181,0.30807303034115147
23,2.600000000000001,-15.376884422110553,0.3558084347091096
24,2.600000000000001,-15.175879396984925,0.40448852146093145
25,2.600000000000001,-14.974874371859297,0.45396819111775766
26,2.600000000000001,-14.773869346733669,0.5040191347099946
27,2.600000000000001,-14.57286432160804,0.5523885004799928
28,2.600000000000001,-14.371859296482413,0.5956662550525825
29,2.600000000000001,-14.170854271356784,0.6320669895975564
30,2.600000000000001,-13.969849246231156,0.6608925794379676
31,2.600000000000001,-13.768844221105528,0.6805540378347646
32,2.600000000000001,-13.5678391959799,0.6903562534124117
33,2.600000000000001,-13.366834170854272,0.6916200750790211
34,2.600000000000001,-13.165829145728644,0.6855030058548606
35,2.600000000000001,-12.964824120603016,0.6722824877303076
36,2.600000000000001,-12.763819095477388,0.6535223099822374
37,2.600000000000001,-12.56281407035176,0.6315314704857738
38,2.600000000000001,-12.361809045226131,0.6081860658985341
39,2.600000000000001,-12.160804020100503,0.5854448744402391
40,2.600000000000001,-11.959798994974873,0.5640221028424575
41,2.600000000000001,-11.758793969849245,0.5427179395540277
42,2.600000000000001,-11.557788944723617,0.5201243490515045
43,2.600000000000001,-11.356783919597989,0.49546925001126313
44,2.600000000000001,-11.15577889447236,0.46937971136725315
45,2.600000000000001,-10.954773869346733,0.443530512128607
46,2.600000000000001,-10.753768844221105,0.4195108953082373
47,2.600000000000001,-10.552763819095476,0.39866148512985394
48,2.600000000000001,-10.351758793969848,0.38190339571666493
49,2.600000000000001,-10.15075376884422,0.36938868417578696
50,2.600000000000001,-9.949748743718592,0.3598645540595312
51,2.600000000000001,-9.748743718592964,0.35114461280595516
52,2.600000000000001,-9.547738693467336,0.3415528518186374
53,2.600000000000001,-9.346733668341708,0.33090755772030556
54,2.600000000000001,-9.14572864321608,0.3203698709858706
55,2.600000000000001,-8.944723618090451,0.31199614951935856
56,2.600000000000001,-8.743718592964823,0.30800173791007057
57,2.600000000000001,-8.542713567839195,0.30941861849466884
58,2.600000000000001,-8.341708542713567,0.31525057416486874
59,2.600000000000001,-8.140703517587939,0.32292567002721545
60,2.600000000000001,-7.939698492462311,0.329445841052636
61,2.600000000000001,-7.738693467336683,0.3329977017987557
62,2.600000000000001,-7.537688442211055,0.334404739559121
63,2.600000000000001,-7.3366834170854265,0.3374083579555218
64,2.600000000000001,-7.135678391959798,0.347709912520655
65,2.600000000000001,-6.93467336683417,0.3710013538959187
66,2.600000000000001,-6.733668341708542,0.4107448829150849
67,2.600000000000001,-6.532663316582914,0.4666447610667336
68,2.600000000000001,-6.331658291457286,0.5343300614024341
69,2.600000000000001,-6.130653266331658,0.6063820907277139
70,2.600000000000001,-5.92964824120603,0.6742034013511498
71,2.600000000000001,-5.7286432160804015,0.7300511780488518
72,2.600000000000001,-5.527638190954773,0.7685870108601809
73,2.600000000000001,-5.326633165829145,0.7875841921365763
74,2.600000000000001,-5.125628140703517,0.7877939142770513
75,2.600000000000001,-4.924623115577889,0.7721942783094806
76,2.600000000000001,-4.723618090452261,0.7449767645136686
77,2.600000000000001,-4.522613065326633,0.7105953590880368
78,2.600000000000001,-4.321608040201005,0.6730749890475306
79,2.600000000000001,-4.1206030150753765,0.6356500096685342
80,2.600000000000001,-3.9195979899497466,0.6006660091296713
81,2.600000000000001,-3.7185929648241185,0.5696670213161
82,2.600000000000001,-3.5175879396984904,0.5435730192196557
83,2.600000000000001,-3.3165829145728623,0.5228847849289555
84,2.600000000000001,-3.115577889447234,0.5078672225757135
85,2.600000000000001,-2.914572864321606,0.4987002766958617
86,2.600000000000001,-2.713567839195978,0.4955944645432
87,2.600000000000001,-2.5125628140703498,0.498876670385115
88,2.600000000000001,-2.3115577889447216,0.5090462964113381
89,2.600000000000001,-2.1105527638190935,0.5267902543321537
90,2.600000000000001,-1.9095477386934654,0.5529080862815698
91,2.600000000000001,-1.7085427135678373,0.5880287994881761
92,2.600000000000001,-1.5075376884422091,0.6318927892809649
93,2.600000000000001,-1.306532663316581,0.6820300723920102
94,2.600000000000001,-1.105527638190953,0.7324495699461133
95,2.600000000000001,-0.9045226130653248,0.7743399163230544
96,2.600000000000001,-0.7035175879396967,0.80011761732263
97,2.600000000000001,-0.5025125628140685,0.8084420462813834
98,2.600000000000001,-0.3015075376884404,0.8058852956439194
99,2.600000000000001,-0.10050251256281229,0.8044554323313242
100,2.600000000000001,0.10050251256281584,0.8181075170811687
101,2.600000000000001,0.30150753768844396,0.8599342583888329
102,2.600000000000001,0.5025125628140721,0.9331681875511012
103,2.600000000000001,0.7035175879397002,0.9954637491519346
104,2.600000000000001,0.9045226130653283,0.9201418810634858
105,2.600000000000001,1.1055276381909565,0.6514451889398765
106,2.600000000000001,1.3065326633165846,0.39030746117046394
107,2.600000000000001,1.5075376884422127,0.2448687605713814
108,2.600000000000001,1.7085427135678408,0.16444546575636693
109,2.600000000000001,1.909547738693469,0.11599592847565822
110,2.600000000000001,2.110552763819097,0.08485243893551506
111,2.600000000000001,2.311557788944725,0.06365547614145455
112,2.600000000000001,2.5125628140703533,0.048384762514073094
113,2.600000000000001,2.7135678391959814,0.03961919441003355
114,2.600000000000001,2.9145728643216096,0.028997933301887657
115,2.600000000000001,3.1155778894472377,0.02464668511205729
116,2.600000000000001,3.316582914572866,0.02435119513904289
117,2.600000000000001,3.517587939698494,0.01866010701888146
118,2.600000000000001,3.718592964824122,0.023989853191482842
119,2.600000000000001,3.91959798994975,0.05726042501162989
120,2.600000000000001,4.120603015075378,0.016433087693622818
121,2.600000000000001,4.321608040201006,0.1225317934971104
122,2.600000000000001,4.5226130653266345,0.10960001376997427
123,2.600000000000001,4.723618090452263,0.09542547242325228
124,2.600000000000001,4.924623115577891,0.2225282970627799
125,2.600000000000001,5.125628140703519,0.25154452818600215
126,2.600000000000001,5.326633165829147,0.19975633961106312
127,2.600000000000001,5.527638190954775,0.252910903679854
128,2.600000000000001,5.728643216080403,0.35756505280851086
129,2.600000000000001,5.929648241206031,0.3736753517637044
130,2.600000000000001,6.1306532663316595,0.3260474002062126
131,2.600000000000001,6.331658291457288,0.3192867400905818
132,2.600000000000001,6.532663316582916,0.3710568803432788
133,2.600000000000001,6.733668341708544,0.43106198157492914
134,2.600000000000001,6.934673366834172,0.42982036076708546
135,2.600000000000001,7.1356783919598,0.383413703808716
136,2.600000000000001,7.336683417085428,0.367705203763016
137,2.600000000000001,7.537688442211056,0.36646246602264176
138,2.600000000000001,7.7386934673366845,0.35570262084104637
139,2.600000000000001,7.939698492462313,0.38301432315975253
140,2.600000000000001,8.14070351758794,0.4350639297888641
141,2.600000000000001,8.341708542713569,0.4046986713529059
142,2.600000000000001,8.542713567839197,0.3085047845216482
143,2.600000000000001,8.743718592964825,0.27277835828744285
144,2.600000000000001,8.944723618090453,0.3283379366253227
145,2.600000000000001,9.145728643216081,0.3850171718518127
146,2.600000000000001,9.34673366834171,0.3523542025750076
147,2.600000000000001,9.547738693467338,0.2524000639571371
148,2.600000000000001,9.748743718592966,0.19479326500855781
149,2.600000000000001,9.949748743718594,0.24914556719281192
150,2.600000000000001,10.150753768844222,0.35290286704164336
151,2.600000000000001,10.35175879396985,0.4033158339137228
152,2.600000000000001,10.552763819095478,0.3443160144112492
153,2.600000000000001,10.753768844221106,0.21698126712799096
154,2.600000000000001,10.954773869346734,0.10941379286251629
155,2.600000000000001,11.155778894472363,0.07143637223275126
156,2.600000000000001,11.35678391959799,0.13360782897675855
157,2.600000000000001,11.557788944723619,0.25490085786522226
158,2.600000000000001,11.758793969849247,0.35386943482732736
159,2.600000000000001,11.959798994974875,0.4043485412579634
160,2.600000000000001,12.160804020100507,0.3779575953955003
161,2.600000000000001,12.361809045226131,0.25836438691540586
162,2.600000000000001,12.562814070351763,0.1208064260588102
163,2.600000000000001,12.763819095477388,0.03978064372970062
164,2.600000000000001,12.96482412060302,0.011456023535083158
165,2.600000000000001,13.165829145728644,0.03461127047343508
166,2.600000000000001,13.366834170854275,0.12584800308678457
167,2.600000000000001,13.5678391959799,0.24645601381894477
168,2.600000000000001,13.768844221105532,0.3201687954065536
169,2.600000000000001,13.969849246231156,0.3354792249065404
170,2.600000000000001,14.170854271356788,0.3347303172334435
171,2.600000000000001,14.371859296482413,0.3457382226573277
172,2.600000000000001,14.572864321608044,0.32815036439450823
173,2.600000000000001,14.773869346733669,0.24371077532634974
174,2.600000000000001,14.9748743718593,0.12978666612032672
175,2.600000000000001,15.175879396984925,0.04039679703123383
176,2.600000000000001,15.376884422110557,0.0031194854190484235
177,2.600000000000001,15.577889447236181,0.0009824254994996538
178,2.600000000000001,15.778894472361813,0.007281189042916761
179,2.600000000000001,15.979899497487438,0.030660873672424326
180,2.600000000000001,16.18090452261307,0.08492393311636147
181,2.600000000000001,16.381909547738694,0.17398254255090717
182,2.600000000000001,16.582914572864325,0.27643140465828026
183,2.600000000000001,16.78391959798995,0.3303305834235829
184,2.600000000000001,16.98492462311558,0.3019880427746227
185,2.600000000000001,17.185929648241206,0.23385896855595784
186,2.600000000000001,17.386934673366838,0.17470216586032788
187,2.600000000000001,17.587939698492463,0.12882719997697112
188,2.600000000000001,17.788944723618094,0.10627940409338069
189,2.600000000000001,17.98994974874372,0.11735060606994532
190,2.600000000000001,18.19095477386935,0.14321122163364597
191,2.600000000000001,18.391959798994975,0.1428468071747933
192,2.600000000000001,18.592964824120607,0.10710325619580095
193,2.600000000000001,18.79396984924623,0.06835475728692814
194,2.600000000000001,18.994974874371863,0.04831597547598796
195,2.600000000000001,19.195979899497488,0.0502976255777831
196,2.600000000000001,19.39698492462312,0.07320194912306145
197,2.600000000000001,19.597989949748744,0.10853795142841528
198,2.600000000000001,19.798994974874375,0.1272229944385663
199,2.600000000000001,20.0,0.1070647942084024
