,t,height,fid
0,2.850000000000001,-20.0,0.5575171874697552
1,2.850000000000001,-19.798994974874372,0.5399392194092235
2,2.850000000000001,-19.597989949748744,0.5278237061910038
3,2.850000000000001,-19.396984924623116,0.5174301010250292
4,2.850000000000001,-19.195979899497488,0.5090768341713349
5,2.850000000000001,-18.99497487437186,0.5043316612383472
6,2.850000000000001,-18.79396984924623,0.4988551837249224
7,2.850000000000001,-18.592964824120603,0.489915441608493
8,2.850000000000001,-18.391959798994975,0.4786849882379912
9,2.850000000000001,-18.190954773869347,0.46785205059922713
10,2.850000000000001,-17.98994974874372,0.4556101378859566
11,2.850000000000001,-17.78894472361809,0.4363562330221615
12,2.850000000000001,-17.587939698492463,0.4101391965211644
13,2.850000000000001,-17.386934673366834,0.3796900141079861
14,2.850000000000001,-17.185929648241206,0.3476835389949517
15,2.850000000000001,-16.984924623115578,0.318342417877456
16,2.850000000000001,-16.78391959798995,0.29604735975853513
17,2.850000000000001,-16.582914572864322,0.2807646517382101
18,2.850000000000001,-16.381909547738694,0.2710708334357764
19,2.850000000000001,-16.180904522613066,0.26853259148643205
20,2.850000000000001,-15.979899497487438,0.27336864396377275
21,2.850000000000001,-15.77889447236181,0.28302239682533575
22,2.850000000000001,-15.577889447236181,0.29373771609948274
23,2.850000000000001,-15.376884422110553,0.3006770825603771
24,2.850000000000001,-15.175879396984925,0.30171134446119
25,2.850000000000001,-14.974874371859297,0.29744539305707385
26,2.850000000000001,-14.773869346733669,0.2871446803642526
27,2.850000000000001,-14.57286432160804,0.27033440333657804
28,2.850000000000001,-14.371859296482413,0.2484918262780188
29,2.850000000000001,-14.170854271356784,0.22530236303529488
30,2.850000000000001,-13.969849246231156,0.20472928178481528
31,2.850000000000001,-13.768844221105528,0.18951665178978574
32,2.850000000000001,-13.5678391959799,0.183644973956899
33,2.850000000000001,-13.366834170854272,0.19144486239019912
34,2.850000000000001,-13.165829145728644,0.2149680894696507
35,2.850000000000001,-12.964824120603016,0.2534601510469416
36,2.850000000000001,-12.763819095477388,0.3050602147552931
37,2.850000000000001,-12.56281407035176,0.36590679658620107
38,2.850000000000001,-12.361809045226131,0.43047015510441605
39,2.850000000000001,-12.160804020100503,0.4942862382235395
40,2.850000000000001,-11.959798994974873,0.5540127685335178
41,2.850000000000001,-11.758793969849245,0.6063159871426372
42,2.850000000000001,-11.557788944723617,0.6492274372476449
43,2.850000000000001,-11.356783919597989,0.6816222352654349
44,2.850000000000001,-11.15577889447236,0.7028017251600365
45,2.850000000000001,-10.954773869346733,0.7133807229442909
46,2.850000000000001,-10.753768844221105,0.713850869448276
47,2.850000000000001,-10.552763819095476,0.7043975968287994
48,2.850000000000001,-10.351758793969848,0.6855612210412179
49,2.850000000000001,-10.15075376884422,0.6590067026519869
50,2.850000000000001,-9.949748743718592,0.6280459513383311
51,2.850000000000001,-9.748743718592964,0.5960751157236054
52,2.850000000000001,-9.547738693467336,0.5652072957319562
53,2.850000000000001,-9.346733668341708,0.5359357475765817
54,2.850000000000001,-9.14572864321608,0.5079255259125536
55,2.850000000000001,-8.944723618090451,0.4805620178499545
56,2.850000000000001,-8.743718592964823,0.4536627323947887
57,2.850000000000001,-8.542713567839195,0.4283055490065611
58,2.850000000000001,-8.341708542713567,0.4064547772361441
59,2.850000000000001,-8.140703517587939,0.3893361775864102
60,2.850000000000001,-7.939698492462311,0.37651354448646823
61,2.850000000000001,-7.738693467336683,0.3662509769372288
62,2.850000000000001,-7.537688442211055,0.35673940084362116
63,2.850000000000001,-7.3366834170854265,0.3477292871876975
64,2.850000000000001,-7.135678391959798,0.3409883485008712
65,2.850000000000001,-6.93467336683417,0.3389414318762377
66,2.850000000000001,-6.733668341708542,0.34259641468375623
67,2.850000000000001,-6.532663316582914,0.3503636888147136
68,2.850000000000001,-6.331658291457286,0.35914235318650206
69,2.850000000000001,-6.130653266331658,0.36716375456159733
70,2.850000000000001,-5.92964824120603,0.37656469366445017
71,2.850000000000001,-5.7286432160804015,0.39353690767967003
72,2.850000000000001,-5.527638190954773,0.42546734397798763
73,2.850000000000001,-5.326633165829145,0.47660236997653915
74,2.850000000000001,-5.125628140703517,0.5448663014449975
75,2.850000000000001,-4.924623115577889,0.6216659736164005
76,2.850000000000001,-4.723618090452261,0.6947469801515018
77,2.850000000000001,-4.522613065326633,0.7524296609749677
78,2.850000000000001,-4.321608040201005,0.787138909820657
79,2.850000000000001,-4.1206030150753765,0.7968689550295882
80,2.850000000000001,-3.9195979899497466,0.7845333128290365
81,2.850000000000001,-3.7185929648241185,0.7560443578679708
82,2.850000000000001,-3.5175879396984904,0.7182046480250349
83,2.850000000000001,-3.3165829145728623,0.6771446222591675
84,2.850000000000001,-3.115577889447234,0.6375579645539083
85,2.850000000000001,-2.914572864321606,0.6025931245146914
86,2.850000000000001,-2.713567839195978,0.5741337573285593
87,2.850000000000001,-2.5125628140703498,0.5532177251769163
88,2.850000000000001,-2.3115577889447216,0.5404393002593022
89,2.850000000000001,-2.1105527638190935,0.536266822946348
90,2.850000000000001,-1.9095477386934654,0.5412583942576118
91,2.850000000000001,-1.7085427135678373,0.5561595315235814
92,2.850000000000001,-1.5075376884422091,0.5818067556505137
93,2.850000000000001,-1.306532663316581,0.618629717380304
94,2.850000000000001,-1.105527638190953,0.6653889531030845
95,2.850000000000001,-0.9045226130653248,0.7171373409137367
96,2.850000000000001,-0.7035175879396967,0.764213825288246
97,2.850000000000001,-0.5025125628140685,0.7958200619171388
98,2.850000000000001,-0.3015075376884404,0.8078542046419351
99,2.850000000000001,-0.10050251256281229,0.8079126456812115
100,2.850000000000001,0.10050251256281584,0.8128509455025927
101,2.850000000000001,0.30150753768844396,0.8429301425109064
102,2.850000000000001,0.5025125628140721,0.9127645686500813
103,2.850000000000001,0.7035175879397002,0.9928391456059913
104,2.850000000000001,0.9045226130653283,0.9326050493561184
105,2.850000000000001,1.1055276381909565,0.626725936968015
106,2.850000000000001,1.3065326633165846,0.34338100316006426
107,2.850000000000001,1.5075376884422127,0.20491215439157076
108,2.850000000000001,1.7085427135678408,0.1327806703109455
109,2.850000000000001,1.909547738693469,0.09094059322379525
110,2.850000000000001,2.110552763819097,0.06508953711146051
111,2.850000000000001,2.311557788944725,0.048374524816298226
112,2.850000000000001,2.5125628140703533,0.033632986713278766
113,2.850000000000001,2.7135678391959814,0.027799489078791866
114,2.850000000000001,2.9145728643216096,0.029891100934490784
115,2.850000000000001,3.1155778894472377,0.005453360084355932
116,2.850000000000001,3.316582914572866,0.05383526228657482
117,2.850000000000001,3.517587939698494,0.009222648545059482
118,2.850000000000001,3.718592964824122,0.09719722384379631
119,2.850000000000001,3.91959798994975,0.08893308451602473
120,2.850000000000001,4.120603015075378,0.11035762385887492
121,2.850000000000001,4.321608040201006,0.2416431259356559
122,2.850000000000001,4.5226130653266345,0.19079680254577494
123,2.850000000000001,4.723618090452263,0.23564850393979186
124,2.850000000000001,4.924623115577891,0.3624791798012457
125,2.850000000000001,5.125628140703519,0.3472102540489106
126,2.850000000000001,5.326633165829147,0.3090571004670342
127,2.850000000000001,5.527638190954775,0.37482025246135536
128,2.850000000000001,5.728643216080403,0.4467156002613428
129,2.850000000000001,5.929648241206031,0.42961775126201057
130,2.850000000000001,6.1306532663316595,0.3757326196351556
131,2.850000000000001,6.331658291457288,0.38444362608922644
132,2.850000000000001,6.532663316582916,0.4074096415745933
133,2.850000000000001,6.733668341708544,0.42379197424751985
134,2.850000000000001,6.934673366834172,0.4437110594063873
135,2.850000000000001,7.1356783919598,0.3780345163180141
136,2.850000000000001,7.336683417085428,0.3065661481022954
137,2.850000000000001,7.537688442211056,0.34704577048505175
138,2.850000000000001,7.7386934673366845,0.4088358695392817
139,2.850000000000001,7.939698492462313,0.35068739775111796
140,2.850000000000001,8.14070351758794,0.25692115054337095
141,2.850000000000001,8.341708542713569,0.28564828249551555
142,2.850000000000001,8.542713567839197,0.37702060174425145
143,2.850000000000001,8.743718592964825,0.37260219748356066
144,2.850000000000001,8.944723618090453,0.2531609752902592
145,2.850000000000001,9.145728643216081,0.13533934949030976
146,2.850000000000001,9.34673366834171,0.13856169511631045
147,2.850000000000001,9.547738693467338,0.2623187589263465
148,2.850000000000001,9.748743718592966,0.39167514235119466
149,2.850000000000001,9.949748743718594,0.39171272871768836
150,2.850000000000001,10.150753768844222,0.27861279862411065
151,2.850000000000001,10.35175879396985,0.12212280571272757
152,2.850000000000001,10.552763819095478,0.03174984985081051
153,2.850000000000001,10.753768844221106,0.06055631093490408
154,2.850000000000001,10.954773869346734,0.1563681762869885
155,2.850000000000001,11.155778894472363,0.2942750149224302
156,2.850000000000001,11.35678391959799,0.4039078627200049
157,2.850000000000001,11.557788944723619,0.3887810879140838
158,2.850000000000001,11.758793969849247,0.29246508313960917
159,2.850000000000001,11.959798994974875,0.19595652930917426
160,2.850000000000001,12.160804020100507,0.09621734733053057
161,2.850000000000001,12.361809045226131,0.013737159697964874
162,2.850000000000001,12.562814070351763,0.012249561021951067
163,2.850000000000001,12.763819095477388,0.07335611284629588
164,2.850000000000001,12.96482412060302,0.13087623692689562
165,2.850000000000001,13.165829145728644,0.18197087900840817
166,2.850000000000001,13.366834170854275,0.2729387075158556
167,2.850000000000001,13.5678391959799,0.36302293768271604
168,2.850000000000001,13.768844221105532,0.37877947082963265
169,2.850000000000001,13.969849246231156,0.30014511456377696
170,2.850000000000001,14.170854271356788,0.17167661057861128
171,2.850000000000001,14.371859296482413,0.0869002320223088
172,2.850000000000001,14.572864321608044,0.05718409573927824
173,2.850000000000001,14.773869346733669,0.03863580056183153
174,2.850000000000001,14.9748743718593,0.022176715354188817
175,2.850000000000001,15.175879396984925,0.021445705175622966
176,2.850000000000001,15.376884422110557,0.061390563097508274
177,2.850000000000001,15.577889447236181,0.12926888394504688
178,2.850000000000001,15.778894472361813,0.17478869975951947
179,2.850000000000001,15.979899497487438,0.18839038980537337
180,2.850000000000001,16.18090452261307,0.17186512558889902
181,2.850000000000001,16.381909547738694,0.12426835770992803
182,2.850000000000001,16.582914572864325,0.08320454538411555
183,2.850000000000001,16.78391959798995,0.10501584810306266
184,2.850000000000001,16.98492462311558,0.1708522934904093
185,2.850000000000001,17.185929648241206,0.20770948750834825
186,2.850000000000001,17.386934673366838,0.20321168894534153
187,2.850000000000001,17.587939698492463,0.17983039282155283
188,2.850000000000001,17.788944723618094,0.15919819352417566
189,2.850000000000001,17.98994974874372,0.1431814294716287
190,2.850000000000001,18.19095477386935,0.1191928641996849
191,2.850000000000001,18.391959798994975,0.0919902460901749
192,2.850000000000001,18.592964824120607,0.06864580784656105
193,2.850000000000001,18.79396984924623,0.0474052419149871
194,2.850000000000001,18.994974874371863,0.028880483678333145
195,2.850000000000001,19.195979899497488,0.02556403635012194
196,2.850000000000001,19.39698492462312,0.035373144213835965
197,2.850000000000001,19.597989949748744,0.03458411860633059
198,2.850000000000001,19.798994974874375,0.03897123079034774
199,2.850000000000001,20.0,0.09039348785089442
