,t,height,fid
0,2.100000000000001,-20.0,0.568585227840003
1,2.100000000000001,-19.798994974874372,0.5492148034277756
2,2.100000000000001,-19.597989949748744,0.530624939045371
3,2.100000000000001,-19.396984924623116,0.5129133248904585
4,2.100000000000001,-19.195979899497488,0.49494006757063497
5,2.100000000000001,-18.99497487437186,0.47560208753053185
6,2.100000000000001,-18.79396984924623,0.45594970986436906
7,2.100000000000001,-18.592964824120603,0.4379454618194431
8,2.100000000000001,-18.391959798994975,0.4218150390255234
9,2.100000000000001,-18.190954773869347,0.40669454743309863
10,2.100000000000001,-17.98994974874372,0.39235110486980296
11,2.100000000000001,-17.78894472361809,0.3798911722940508
12,2.100000000000001,-17.587939698492463,0.3709850288192212
13,2.100000000000001,-17.386934673366834,0.3655858495585476
14,2.100000000000001,-17.185929648241206,0.3617953532835846
15,2.100000000000001,-16.984924623115578,0.3579190896027673
16,2.100000000000001,-16.78391959798995,0.35307110275790143
17,2.100000000000001,-16.582914572864322,0.3463653706940526
18,2.100000000000001,-16.381909547738694,0.336544635642093
19,2.100000000000001,-16.180904522613066,0.32335901253840377
20,2.100000000000001,-15.979899497487438,0.30834342962126043
21,2.100000000000001,-15.77889447236181,0.293323943180642
22,2.100000000000001,-15.577889447236181,0.27931039947617525
23,2.100000000000001,-15.376884422110553,0.26702024411892267
24,2.100000000000001,-15.175879396984925,0.25722960409738993
25,2.100000000000001,-14.974874371859297,0.25017814842197006
26,2.100000000000001,-14.773869346733669,0.2459362245923929
27,2.100000000000001,-14.57286432160804,0.24511972898225523
28,2.100000000000001,-14.371859296482413,0.24819691026681695
29,2.100000000000001,-14.170854271356784,0.2546615484273598
30,2.100000000000001,-13.969849246231156,0.26320439813442775
31,2.100000000000001,-13.768844221105528,0.2718637174611412
32,2.100000000000001,-13.5678391959799,0.27855332166468855
33,2.100000000000001,-13.366834170854272,0.28204013003772976
34,2.100000000000001,-13.165829145728644,0.2819725140468907
35,2.100000000000001,-12.964824120603016,0.278441724671222
36,2.100000000000001,-12.763819095477388,0.2717857993574787
37,2.100000000000001,-12.56281407035176,0.2626550517916859
38,2.100000000000001,-12.361809045226131,0.2525427070111756
39,2.100000000000001,-12.160804020100503,0.24386265458794948
40,2.100000000000001,-11.959798994974873,0.23928743896145138
41,2.100000000000001,-11.758793969849245,0.24101330720470135
42,2.100000000000001,-11.557788944723617,0.25057201462886314
43,2.100000000000001,-11.356783919597989,0.2691051814963196
44,2.100000000000001,-11.15577889447236,0.29725739290322684
45,2.100000000000001,-10.954773869346733,0.33468671411592327
46,2.100000000000001,-10.753768844221105,0.37996700266589034
47,2.100000000000001,-10.552763819095476,0.4310743010784123
48,2.100000000000001,-10.351758793969848,0.48569260150594146
49,2.100000000000001,-10.15075376884422,0.5411158605243928
50,2.100000000000001,-9.949748743718592,0.5944609083980833
51,2.100000000000001,-9.748743718592964,0.6431610714735607
52,2.100000000000001,-9.547738693467336,0.6850868346165528
53,2.100000000000001,-9.346733668341708,0.7185424211204348
54,2.100000000000001,-9.14572864321608,0.7424976134648514
55,2.100000000000001,-8.944723618090451,0.7566391722912201
56,2.100000000000001,-8.743718592964823,0.7612431297621151
57,2.100000000000001,-8.542713567839195,0.7571379426292709
58,2.100000000000001,-8.341708542713567,0.7455481453489486
59,2.100000000000001,-8.140703517587939,0.7278980327700374
60,2.100000000000001,-7.939698492462311,0.7056681811237222
61,2.100000000000001,-7.738693467336683,0.6802583056029164
62,2.100000000000001,-7.537688442211055,0.6529263868851382
63,2.100000000000001,-7.3366834170854265,0.6247609152474324
64,2.100000000000001,-7.135678391959798,0.5966809488152245
65,2.100000000000001,-6.93467336683417,0.5694393015069943
66,2.100000000000001,-6.733668341708542,0.5436255303668677
67,2.100000000000001,-6.532663316582914,0.5196735025488702
68,2.100000000000001,-6.331658291457286,0.49787615925797424
69,2.100000000000001,-6.130653266331658,0.47840293756031904
70,2.100000000000001,-5.92964824120603,0.4613250554144692
71,2.100000000000001,-5.7286432160804015,0.4466519474839755
72,2.100000000000001,-5.527638190954773,0.43437891556430924
73,2.100000000000001,-5.326633165829145,0.42451420771701315
74,2.100000000000001,-5.125628140703517,0.41707016379778633
75,2.100000000000001,-4.924623115577889,0.4120535237528629
76,2.100000000000001,-4.723618090452261,0.409483516608086
77,2.100000000000001,-4.522613065326633,0.4094272142792333
78,2.100000000000001,-4.321608040201005,0.4120170816386856
79,2.100000000000001,-4.1206030150753765,0.417442653050448
80,2.100000000000001,-3.9195979899497466,0.42594736891238644
81,2.100000000000001,-3.7185929648241185,0.4378536291332155
82,2.100000000000001,-3.5175879396984904,0.4535927240632498
83,2.100000000000001,-3.3165829145728623,0.4736969147147245
84,2.100000000000001,-3.115577889447234,0.49875785964901054
85,2.100000000000001,-2.914572864321606,0.5293882619597436
86,2.100000000000001,-2.713567839195978,0.5660645427497732
87,2.100000000000001,-2.5125628140703498,0.608658016247538
88,2.100000000000001,-2.3115577889447216,0.655648814405791
89,2.100000000000001,-2.1105527638190935,0.7035304245421987
90,2.100000000000001,-1.9095477386934654,0.7471262840120458
91,2.100000000000001,-1.7085427135678373,0.7810511737849555
92,2.100000000000001,-1.5075376884422091,0.8016476657529935
93,2.100000000000001,-1.306532663316581,0.8083313285426885
94,2.100000000000001,-1.105527638190953,0.8036747133004537
95,2.100000000000001,-0.9045226130653248,0.792436499544241
96,2.100000000000001,-0.7035175879396967,0.7802722277274584
97,2.100000000000001,-0.5025125628140685,0.7728035884176254
98,2.100000000000001,-0.3015075376884404,0.7753001117435666
99,2.100000000000001,-0.10050251256281229,0.7927529376105332
100,2.100000000000001,0.10050251256281584,0.8295019752963365
101,2.100000000000001,0.30150753768844396,0.8861112921215768
102,2.100000000000001,0.5025125628140721,0.9487982049433417
103,2.100000000000001,0.7035175879397002,0.9721537366913932
104,2.100000000000001,0.9045226130653283,0.890193370936086
105,2.100000000000001,1.1055276381909565,0.6988644076500232
106,2.100000000000001,1.3065326633165846,0.493547029637988
107,2.100000000000001,1.5075376884422127,0.3459075377045871
108,2.100000000000001,1.7085427135678408,0.25077490625872656
109,2.100000000000001,1.909547738693469,0.18799086726880662
110,2.100000000000001,2.110552763819097,0.14481693963535594
111,2.100000000000001,2.311557788944725,0.11402340429839779
112,2.100000000000001,2.5125628140703533,0.09139046746369243
113,2.100000000000001,2.7135678391959814,0.07429542247666032
114,2.100000000000001,2.9145728643216096,0.061229278326969054
115,2.100000000000001,3.1155778894472377,0.05091378426661
116,2.100000000000001,3.316582914572866,0.042641098757643284
117,2.100000000000001,3.517587939698494,0.03649719383418753
118,2.100000000000001,3.718592964824122,0.030700720142701185
119,2.100000000000001,3.91959798994975,0.025474235342108884
120,2.100000000000001,4.120603015075378,0.028753442013557323
121,2.100000000000001,4.321608040201006,0.010046355349938795
122,2.100000000000001,4.5226130653266345,0.03337340257513667
123,2.100000000000001,4.723618090452263,0.02505708481501952
124,2.100000000000001,4.924623115577891,0.0016707805138467483
125,2.100000000000001,5.125628140703519,0.054904371522069464
126,2.100000000000001,5.326633165829147,0.06741182127020579
127,2.100000000000001,5.527638190954775,0.02158417734257223
128,2.100000000000001,5.728643216080403,0.0521181040588738
129,2.100000000000001,5.929648241206031,0.1356080797725243
130,2.100000000000001,6.1306532663316595,0.14819865472468427
131,2.100000000000001,6.331658291457288,0.10242107340087249
132,2.100000000000001,6.532663316582916,0.10537991441439201
133,2.100000000000001,6.733668341708544,0.18192176563418774
134,2.100000000000001,6.934673366834172,0.25645885912975497
135,2.100000000000001,7.1356783919598,0.26645317831578297
136,2.100000000000001,7.336683417085428,0.23008932450402114
137,2.100000000000001,7.537688442211056,0.2073866885060416
138,2.100000000000001,7.7386934673366845,0.23314288459584137
139,2.100000000000001,7.939698492462313,0.294698162156157
140,2.100000000000001,8.14070351758794,0.3500380910938134
141,2.100000000000001,8.341708542713569,0.36617546370890225
142,2.100000000000001,8.542713567839197,0.35127871044750825
143,2.100000000000001,8.743718592964825,0.325237194201089
144,2.100000000000001,8.944723618090453,0.2997219253636793
145,2.100000000000001,9.145728643216081,0.2931650160280212
146,2.100000000000001,9.34673366834171,0.3206362185061175
147,2.100000000000001,9.547738693467338,0.3674069371643041
148,2.100000000000001,9.748743718592966,0.39076490026601113
149,2.100000000000001,9.949748743718594,0.3756039468755571
150,2.100000000000001,10.150753768844222,0.3585171345976068
151,2.100000000000001,10.35175879396985,0.3659980216970495
152,2.100000000000001,10.552763819095478,0.37406385308967793
153,2.100000000000001,10.753768844221106,0.3499228663676088
154,2.100000000000001,10.954773869346734,0.29859486138068864
155,2.100000000000001,11.155778894472363,0.257180878844289
156,2.100000000000001,11.35678391959799,0.26187867753313765
157,2.100000000000001,11.557788944723619,0.3158614698902558
158,2.100000000000001,11.758793969849247,0.3822126074323394
159,2.100000000000001,11.959798994974875,0.40825380328098565
160,2.100000000000001,12.160804020100507,0.3679772060650553
161,2.100000000000001,12.361809045226131,0.2881699974322319
162,2.100000000000001,12.562814070351763,0.22003857565229257
163,2.100000000000001,12.763819095477388,0.20458991331369364
164,2.100000000000001,12.96482412060302,0.24743624875940848
165,2.100000000000001,13.165829145728644,0.3132517799756905
166,2.100000000000001,13.366834170854275,0.36425112859645004
167,2.100000000000001,13.5678391959799,0.3779350896517678
168,2.100000000000001,13.768844221105532,0.3397589594573324
169,2.100000000000001,13.969849246231156,0.26068723927194415
170,2.100000000000001,14.170854271356788,0.17761251469961345
171,2.100000000000001,14.371859296482413,0.11773375740118647
172,2.100000000000001,14.572864321608044,0.09244492337251418
173,2.100000000000001,14.773869346733669,0.116736064640884
174,2.100000000000001,14.9748743718593,0.19261558658207634
175,2.100000000000001,15.175879396984925,0.2855729737453383
176,2.100000000000001,15.376884422110557,0.35437405573252007
177,2.100000000000001,15.577889447236181,0.3899150005540566
178,2.100000000000001,15.778894472361813,0.3999755497562365
179,2.100000000000001,15.979899497487438,0.37457112344236887
180,2.100000000000001,16.18090452261307,0.301641363182457
181,2.100000000000001,16.381909547738694,0.19806829912605037
182,2.100000000000001,16.582914572864325,0.10496130400242651
183,2.100000000000001,16.78391959798995,0.05005373114917968
184,2.100000000000001,16.98492462311558,0.027613156265161372
185,2.100000000000001,17.185929648241206,0.024128153759843236
186,2.100000000000001,17.386934673366838,0.040588925460167215
187,2.100000000000001,17.587939698492463,0.08965062187821181
188,2.100000000000001,17.788944723618094,0.17343875086895746
189,2.100000000000001,17.98994974874372,0.26474120190188566
190,2.100000000000001,18.19095477386935,0.32925809790164756
191,2.100000000000001,18.391959798994975,0.35392129841907227
192,2.100000000000001,18.592964824120607,0.3456722080396562
193,2.100000000000001,18.79396984924623,0.3269899473780853
194,2.100000000000001,18.994974874371863,0.32276279543060116
195,2.100000000000001,19.195979899497488,0.3287028502863621
196,2.100000000000001,19.39698492462312,0.31544566262853285
197,2.100000000000001,19.597989949748744,0.26775143400621493
198,2.100000000000001,19.798994974874375,0.19596399712376658
199,2.100000000000001,20.0,0.11743951718593315
