,t,height,fid
0,2.3000000000000007,-20.0,0.37028764882117404
1,2.3000000000000007,-19.798994974874372,0.4127851359703571
2,2.3000000000000007,-19.597989949748744,0.45338706876652796
3,2.3000000000000007,-19.396984924623116,0.4916176912296892
4,2.3000000000000007,-19.195979899497488,0.5268348076318344
5,2.3000000000000007,-18.99497487437186,0.5582631865314095
6,2.3000000000000007,-18.79396984924623,0.5830770932273716
7,2.3000000000000007,-18.592964824120603,0.599239536279267
8,2.3000000000000007,-18.391959798994975,0.6088914888593947
9,2.3000000000000007,-18.190954773869347,0.6157154155004182
10,2.3000000000000007,-17.98994974874372,0.62124879709057
11,2.3000000000000007,-17.78894472361809,0.625395406931153
12,2.3000000000000007,-17.587939698492463,0.6270251297683547
13,2.3000000000000007,-17.386934673366834,0.6255967363049618
14,2.3000000000000007,-17.185929648241206,0.6227775627469652
15,2.3000000000000007,-16.984924623115578,0.619472300165868
16,2.3000000000000007,-16.78391959798995,0.6140350213386147
17,2.3000000000000007,-16.582914572864322,0.6049252991968144
18,2.3000000000000007,-16.381909547738694,0.592417510007808
19,2.3000000000000007,-16.180904522613066,0.578289971394843
20,2.3000000000000007,-15.979899497487438,0.5632522148901179
21,2.3000000000000007,-15.77889447236181,0.5460417605060623
22,2.3000000000000007,-15.577889447236181,0.5260651650736388
23,2.3000000000000007,-15.376884422110553,0.5040140599434425
24,2.3000000000000007,-15.175879396984925,0.48043906857232543
25,2.3000000000000007,-14.974874371859297,0.455442595622738
26,2.3000000000000007,-14.773869346733669,0.4304917634807377
27,2.3000000000000007,-14.57286432160804,0.4082861300701171
28,2.3000000000000007,-14.371859296482413,0.39043907415068824
29,2.3000000000000007,-14.170854271356784,0.37706029487464376
30,2.3000000000000007,-13.969849246231156,0.3676495855692628
31,2.3000000000000007,-13.768844221105528,0.36075182640888703
32,2.3000000000000007,-13.5678391959799,0.35428467142237513
33,2.3000000000000007,-13.366834170854272,0.34707629585963157
34,2.3000000000000007,-13.165829145728644,0.3387405810393999
35,2.3000000000000007,-12.964824120603016,0.3289515030138855
36,2.3000000000000007,-12.763819095477388,0.317686713905331
37,2.3000000000000007,-12.56281407035176,0.3051716586992581
38,2.3000000000000007,-12.361809045226131,0.29226671066604243
39,2.3000000000000007,-12.160804020100503,0.2808640938115002
40,2.3000000000000007,-11.959798994974873,0.2730117927939437
41,2.3000000000000007,-11.758793969849245,0.26995508146339464
42,2.3000000000000007,-11.557788944723617,0.271596275547771
43,2.3000000000000007,-11.356783919597989,0.27681919354336554
44,2.3000000000000007,-11.15577889447236,0.28411201294021887
45,2.3000000000000007,-10.954773869346733,0.29163571445852793
46,2.3000000000000007,-10.753768844221105,0.29725679842227615
47,2.3000000000000007,-10.552763819095476,0.299178262930938
48,2.3000000000000007,-10.351758793969848,0.2969347344899853
49,2.3000000000000007,-10.15075376884422,0.2916611747522034
50,2.3000000000000007,-9.949748743718592,0.28566543962739316
51,2.3000000000000007,-9.748743718592964,0.2821245249255732
52,2.3000000000000007,-9.547738693467336,0.2847989663548503
53,2.3000000000000007,-9.346733668341708,0.29716887054827235
54,2.3000000000000007,-9.14572864321608,0.3215356006944669
55,2.3000000000000007,-8.944723618090451,0.35866496061801045
56,2.3000000000000007,-8.743718592964823,0.40755137669506675
57,2.3000000000000007,-8.542713567839195,0.46540059544939555
58,2.3000000000000007,-8.341708542713567,0.5281347539684311
59,2.3000000000000007,-8.140703517587939,0.591023885213432
60,2.3000000000000007,-7.939698492462311,0.6493516795127448
61,2.3000000000000007,-7.738693467336683,0.699100438201562
62,2.3000000000000007,-7.537688442211055,0.7373690157846771
63,2.3000000000000007,-7.3366834170854265,0.7625870632659246
64,2.3000000000000007,-7.135678391959798,0.7744811190009352
65,2.3000000000000007,-6.93467336683417,0.7738832248860301
66,2.3000000000000007,-6.733668341708542,0.7624491664784774
67,2.3000000000000007,-6.532663316582914,0.7423468542688322
68,2.3000000000000007,-6.331658291457286,0.7159558921323094
69,2.3000000000000007,-6.130653266331658,0.6856018838900432
70,2.3000000000000007,-5.92964824120603,0.6533640685991526
71,2.3000000000000007,-5.7286432160804015,0.6209594848741514
72,2.3000000000000007,-5.527638190954773,0.5897083487461001
73,2.3000000000000007,-5.326633165829145,0.5605604620331532
74,2.3000000000000007,-5.125628140703517,0.53415646931873
75,2.3000000000000007,-4.924623115577889,0.5108999454362922
76,2.3000000000000007,-4.723618090452261,0.49101815809326504
77,2.3000000000000007,-4.522613065326633,0.4746140816525074
78,2.3000000000000007,-4.321608040201005,0.4617238623027986
79,2.3000000000000007,-4.1206030150753765,0.4523690861811964
80,2.3000000000000007,-3.9195979899497466,0.4465951443631582
81,2.3000000000000007,-3.7185929648241185,0.444486967589965
82,2.3000000000000007,-3.5175879396984904,0.44620147919186115
83,2.3000000000000007,-3.3165829145728623,0.45199228312553463
84,2.3000000000000007,-3.115577889447234,0.46222659042064546
85,2.3000000000000007,-2.914572864321606,0.47739927595227827
86,2.3000000000000007,-2.713567839195978,0.4981349003627141
87,2.3000000000000007,-2.5125628140703498,0.5251373214641585
88,2.3000000000000007,-2.3115577889447216,0.5590372524706911
89,2.3000000000000007,-2.1105527638190935,0.6000117630362126
90,2.3000000000000007,-1.9095477386934654,0.6469968119279055
91,2.3000000000000007,-1.7085427135678373,0.6966844894672535
92,2.3000000000000007,-1.5075376884422091,0.743270488152792
93,2.3000000000000007,-1.306532663316581,0.7799679171870902
94,2.3000000000000007,-1.105527638190953,0.8018901432873645
95,2.3000000000000007,-0.9045226130653248,0.8084545087924895
96,2.3000000000000007,-0.7035175879396967,0.8037183455623915
97,2.3000000000000007,-0.5025125628140685,0.7948312064096904
98,2.3000000000000007,-0.3015075376884404,0.7900664479672993
99,2.3000000000000007,-0.10050251256281229,0.7976470244986703
100,2.3000000000000007,0.10050251256281584,0.8252706474986052
101,2.3000000000000007,0.30150753768844396,0.8779774695922856
102,2.3000000000000007,0.5025125628140721,0.9474439835770503
103,2.3000000000000007,0.7035175879397002,0.9857615670618859
104,2.3000000000000007,0.9045226130653283,0.9026671737053243
105,2.3000000000000007,1.1055276381909565,0.6803425754637811
106,2.3000000000000007,1.3065326633165846,0.4510847513606744
107,2.3000000000000007,1.5075376884422127,0.3019365124095463
108,2.3000000000000007,1.7085427135678408,0.21206503645703514
109,2.3000000000000007,1.909547738693469,0.15505379695231117
110,2.3000000000000007,2.110552763819097,0.11692922350050235
111,2.3000000000000007,2.311557788944725,0.09032534123889757
112,2.3000000000000007,2.5125628140703533,0.07120133439517742
113,2.3000000000000007,2.7135678391959814,0.057013382612793595
114,2.3000000000000007,2.9145728643216096,0.045790922368384473
115,2.3000000000000007,3.1155778894472377,0.039075136786360036
116,2.3000000000000007,3.316582914572866,0.028895496417658373
117,2.3000000000000007,3.517587939698494,0.031382070103677634
118,2.3000000000000007,3.718592964824122,0.014376326587312709
119,2.3000000000000007,3.91959798994975,0.03303373488995598
120,2.3000000000000007,4.120603015075378,0.011928693884614794
121,2.3000000000000007,4.321608040201006,0.020162951341248302
122,2.3000000000000007,4.5226130653266345,0.06164995340768436
123,2.3000000000000007,4.723618090452263,0.01385997711070198
124,2.3000000000000007,4.924623115577891,0.05326003361507846
125,2.3000000000000007,5.125628140703519,0.13035730062645443
126,2.3000000000000007,5.326633165829147,0.09438894106360678
127,2.3000000000000007,5.527638190954775,0.07961182114323258
128,2.3000000000000007,5.728643216080403,0.17382759927322308
129,2.3000000000000007,5.929648241206031,0.2444585337605369
130,2.3000000000000007,6.1306532663316595,0.21666338491750717
131,2.3000000000000007,6.331658291457288,0.1835174922678077
132,2.3000000000000007,6.532663316582916,0.2285442891669203
133,2.3000000000000007,6.733668341708544,0.3144639134942533
134,2.3000000000000007,6.934673366834172,0.3596590521627232
135,2.3000000000000007,7.1356783919598,0.3391325786378092
136,2.3000000000000007,7.336683417085428,0.3020512352780404
137,2.3000000000000007,7.537688442211056,0.29652252648282457
138,2.3000000000000007,7.7386934673366845,0.3262805179773293
139,2.3000000000000007,7.939698492462313,0.37650033309747166
140,2.3000000000000007,8.14070351758794,0.41655515894527684
141,2.3000000000000007,8.341708542713569,0.4044316178416969
142,2.3000000000000007,8.542713567839197,0.3638809449307043
143,2.3000000000000007,8.743718592964825,0.34874378152972435
144,2.3000000000000007,8.944723618090453,0.3520787489357146
145,2.3000000000000007,9.145728643216081,0.33991922632356686
146,2.3000000000000007,9.34673366834171,0.3187847275544251
147,2.3000000000000007,9.547738693467338,0.33387182328995146
148,2.3000000000000007,9.748743718592966,0.39234621925239943
149,2.3000000000000007,9.949748743718594,0.42639198544056645
150,2.3000000000000007,10.150753768844222,0.38078582926590754
151,2.3000000000000007,10.35175879396985,0.2915454475171067
152,2.3000000000000007,10.552763819095478,0.24089993641253332
153,2.3000000000000007,10.753768844221106,0.2640975571443229
154,2.3000000000000007,10.954773869346734,0.3302272105962477
155,2.3000000000000007,11.155778894472363,0.37550391768415625
156,2.3000000000000007,11.35678391959799,0.357600204472225
157,2.3000000000000007,11.557788944723619,0.28177625408453216
158,2.3000000000000007,11.758793969849247,0.1927582839379943
159,2.3000000000000007,11.959798994974875,0.1562670049775627
160,2.3000000000000007,12.160804020100507,0.19522227318138619
161,2.3000000000000007,12.361809045226131,0.2828643922167559
162,2.3000000000000007,12.562814070351763,0.37446891110101377
163,2.3000000000000007,12.763819095477388,0.4091894131389555
164,2.3000000000000007,12.96482412060302,0.3638541024992898
165,2.3000000000000007,13.165829145728644,0.2749084361796042
166,2.3000000000000007,13.366834170854275,0.17543395117063795
167,2.3000000000000007,13.5678391959799,0.0860241424997368
168,2.3000000000000007,13.768844221105532,0.04470186199325963
169,2.3000000000000007,13.969849246231156,0.07140659218628044
170,2.3000000000000007,14.170854271356788,0.13862073295223812
171,2.3000000000000007,14.371859296482413,0.21637369406508886
172,2.3000000000000007,14.572864321608044,0.3044816148701708
173,2.3000000000000007,14.773869346733669,0.38945099828944557
174,2.3000000000000007,14.9748743718593,0.4251961770929825
175,2.3000000000000007,15.175879396984925,0.3801565627461695
176,2.3000000000000007,15.376884422110557,0.28536914157987975
177,2.3000000000000007,15.577889447236181,0.19501192308691673
178,2.3000000000000007,15.778894472361813,0.12557916284333437
179,2.3000000000000007,15.979899497487438,0.06701871083124895
180,2.3000000000000007,16.18090452261307,0.0173986199321566
181,2.3000000000000007,16.381909547738694,0.000963782335871912
182,2.3000000000000007,16.582914572864325,0.03486122015456657
183,2.3000000000000007,16.78391959798995,0.10012297087020286
184,2.3000000000000007,16.98492462311558,0.16339883132498842
185,2.3000000000000007,17.185929648241206,0.20029034887052774
186,2.3000000000000007,17.386934673366838,0.2191265093154353
187,2.3000000000000007,17.587939698492463,0.25575644635781664
188,2.3000000000000007,17.788944723618094,0.31773195448199254
189,2.3000000000000007,17.98994974874372,0.3744784760468148
190,2.3000000000000007,18.19095477386935,0.4002544478316187
191,2.3000000000000007,18.391959798994975,0.3822395002407527
192,2.3000000000000007,18.592964824120607,0.3103557743851573
193,2.3000000000000007,18.79396984924623,0.20557405111196764
194,2.3000000000000007,18.994974874371863,0.11485602758384257
195,2.3000000000000007,19.195979899497488,0.06442135713218333
196,2.3000000000000007,19.39698492462312,0.04187592966174756
197,2.3000000000000007,19.597989949748744,0.028014770369854728
198,2.3000000000000007,19.798994974874375,0.018148407221357167
199,2.3000000000000007,20.0,0.01086967459297039
