,t,height,fid
0,2.500000000000001,-20.0,0.2772477315902667
1,2.500000000000001,-19.798994974874372,0.2607858951905507
2,2.500000000000001,-19.597989949748744,0.23999521862825085
3,2.500000000000001,-19.396984924623116,0.2161967623294413
4,2.500000000000001,-19.195979899497488,0.19135531294558816
5,2.500000000000001,-18.99497487437186,0.16931831869871916
6,2.500000000000001,-18.79396984924623,0.1537181418255949
7,2.500000000000001,-18.592964824120603,0.14431504618597696
8,2.500000000000001,-18.391959798994975,0.14010478353221736
9,2.500000000000001,-18.190954773869347,0.14202647410205668
10,2.500000000000001,-17.98994974874372,0.15139471530025345
11,2.500000000000001,-17.78894472361809,0.16855708685106913
12,2.500000000000001,-17.587939698492463,0.1932857257276846
13,2.500000000000001,-17.386934673366834,0.2235289580476214
14,2.500000000000001,-17.185929648241206,0.2570262390089489
15,2.500000000000001,-16.984924623115578,0.29441657022548134
16,2.500000000000001,-16.78391959798995,0.33697072975397796
17,2.500000000000001,-16.582914572864322,0.3838055462893785
18,2.500000000000001,-16.381909547738694,0.43271333183556543
19,2.500000000000001,-16.180904522613066,0.48095245169156137
20,2.500000000000001,-15.979899497487438,0.5272152547723343
21,2.500000000000001,-15.77889447236181,0.5709234157016522
22,2.500000000000001,-15.577889447236181,0.6091523199880498
23,2.500000000000001,-15.376884422110553,0.6386996014170141
24,2.500000000000001,-15.175879396984925,0.6587907620855806
25,2.500000000000001,-14.974874371859297,0.6709400546751522
26,2.500000000000001,-14.773869346733669,0.6763400611819801
27,2.500000000000001,-14.57286432160804,0.6747417563267842
28,2.500000000000001,-14.371859296482413,0.6671444042416839
29,2.500000000000001,-14.170854271356784,0.6555066733035052
30,2.500000000000001,-13.969849246231156,0.6406924980841142
31,2.500000000000001,-13.768844221105528,0.6229616230362155
32,2.500000000000001,-13.5678391959799,0.6040060481201476
33,2.500000000000001,-13.366834170854272,0.5853901372843618
34,2.500000000000001,-13.165829145728644,0.5669182258130965
35,2.500000000000001,-12.964824120603016,0.5478281095086314
36,2.500000000000001,-12.763819095477388,0.5271670488152521
37,2.500000000000001,-12.56281407035176,0.5037204063512418
38,2.500000000000001,-12.361809045226131,0.4778364095181935
39,2.500000000000001,-12.160804020100503,0.4514457459672653
40,2.500000000000001,-11.959798994974873,0.42664412400474605
41,2.500000000000001,-11.758793969849245,0.4051810602780045
42,2.500000000000001,-11.557788944723617,0.3877026085729044
43,2.500000000000001,-11.356783919597989,0.37403174753943047
44,2.500000000000001,-11.15577889447236,0.36365306913840406
45,2.500000000000001,-10.954773869346733,0.3553781577284731
46,2.500000000000001,-10.753768844221105,0.3474078455637473
47,2.500000000000001,-10.552763819095476,0.3379862284757908
48,2.500000000000001,-10.351758793969848,0.32668195032385267
49,2.500000000000001,-10.15075376884422,0.31471910883594423
50,2.500000000000001,-9.949748743718592,0.3041868106118518
51,2.500000000000001,-9.748743718592964,0.29710867156986104
52,2.500000000000001,-9.547738693467336,0.29496492371538585
53,2.500000000000001,-9.346733668341708,0.29804508490433507
54,2.500000000000001,-9.14572864321608,0.3048490044151701
55,2.500000000000001,-8.944723618090451,0.3125885749459997
56,2.500000000000001,-8.743718592964823,0.3184814023978919
57,2.500000000000001,-8.542713567839195,0.32084900988244647
58,2.500000000000001,-8.341708542713567,0.32004940190086445
59,2.500000000000001,-8.140703517587939,0.31893296200141424
60,2.500000000000001,-7.939698492462311,0.32219078857160943
61,2.500000000000001,-7.738693467336683,0.3350534848931535
62,2.500000000000001,-7.537688442211055,0.3617239634517462
63,2.500000000000001,-7.3366834170854265,0.4039471809276468
64,2.500000000000001,-7.135678391959798,0.46033213213794705
65,2.500000000000001,-6.93467336683417,0.5264823039899733
66,2.500000000000001,-6.733668341708542,0.5959314006267387
67,2.500000000000001,-6.532663316582914,0.6615092288635802
68,2.500000000000001,-6.331658291457286,0.7167563066051449
69,2.500000000000001,-6.130653266331658,0.7570200630026475
70,2.500000000000001,-5.92964824120603,0.7800234350719522
71,2.500000000000001,-5.7286432160804015,0.7858528794088291
72,2.500000000000001,-5.527638190954773,0.7764968002570999
73,2.500000000000001,-5.326633165829145,0.7551405334537026
74,2.500000000000001,-5.125628140703517,0.7254457029992328
75,2.500000000000001,-4.924623115577889,0.6909705139168629
76,2.500000000000001,-4.723618090452261,0.6547904873696806
77,2.500000000000001,-4.522613065326633,0.6193274841315621
78,2.500000000000001,-4.321608040201005,0.5863242038726366
79,2.500000000000001,-4.1206030150753765,0.5569266997518897
80,2.500000000000001,-3.9195979899497466,0.5318208056403154
81,2.500000000000001,-3.7185929648241185,0.5113797220806356
82,2.500000000000001,-3.5175879396984904,0.4957918232331834
83,2.500000000000001,-3.3165829145728623,0.48516906738926907
84,2.500000000000001,-3.115577889447234,0.47963345478990843
85,2.500000000000001,-2.914572864321606,0.47938284112702356
86,2.500000000000001,-2.713567839195978,0.484740784283963
87,2.500000000000001,-2.5125628140703498,0.4961930311921482
88,2.500000000000001,-2.3115577889447216,0.5143947732188077
89,2.500000000000001,-2.1105527638190935,0.5401160644131761
90,2.500000000000001,-1.9095477386934654,0.5740322483475937
91,2.500000000000001,-1.7085427135678373,0.6161858274403461
92,2.500000000000001,-1.5075376884422091,0.6649272564415911
93,2.500000000000001,-1.306532663316581,0.7156509387656921
94,2.500000000000001,-1.105527638190953,0.7607812266127792
95,2.500000000000001,-0.9045226130653248,0.7924862412405397
96,2.500000000000001,-0.7035175879396967,0.807014796977405
97,2.500000000000001,-0.5025125628140685,0.8072970425038994
98,2.500000000000001,-0.3015075376884404,0.8019590367488779
99,2.500000000000001,-0.10050251256281229,0.8024002213419212
100,2.500000000000001,0.10050251256281584,0.820488244737142
101,2.500000000000001,0.30150753768844396,0.8664733826273875
102,2.500000000000001,0.5025125628140721,0.9393930426276738
103,2.500000000000001,0.7035175879397002,0.9937704834817306
104,2.500000000000001,0.9045226130653283,0.914558642691981
105,2.500000000000001,1.1055276381909565,0.6611964616157827
106,2.500000000000001,1.3065326633165846,0.4100874455759094
107,2.500000000000001,1.5075376884422127,0.26273725181709773
108,2.500000000000001,1.7085427135678408,0.17904726985607544
109,2.500000000000001,1.909547738693469,0.12779415551371937
110,2.500000000000001,2.110552763819097,0.09440448923094545
111,2.500000000000001,2.311557788944725,0.07150414857212867
112,2.500000000000001,2.5125628140703533,0.05526433878229941
113,2.500000000000001,2.7135678391959814,0.044465904248160874
114,2.500000000000001,2.9145728643216096,0.03332664371009863
115,2.500000000000001,3.1155778894472377,0.030325705507098438
116,2.500000000000001,3.316582914572866,0.021553284829942884
117,2.500000000000001,3.517587939698494,0.025278607791101308
118,2.500000000000001,3.718592964824122,0.011654506901489295
119,2.500000000000001,3.91959798994975,0.049727552004343416
120,2.500000000000001,4.120603015075378,0.0033022690651166873
121,2.500000000000001,4.321608040201006,0.08017610563636432
122,2.500000000000001,4.5226130653266345,0.08950296782782403
123,2.500000000000001,4.723618090452263,0.052845796844991744
124,2.500000000000001,4.924623115577891,0.16129959151928977
125,2.500000000000001,5.125628140703519,0.21061510902053873
126,2.500000000000001,5.326633165829147,0.15685667765459427
127,2.500000000000001,5.527638190954775,0.19251285348034428
128,2.500000000000001,5.728643216080403,0.3030621839569596
129,2.500000000000001,5.929648241206031,0.3373358852248913
130,2.500000000000001,6.1306532663316595,0.29195287554487126
131,2.500000000000001,6.331658291457288,0.27888913757635586
132,2.500000000000001,6.532663316582916,0.3369121059078745
133,2.500000000000001,6.733668341708544,0.4011688987712617
134,2.500000000000001,6.934673366834172,0.4203521335172929
135,2.500000000000001,7.1356783919598,0.38419677639081956
136,2.500000000000001,7.336683417085428,0.34190900185615813
137,2.500000000000001,7.537688442211056,0.3518388161851126
138,2.500000000000001,7.7386934673366845,0.38401823616497316
139,2.500000000000001,7.939698492462313,0.38776288917092766
140,2.500000000000001,8.14070351758794,0.39730881758763664
141,2.500000000000001,8.341708542713569,0.42264143753881217
142,2.500000000000001,8.542713567839197,0.391816478959057
143,2.500000000000001,8.743718592964825,0.3114028419079751
144,2.500000000000001,8.944723618090453,0.2750666513142499
145,2.500000000000001,9.145728643216081,0.32414324125138366
146,2.500000000000001,9.34673366834171,0.3932629809596109
147,2.500000000000001,9.547738693467338,0.3856449181590189
148,2.500000000000001,9.748743718592966,0.2965900829494935
149,2.500000000000001,9.949748743718594,0.22490023340749324
150,2.500000000000001,10.150753768844222,0.24811370047841685
151,2.500000000000001,10.35175879396985,0.33389414121130234
152,2.500000000000001,10.552763819095478,0.38827530213233385
153,2.500000000000001,10.753768844221106,0.359773569805309
154,2.500000000000001,10.954773869346734,0.25592521552743547
155,2.500000000000001,11.155778894472363,0.14716675641236676
156,2.500000000000001,11.35678391959799,0.09752680169007866
157,2.500000000000001,11.557788944723619,0.1311520309184984
158,2.500000000000001,11.758793969849247,0.24188319446209966
159,2.500000000000001,11.959798994974875,0.35462456094339867
160,2.500000000000001,12.160804020100507,0.40128048924744125
161,2.500000000000001,12.361809045226131,0.38159747870434296
162,2.500000000000001,12.562814070351763,0.29486153533894083
163,2.500000000000001,12.763819095477388,0.1614553408215053
164,2.500000000000001,12.96482412060302,0.05702075904898493
165,2.500000000000001,13.165829145728644,0.02330565309054863
166,2.500000000000001,13.366834170854275,0.03913719774501046
167,2.500000000000001,13.5678391959799,0.09783829914812828
168,2.500000000000001,13.768844221105532,0.2062760260068025
169,2.500000000000001,13.969849246231156,0.32420336518205667
170,2.500000000000001,14.170854271356788,0.38072305360908126
171,2.500000000000001,14.371859296482413,0.36720784648375887
172,2.500000000000001,14.572864321608044,0.32974223157235466
173,2.500000000000001,14.773869346733669,0.29817064882338457
174,2.500000000000001,14.9748743718593,0.2542330859375949
175,2.500000000000001,15.175879396984925,0.1686514347931906
176,2.500000000000001,15.376884422110557,0.07147670466899853
177,2.500000000000001,15.577889447236181,0.011876443893332367
178,2.500000000000001,15.778894472361813,0.003548776598344992
179,2.500000000000001,15.979899497487438,0.023455701451016168
180,2.500000000000001,16.18090452261307,0.04271464647403039
181,2.500000000000001,16.381909547738694,0.0715449104557741
182,2.500000000000001,16.582914572864325,0.1310005876870734
183,2.500000000000001,16.78391959798995,0.21528562699640105
184,2.500000000000001,16.98492462311558,0.3089908895239176
185,2.500000000000001,17.185929648241206,0.37490158990076117
186,2.500000000000001,17.386934673366838,0.3650837788396843
187,2.500000000000001,17.587939698492463,0.28671458075543504
188,2.500000000000001,17.788944723618094,0.20066790782073352
189,2.500000000000001,17.98994974874372,0.14393825457444004
190,2.500000000000001,18.19095477386935,0.1088057069857008
191,2.500000000000001,18.391959798994975,0.09412328512834539
192,2.500000000000001,18.592964824120607,0.0979946992577965
193,2.500000000000001,18.79396984924623,0.10181921501414844
194,2.500000000000001,18.994974874371863,0.08634676665615362
195,2.500000000000001,19.195979899497488,0.058076183198192445
196,2.500000000000001,19.39698492462312,0.04147106077998022
197,2.500000000000001,19.597989949748744,0.04653406297121636
198,2.500000000000001,19.798994974874375,0.06921244394825272
199,2.500000000000001,20.0,0.10338398220875758
