,t,height,fid
0,3.200000000000001,-20.0,0.2286010436188252
1,3.200000000000001,-19.798994974874372,0.18846886275527958
2,3.200000000000001,-19.597989949748744,0.15315651932005733
3,3.200000000000001,-19.396984924623116,0.1275247809340515
4,3.200000000000001,-19.195979899497488,0.11298504508770993
5,3.200000000000001,-18.99497487437186,0.11372593678693942
6,3.200000000000001,-18.79396984924623,0.1306618867774256
7,3.200000000000001,-18.592964824120603,0.1576274535225693
8,3.200000000000001,-18.391959798994975,0.19087461513071693
9,3.200000000000001,-18.190954773869347,0.23129756612697036
10,3.200000000000001,-17.98994974874372,0.2773796341824477
11,3.200000000000001,-17.78894472361809,0.3260763838351221
12,3.200000000000001,-17.587939698492463,0.37199418968164916
13,3.200000000000001,-17.386934673366834,0.4146779025074973
14,3.200000000000001,-17.185929648241206,0.4562410009469905
15,3.200000000000001,-16.984924623115578,0.4943383382912156
16,3.200000000000001,-16.78391959798995,0.5307488048381233
17,3.200000000000001,-16.582914572864322,0.5688688656036599
18,3.200000000000001,-16.381909547738694,0.6068300846477601
19,3.200000000000001,-16.180904522613066,0.636560517184569
20,3.200000000000001,-15.979899497487438,0.6532194404767907
21,3.200000000000001,-15.77889447236181,0.6576357433904155
22,3.200000000000001,-15.577889447236181,0.6489640139122107
23,3.200000000000001,-15.376884422110553,0.6295296349753056
24,3.200000000000001,-15.175879396984925,0.6031999530352938
25,3.200000000000001,-14.974874371859297,0.5714868217210499
26,3.200000000000001,-14.773869346733669,0.5383695238558868
27,3.200000000000001,-14.57286432160804,0.5113849438633964
28,3.200000000000001,-14.371859296482413,0.49246839605904336
29,3.200000000000001,-14.170854271356784,0.479353335322545
30,3.200000000000001,-13.969849246231156,0.4676605251289947
31,3.200000000000001,-13.768844221105528,0.45316199108037686
32,3.200000000000001,-13.5678391959799,0.4349206160510875
33,3.200000000000001,-13.366834170854272,0.41096410670539774
34,3.200000000000001,-13.165829145728644,0.3810364777776775
35,3.200000000000001,-12.964824120603016,0.34903727574407784
36,3.200000000000001,-12.763819095477388,0.3209101495148164
37,3.200000000000001,-12.56281407035176,0.3009117050795802
38,3.200000000000001,-12.361809045226131,0.2908563831273957
39,3.200000000000001,-12.160804020100503,0.2915567271961472
40,3.200000000000001,-11.959798994974873,0.30008781223372305
41,3.200000000000001,-11.758793969849245,0.30994128032440166
42,3.200000000000001,-11.557788944723617,0.3147682010497119
43,3.200000000000001,-11.356783919597989,0.309982554983322
44,3.200000000000001,-11.15577889447236,0.2939984280833517
45,3.200000000000001,-10.954773869346733,0.27074048854037264
46,3.200000000000001,-10.753768844221105,0.24785743067817173
47,3.200000000000001,-10.552763819095476,0.23380887739588258
48,3.200000000000001,-10.351758793969848,0.23610226601260118
49,3.200000000000001,-10.15075376884422,0.25885888501744236
50,3.200000000000001,-9.949748743718592,0.30279576737052705
51,3.200000000000001,-9.748743718592964,0.3651177714494743
52,3.200000000000001,-9.547738693467336,0.4399081193803505
53,3.200000000000001,-9.346733668341708,0.5193601906186739
54,3.200000000000001,-9.14572864321608,0.5951723764820883
55,3.200000000000001,-8.944723618090451,0.6598792647183767
56,3.200000000000001,-8.743718592964823,0.7075786959494422
57,3.200000000000001,-8.542713567839195,0.7352213669771949
58,3.200000000000001,-8.341708542713567,0.743441067119035
59,3.200000000000001,-8.140703517587939,0.735460624640522
60,3.200000000000001,-7.939698492462311,0.7148805851422148
61,3.200000000000001,-7.738693467336683,0.6847633990482429
62,3.200000000000001,-7.537688442211055,0.6480305818902382
63,3.200000000000001,-7.3366834170854265,0.607917355208852
64,3.200000000000001,-7.135678391959798,0.5679921607343063
65,3.200000000000001,-6.93467336683417,0.5309923218516519
66,3.200000000000001,-6.733668341708542,0.49771652274997796
67,3.200000000000001,-6.532663316582914,0.46783826009213325
68,3.200000000000001,-6.331658291457286,0.4415634507311451
69,3.200000000000001,-6.130653266331658,0.4200876908588131
70,3.200000000000001,-5.92964824120603,0.4041384753523026
71,3.200000000000001,-5.7286432160804015,0.39282420255942335
72,3.200000000000001,-5.527638190954773,0.38487965052600176
73,3.200000000000001,-5.326633165829145,0.3808144926702499
74,3.200000000000001,-5.125628140703517,0.38261132302463674
75,3.200000000000001,-4.924623115577889,0.3909182705235596
76,3.200000000000001,-4.723618090452261,0.4040319279524501
77,3.200000000000001,-4.522613065326633,0.4213274197073554
78,3.200000000000001,-4.321608040201005,0.447374749650427
79,3.200000000000001,-4.1206030150753765,0.49044536987268744
80,3.200000000000001,-3.9195979899497466,0.5549214575139519
81,3.200000000000001,-3.7185929648241185,0.6344784845716979
82,3.200000000000001,-3.5175879396984904,0.7128787462893063
83,3.200000000000001,-3.3165829145728623,0.7719672136456026
84,3.200000000000001,-3.115577889447234,0.8004077575095602
85,3.200000000000001,-2.914572864321606,0.7973317780848008
86,3.200000000000001,-2.713567839195978,0.7701616841890916
87,3.200000000000001,-2.5125628140703498,0.7297343831500578
88,3.200000000000001,-2.3115577889447216,0.6861387371949446
89,3.200000000000001,-2.1105527638190935,0.6467337556156778
90,3.200000000000001,-1.9095477386934654,0.6160527101368294
91,3.200000000000001,-1.7085427135678373,0.5966201517121139
92,3.200000000000001,-1.5075376884422091,0.5899170397837405
93,3.200000000000001,-1.306532663316581,0.5970718852553567
94,3.200000000000001,-1.105527638190953,0.6190312480846505
95,3.200000000000001,-0.9045226130653248,0.6558127807631017
96,3.200000000000001,-0.7035175879396967,0.7042288501750434
97,3.200000000000001,-0.5025125628140685,0.7547039506335524
98,3.200000000000001,-0.3015075376884404,0.7922772214200982
99,3.200000000000001,-0.10050251256281229,0.8074534414992968
100,3.200000000000001,0.10050251256281584,0.8087619395126292
101,3.200000000000001,0.30150753768844396,0.8220925002539942
102,3.200000000000001,0.5025125628140721,0.8782565793778278
103,3.200000000000001,0.7035175879397002,0.9742798419991241
104,3.200000000000001,0.9045226130653283,0.9453451435233339
105,3.200000000000001,1.1055276381909565,0.591778717415342
106,3.200000000000001,1.3065326633165846,0.2846375630434018
107,3.200000000000001,1.5075376884422127,0.15911556249598732
108,3.200000000000001,1.7085427135678408,0.098095211474134
109,3.200000000000001,1.909547738693469,0.063901674950709
110,3.200000000000001,2.110552763819097,0.04381121080656411
111,3.200000000000001,2.311557788944725,0.03685693135658879
112,3.200000000000001,2.5125628140703533,0.02634009176913213
113,3.200000000000001,2.7135678391959814,0.004728923991384642
114,3.200000000000001,2.9145728643216096,0.06267705959455354
115,3.200000000000001,3.1155778894472377,0.018369581056545008
116,3.200000000000001,3.316582914572866,0.13346372400941975
117,3.200000000000001,3.517587939698494,0.08745741919654114
118,3.200000000000001,3.718592964824122,0.2571034622497547
119,3.200000000000001,3.91959798994975,0.20297455009360116
120,3.200000000000001,4.120603015075378,0.3090754264930834
121,3.200000000000001,4.321608040201006,0.3948121184697055
122,3.200000000000001,4.5226130653266345,0.3321167829949831
123,3.200000000000001,4.723618090452263,0.4023725813907669
124,3.200000000000001,4.924623115577891,0.47703689364178
125,3.200000000000001,5.125628140703519,0.4229436654160995
126,3.200000000000001,5.326633165829147,0.40020065228652896
127,3.200000000000001,5.527638190954775,0.43174450396874275
128,3.200000000000001,5.728643216080403,0.45986340450255403
129,3.200000000000001,5.929648241206031,0.4349176713457644
130,3.200000000000001,6.1306532663316595,0.3425547655319286
131,3.200000000000001,6.331658291457288,0.37334210504112236
132,3.200000000000001,6.532663316582916,0.4158519796462562
133,3.200000000000001,6.733668341708544,0.31570556084466983
134,3.200000000000001,6.934673366834172,0.30071640494533386
135,3.200000000000001,7.1356783919598,0.38805480382993945
136,3.200000000000001,7.336683417085428,0.33871537244592037
137,3.200000000000001,7.537688442211056,0.18667924221504822
138,3.200000000000001,7.7386934673366845,0.1650378182819879
139,3.200000000000001,7.939698492462313,0.31563635910865306
140,3.200000000000001,8.14070351758794,0.41163024877279636
141,3.200000000000001,8.341708542713569,0.29503980611996117
142,3.200000000000001,8.542713567839197,0.11081815832803665
143,3.200000000000001,8.743718592964825,0.04614005386037457
144,3.200000000000001,8.944723618090453,0.15533834908473163
145,3.200000000000001,9.145728643216081,0.3127471923019358
146,3.200000000000001,9.34673366834171,0.41448442326819923
147,3.200000000000001,9.547738693467338,0.33750709388390776
148,3.200000000000001,9.748743718592966,0.16650874069795726
149,3.200000000000001,9.949748743718594,0.04245024691374241
150,3.200000000000001,10.150753768844222,0.0025014050653342106
151,3.200000000000001,10.35175879396985,0.09450594520918197
152,3.200000000000001,10.552763819095478,0.21471928015512645
153,3.200000000000001,10.753768844221106,0.2786033210440794
154,3.200000000000001,10.954773869346734,0.34137821031512827
155,3.200000000000001,11.155778894472363,0.36556487200941384
156,3.200000000000001,11.35678391959799,0.25807249644482694
157,3.200000000000001,11.557788944723619,0.10624147942250624
158,3.200000000000001,11.758793969849247,0.023760383834115276
159,3.200000000000001,11.959798994974875,0.0040748008343456195
160,3.200000000000001,12.160804020100507,0.008057712261872355
161,3.200000000000001,12.361809045226131,0.06694089860372048
162,3.200000000000001,12.562814070351763,0.1830113462199184
163,3.200000000000001,12.763819095477388,0.26063734298153185
164,3.200000000000001,12.96482412060302,0.22309898628589953
165,3.200000000000001,13.165829145728644,0.1538372791918977
166,3.200000000000001,13.366834170854275,0.11146611860410231
167,3.200000000000001,13.5678391959799,0.1160030629336496
168,3.200000000000001,13.768844221105532,0.15065899334831614
169,3.200000000000001,13.969849246231156,0.14166833380465754
170,3.200000000000001,14.170854271356788,0.09243865157013148
171,3.200000000000001,14.371859296482413,0.06682660809285293
172,3.200000000000001,14.572864321608044,0.07974523611027826
173,3.200000000000001,14.773869346733669,0.1109452522236812
174,3.200000000000001,14.9748743718593,0.10883205935366767
175,3.200000000000001,15.175879396984925,0.06145569045092688
176,3.200000000000001,15.376884422110557,0.045636287620683794
177,3.200000000000001,15.577889447236181,0.08445688216620711
178,3.200000000000001,15.778894472361813,0.1438341309566309
179,3.200000000000001,15.979899497487438,0.2033102184272582
180,3.200000000000001,16.18090452261307,0.30739688563101913
181,3.200000000000001,16.381909547738694,0.41847532564879014
182,3.200000000000001,16.582914572864325,0.42697001499767656
183,3.200000000000001,16.78391959798995,0.3407443465596346
184,3.200000000000001,16.98492462311558,0.22057191919552127
185,3.200000000000001,17.185929648241206,0.11952877888091432
186,3.200000000000001,17.386934673366838,0.08174209335089315
187,3.200000000000001,17.587939698492463,0.0690632473938374
188,3.200000000000001,17.788944723618094,0.04147230696346397
189,3.200000000000001,17.98994974874372,0.010974867624899593
190,3.200000000000001,18.19095477386935,0.004045656208017945
191,3.200000000000001,18.391959798994975,0.029057641345461054
192,3.200000000000001,18.592964824120607,0.10839133274911318
193,3.200000000000001,18.79396984924623,0.22752607436777622
194,3.200000000000001,18.994974874371863,0.3156149195200611
195,3.200000000000001,19.195979899497488,0.32538272651613404
196,3.200000000000001,19.39698492462312,0.3084359308547923
197,3.200000000000001,19.597989949748744,0.3459408864587657
198,3.200000000000001,19.798994974874375,0.3916567732475972
199,3.200000000000001,20.0,0.41777463573667223
