,t,height,fid
0,3.5000000000000013,-20.0,0.5675894726152623
1,3.5000000000000013,-19.798994974874372,0.5388844896996978
2,3.5000000000000013,-19.597989949748744,0.5030314058758576
3,3.5000000000000013,-19.396984924623116,0.4653700958070949
4,3.5000000000000013,-19.195979899497488,0.4210377579741525
5,3.5000000000000013,-18.99497487437186,0.373420535483278
6,3.5000000000000013,-18.79396984924623,0.3369951844788326
7,3.5000000000000013,-18.592964824120603,0.3156468560163865
8,3.5000000000000013,-18.391959798994975,0.3065244416718489
9,3.5000000000000013,-18.190954773869347,0.30731547775520274
10,3.5000000000000013,-17.98994974874372,0.3157016394193267
11,3.5000000000000013,-17.78894472361809,0.3272302933469439
12,3.5000000000000013,-17.587939698492463,0.33924515522378784
13,3.5000000000000013,-17.386934673366834,0.342862121635686
14,3.5000000000000013,-17.185929648241206,0.3364606021878213
15,3.5000000000000013,-16.984924623115578,0.32523573430004415
16,3.5000000000000013,-16.78391959798995,0.3082476631455427
17,3.5000000000000013,-16.582914572864322,0.282941953982591
18,3.5000000000000013,-16.381909547738694,0.25009642146106664
19,3.5000000000000013,-16.180904522613066,0.2146106907995207
20,3.5000000000000013,-15.979899497487438,0.18226663277177035
21,3.5000000000000013,-15.77889447236181,0.1569108472492505
22,3.5000000000000013,-15.577889447236181,0.14613537085298728
23,3.5000000000000013,-15.376884422110553,0.15347751193824372
24,3.5000000000000013,-15.175879396984925,0.17823444756459483
25,3.5000000000000013,-14.974874371859297,0.2201845637672769
26,3.5000000000000013,-14.773869346733669,0.2784471600429597
27,3.5000000000000013,-14.57286432160804,0.345650538553835
28,3.5000000000000013,-14.371859296482413,0.4141464879510826
29,3.5000000000000013,-14.170854271356784,0.47682291401969945
30,3.5000000000000013,-13.969849246231156,0.5288133047622303
31,3.5000000000000013,-13.768844221105528,0.5718971848219858
32,3.5000000000000013,-13.5678391959799,0.6081510759609922
33,3.5000000000000013,-13.366834170854272,0.636205138097621
34,3.5000000000000013,-13.165829145728644,0.6566121768074874
35,3.5000000000000013,-12.964824120603016,0.6687561653371087
36,3.5000000000000013,-12.763819095477388,0.671259537768524
37,3.5000000000000013,-12.56281407035176,0.6604720420445824
38,3.5000000000000013,-12.361809045226131,0.6345731475566798
39,3.5000000000000013,-12.160804020100503,0.5985464559400109
40,3.5000000000000013,-11.959798994974873,0.5590944924163327
41,3.5000000000000013,-11.758793969849245,0.5222334331472283
42,3.5000000000000013,-11.557788944723617,0.49236640762033945
43,3.5000000000000013,-11.356783919597989,0.4710396514309505
44,3.5000000000000013,-11.15577889447236,0.45347922705993693
45,3.5000000000000013,-10.954773869346733,0.43327702735204465
46,3.5000000000000013,-10.753768844221105,0.407130037031099
47,3.5000000000000013,-10.552763819095476,0.3756975831284178
48,3.5000000000000013,-10.351758793969848,0.3448334129675044
49,3.5000000000000013,-10.15075376884422,0.32253488436931016
50,3.5000000000000013,-9.949748743718592,0.31308701201979044
51,3.5000000000000013,-9.748743718592964,0.31530123718476427
52,3.5000000000000013,-9.547738693467336,0.3224527038526079
53,3.5000000000000013,-9.346733668341708,0.32601345671032667
54,3.5000000000000013,-9.14572864321608,0.32002937944197074
55,3.5000000000000013,-8.944723618090451,0.30418693609403835
56,3.5000000000000013,-8.743718592964823,0.2852497113940555
57,3.5000000000000013,-8.542713567839195,0.2750725469760486
58,3.5000000000000013,-8.341708542713567,0.2859826026615165
59,3.5000000000000013,-8.140703517587939,0.3253453011108299
60,3.5000000000000013,-7.939698492462311,0.3924108183972994
61,3.5000000000000013,-7.738693467336683,0.4783494829326814
62,3.5000000000000013,-7.537688442211055,0.5693558106342489
63,3.5000000000000013,-7.3366834170854265,0.6515033383745568
64,3.5000000000000013,-7.135678391959798,0.7142725681264868
65,3.5000000000000013,-6.93467336683417,0.7515653272702264
66,3.5000000000000013,-6.733668341708542,0.762065921262893
67,3.5000000000000013,-6.532663316582914,0.7490673851203509
68,3.5000000000000013,-6.331658291457286,0.7189035336466945
69,3.5000000000000013,-6.130653266331658,0.678363058009522
70,3.5000000000000013,-5.92964824120603,0.6328964245970737
71,3.5000000000000013,-5.7286432160804015,0.586907912386248
72,3.5000000000000013,-5.527638190954773,0.5441320132364501
73,3.5000000000000013,-5.326633165829145,0.5067701840912464
74,3.5000000000000013,-5.125628140703517,0.47531530328855714
75,3.5000000000000013,-4.924623115577889,0.45009041157093727
76,3.5000000000000013,-4.723618090452261,0.43178819048022843
77,3.5000000000000013,-4.522613065326633,0.4202675498714508
78,3.5000000000000013,-4.321608040201005,0.4149381416286201
79,3.5000000000000013,-4.1206030150753765,0.4166639473457314
80,3.5000000000000013,-3.9195979899497466,0.42682759474345316
81,3.5000000000000013,-3.7185929648241185,0.4453654378548636
82,3.5000000000000013,-3.5175879396984904,0.47370626567300705
83,3.5000000000000013,-3.3165829145728623,0.5183863156086859
84,3.5000000000000013,-3.115577889447234,0.5851753780375393
85,3.5000000000000013,-2.914572864321606,0.6674389300712459
86,3.5000000000000013,-2.713567839195978,0.7443597297934349
87,3.5000000000000013,-2.5125628140703498,0.7934587467186678
88,3.5000000000000013,-2.3115577889447216,0.8045938033371699
89,3.5000000000000013,-2.1105527638190935,0.7831591552069473
90,3.5000000000000013,-1.9095477386934654,0.7433388463071577
91,3.5000000000000013,-1.7085427135678373,0.6997565445073086
92,3.5000000000000013,-1.5075376884422091,0.6630514130923875
93,3.5000000000000013,-1.306532663316581,0.6395330175009512
94,3.5000000000000013,-1.105527638190953,0.6326556098703883
95,3.5000000000000013,-0.9045226130653248,0.6443744617777091
96,3.5000000000000013,-0.7035175879396967,0.6751111665408525
97,3.5000000000000013,-0.5025125628140685,0.7211601348575309
98,3.5000000000000013,-0.3015075376884404,0.7700993194710949
99,3.5000000000000013,-0.10050251256281229,0.8024029174498052
100,3.5000000000000013,0.10050251256281584,0.8093521797707272
101,3.5000000000000013,0.30150753768844396,0.8111210582222202
102,3.5000000000000013,0.5025125628140721,0.849602836984902
103,3.5000000000000013,0.7035175879397002,0.9482546428087353
104,3.5000000000000013,0.9045226130653283,0.9509750116217797
105,3.5000000000000013,1.1055276381909565,0.5620404181229426
106,3.5000000000000013,1.3065326633165846,0.2413787059249083
107,3.5000000000000013,1.5075376884422127,0.12804879871540215
108,3.5000000000000013,1.7085427135678408,0.07565854637215973
109,3.5000000000000013,1.909547738693469,0.045883217746865705
110,3.5000000000000013,2.110552763819097,0.02642808511901367
111,3.5000000000000013,2.311557788944725,0.030943258296802115
112,3.5000000000000013,2.5125628140703533,0.04762408660093915
113,3.5000000000000013,2.7135678391959814,0.007090812086115075
114,3.5000000000000013,2.9145728643216096,0.11614096853079621
115,3.5000000000000013,3.1155778894472377,0.11541621624408734
116,3.5000000000000013,3.316582914572866,0.23349901143602636
117,3.5000000000000013,3.517587939698494,0.23255457523938722
118,3.5000000000000013,3.718592964824122,0.39326934406507413
119,3.5000000000000013,3.91959798994975,0.3271900189868032
120,3.5000000000000013,4.120603015075378,0.44156950593647104
121,3.5000000000000013,4.321608040201006,0.4727531169293799
122,3.5000000000000013,4.5226130653266345,0.4080164074909963
123,3.5000000000000013,4.723618090452263,0.4597984354286523
124,3.5000000000000013,4.924623115577891,0.4841461933692699
125,3.5000000000000013,5.125628140703519,0.429691918556254
126,3.5000000000000013,5.326633165829147,0.3724899579515047
127,3.5000000000000013,5.527638190954775,0.44171964895302357
128,3.5000000000000013,5.728643216080403,0.37528956856595413
129,3.5000000000000013,5.929648241206031,0.3356177115821631
130,3.5000000000000013,6.1306532663316595,0.3930211656582074
131,3.5000000000000013,6.331658291457288,0.282846612133257
132,3.5000000000000013,6.532663316582916,0.20321261774319022
133,3.5000000000000013,6.733668341708544,0.35068420761687424
134,3.5000000000000013,6.934673366834172,0.3888727985945325
135,3.5000000000000013,7.1356783919598,0.18829092914987627
136,3.5000000000000013,7.336683417085428,0.07598208173833428
137,3.5000000000000013,7.537688442211056,0.21011302528541959
138,3.5000000000000013,7.7386934673366845,0.3821915825789221
139,3.5000000000000013,7.939698492462313,0.36308815296888386
140,3.5000000000000013,8.14070351758794,0.15066983574887607
141,3.5000000000000013,8.341708542713569,0.013982391162291542
142,3.5000000000000013,8.542713567839197,0.06257631337709135
143,3.5000000000000013,8.743718592964825,0.2517702886259625
144,3.5000000000000013,8.944723618090453,0.3684203143464553
145,3.5000000000000013,9.145728643216081,0.3473475253789603
146,3.5000000000000013,9.34673366834171,0.26884047327275035
147,3.5000000000000013,9.547738693467338,0.10484335225705001
148,3.5000000000000013,9.748743718592966,0.004716869525541079
149,3.5000000000000013,9.949748743718594,0.021349165373104835
150,3.5000000000000013,10.150753768844222,0.08233464663865328
151,3.5000000000000013,10.35175879396985,0.21860868911305786
152,3.5000000000000013,10.552763819095478,0.32248612539644333
153,3.5000000000000013,10.753768844221106,0.2674736557999295
154,3.5000000000000013,10.954773869346734,0.13742815702665806
155,3.5000000000000013,11.155778894472363,0.0875577009736373
156,3.5000000000000013,11.35678391959799,0.06722788815872752
157,3.5000000000000013,11.557788944723619,0.04187760492684735
158,3.5000000000000013,11.758793969849247,0.05134249136609301
159,3.5000000000000013,11.959798994974875,0.11259657473299346
160,3.5000000000000013,12.160804020100507,0.1544283187683485
161,3.5000000000000013,12.361809045226131,0.14510963944433344
162,3.5000000000000013,12.562814070351763,0.09139780266788716
163,3.5000000000000013,12.763819095477388,0.1079569910595043
164,3.5000000000000013,12.96482412060302,0.20598958980749163
165,3.5000000000000013,13.165829145728644,0.24861344421983683
166,3.5000000000000013,13.366834170854275,0.24133159735713733
167,3.5000000000000013,13.5678391959799,0.2190084368454204
168,3.5000000000000013,13.768844221105532,0.17168092459077444
169,3.5000000000000013,13.969849246231156,0.10191892120401826
170,3.5000000000000013,14.170854271356788,0.05011597540420549
171,3.5000000000000013,14.371859296482413,0.027632160966131896
172,3.5000000000000013,14.572864321608044,0.0331190522588701
173,3.5000000000000013,14.773869346733669,0.042198141377640615
174,3.5000000000000013,14.9748743718593,0.08575037862618612
175,3.5000000000000013,15.175879396984925,0.23839473519998555
176,3.5000000000000013,15.376884422110557,0.42451595580945106
177,3.5000000000000013,15.577889447236181,0.537638934125374
178,3.5000000000000013,15.778894472361813,0.4974817996188243
179,3.5000000000000013,15.979899497487438,0.37061510034624834
180,3.5000000000000013,16.18090452261307,0.32089778251405043
181,3.5000000000000013,16.381909547738694,0.295984097413511
182,3.5000000000000013,16.582914572864325,0.2053214796096335
183,3.5000000000000013,16.78391959798995,0.10448343537231874
184,3.5000000000000013,16.98492462311558,0.027240178379636295
185,3.5000000000000013,17.185929648241206,0.0063660833090915785
186,3.5000000000000013,17.386934673366838,0.07119176840659208
187,3.5000000000000013,17.587939698492463,0.1614672766817727
188,3.5000000000000013,17.788944723618094,0.1894556816481671
189,3.5000000000000013,17.98994974874372,0.18319977587412883
190,3.5000000000000013,18.19095477386935,0.20888534397692263
191,3.5000000000000013,18.391959798994975,0.2273911450938921
192,3.5000000000000013,18.592964824120607,0.26362534673847393
193,3.5000000000000013,18.79396984924623,0.35541258766032036
194,3.5000000000000013,18.994974874371863,0.5015303005111619
195,3.5000000000000013,19.195979899497488,0.6034235015111973
196,3.5000000000000013,19.39698492462312,0.5178829272376572
197,3.5000000000000013,19.597989949748744,0.31403611025005845
198,3.5000000000000013,19.798994974874375,0.17523824834950183
199,3.5000000000000013,20.0,0.08851744385446594
