,t,height,fid
0,3.000000000000001,-20.0,0.4005197872384993
1,3.000000000000001,-19.798994974874372,0.4481612004957487
2,3.000000000000001,-19.597989949748744,0.48938180237091394
3,3.000000000000001,-19.396984924623116,0.5280431827089056
4,3.000000000000001,-19.195979899497488,0.5652868190808128
5,3.000000000000001,-18.99497487437186,0.5994584212014719
6,3.000000000000001,-18.79396984924623,0.6248696649037607
7,3.000000000000001,-18.592964824120603,0.6361116063107155
8,3.000000000000001,-18.391959798994975,0.6357479516892465
9,3.000000000000001,-18.190954773869347,0.6257863735023423
10,3.000000000000001,-17.98994974874372,0.6053022553255885
11,3.000000000000001,-17.78894472361809,0.5800969031928077
12,3.000000000000001,-17.587939698492463,0.5572623924086141
13,3.000000000000001,-17.386934673366834,0.5394493414139403
14,3.000000000000001,-17.185929648241206,0.5233290463117114
15,3.000000000000001,-16.984924623115578,0.5079344528335582
16,3.000000000000001,-16.78391959798995,0.49648669019651936
17,3.000000000000001,-16.582914572864322,0.4880779260868025
18,3.000000000000001,-16.381909547738694,0.4808832900390823
19,3.000000000000001,-16.180904522613066,0.472958563045803
20,3.000000000000001,-15.979899497487438,0.4598416793252628
21,3.000000000000001,-15.77889447236181,0.4376281232597128
22,3.000000000000001,-15.577889447236181,0.4093322651664141
23,3.000000000000001,-15.376884422110553,0.3786724999281364
24,3.000000000000001,-15.175879396984925,0.34758599410271845
25,3.000000000000001,-14.974874371859297,0.31875883096029123
26,3.000000000000001,-14.773869346733669,0.2949390344926678
27,3.000000000000001,-14.57286432160804,0.27995505993413855
28,3.000000000000001,-14.371859296482413,0.2764603993898912
29,3.000000000000001,-14.170854271356784,0.2817553491258993
30,3.000000000000001,-13.969849246231156,0.29151964432161026
31,3.000000000000001,-13.768844221105528,0.3017111289408246
32,3.000000000000001,-13.5678391959799,0.3085773316218025
33,3.000000000000001,-13.366834170854272,0.3079642149163701
34,3.000000000000001,-13.165829145728644,0.2974633093992413
35,3.000000000000001,-12.964824120603016,0.2791195599172378
36,3.000000000000001,-12.763819095477388,0.25663757928333086
37,3.000000000000001,-12.56281407035176,0.23380649025985667
38,3.000000000000001,-12.361809045226131,0.21537004420569072
39,3.000000000000001,-12.160804020100503,0.20656129270868626
40,3.000000000000001,-11.959798994974873,0.21092975792360172
41,3.000000000000001,-11.758793969849245,0.2312411268998148
42,3.000000000000001,-11.557788944723617,0.2690768060279074
43,3.000000000000001,-11.356783919597989,0.3227997406691008
44,3.000000000000001,-11.15577889447236,0.38844387874219133
45,3.000000000000001,-10.954773869346733,0.4602808143498723
46,3.000000000000001,-10.753768844221105,0.5315336367384362
47,3.000000000000001,-10.552763819095476,0.5964738122356755
48,3.000000000000001,-10.351758793969848,0.6503540476544623
49,3.000000000000001,-10.15075376884422,0.6901240286176139
50,3.000000000000001,-9.949748743718592,0.7149215177643397
51,3.000000000000001,-9.748743718592964,0.7257620737887798
52,3.000000000000001,-9.547738693467336,0.7246137868795859
53,3.000000000000001,-9.346733668341708,0.7128047080875649
54,3.000000000000001,-9.14572864321608,0.6912601161919374
55,3.000000000000001,-8.944723618090451,0.6617055302009809
56,3.000000000000001,-8.743718592964823,0.6272039768671571
57,3.000000000000001,-8.542713567839195,0.5911521843482238
58,3.000000000000001,-8.341708542713567,0.5562472050990317
59,3.000000000000001,-8.140703517587939,0.5238682899830677
60,3.000000000000001,-7.939698492462311,0.493846732455064
61,3.000000000000001,-7.738693467336683,0.4654852363770538
62,3.000000000000001,-7.537688442211055,0.43915812017375905
63,3.000000000000001,-7.3366834170854265,0.4163462595892007
64,3.000000000000001,-7.135678391959798,0.3983457377776264
65,3.000000000000001,-6.93467336683417,0.3849761883356422
66,3.000000000000001,-6.733668341708542,0.3745778474276072
67,3.000000000000001,-6.532663316582914,0.36578852384175153
68,3.000000000000001,-6.331658291457286,0.35922421461262444
69,3.000000000000001,-6.130653266331658,0.3571158656417486
70,3.000000000000001,-5.92964824120603,0.3609514590502864
71,3.000000000000001,-5.7286432160804015,0.3695834196376938
72,3.000000000000001,-5.527638190954773,0.3802669055122183
73,3.000000000000001,-5.326633165829145,0.3922975263099402
74,3.000000000000001,-5.125628140703517,0.40986053406222156
75,3.000000000000001,-4.924623115577889,0.44080195782431547
76,3.000000000000001,-4.723618090452261,0.4914180478870156
77,3.000000000000001,-4.522613065326633,0.5609657565275727
78,3.000000000000001,-4.321608040201005,0.640021528881702
79,3.000000000000001,-4.1206030150753765,0.7139087497661757
80,3.000000000000001,-3.9195979899497466,0.768766419795678
81,3.000000000000001,-3.7185929648241185,0.7965650913581486
82,3.000000000000001,-3.5175879396984904,0.7967495571440524
83,3.000000000000001,-3.3165829145728623,0.7746718357698764
84,3.000000000000001,-3.115577889447234,0.7385056325180077
85,3.000000000000001,-2.914572864321606,0.6964269363461302
86,3.000000000000001,-2.713567839195978,0.6549609578431272
87,3.000000000000001,-2.5125628140703498,0.6185372937839354
88,3.000000000000001,-2.3115577889447216,0.5897972617869491
89,3.000000000000001,-2.1105527638190935,0.5701999232151905
90,3.000000000000001,-1.9095477386934654,0.5606158489051934
91,3.000000000000001,-1.7085427135678373,0.5617730492819009
92,3.000000000000001,-1.5075376884422091,0.5744951101073349
93,3.000000000000001,-1.306532663316581,0.5996287510671141
94,3.000000000000001,-1.105527638190953,0.6373714175163587
95,3.000000000000001,-0.9045226130653248,0.6855500112294824
96,3.000000000000001,-0.7035175879396967,0.7371118936535411
97,3.000000000000001,-0.5025125628140685,0.7799489157430939
98,3.000000000000001,-0.3015075376884404,0.8034471474318662
99,3.000000000000001,-0.10050251256281229,0.8085177821341044
100,3.000000000000001,0.10050251256281584,0.8105269335875963
101,3.000000000000001,0.30150753768844396,0.833243477203187
102,3.000000000000001,0.5025125628140721,0.8983554225561106
103,3.000000000000001,0.7035175879397002,0.9868076830696582
104,3.000000000000001,0.9045226130653283,0.9388164845218683
105,3.000000000000001,1.1055276381909565,0.6117595445229037
106,3.000000000000001,1.3065326633165846,0.3171544274078603
107,3.000000000000001,1.5075376884422127,0.18392994474419117
108,3.000000000000001,1.7085427135678408,0.1166800418140087
109,3.000000000000001,1.909547738693469,0.07840521930588941
110,3.000000000000001,2.110552763819097,0.055403671565213766
111,3.000000000000001,2.311557788944725,0.04220029222705923
112,3.000000000000001,2.5125628140703533,0.02755264164247833
113,3.000000000000001,2.7135678391959814,0.018317278106695097
114,3.000000000000001,2.9145728643216096,0.040021290222513856
115,3.000000000000001,3.1155778894472377,4.628199217231969e-05
116,3.000000000000001,3.316582914572866,0.0832297084287652
117,3.000000000000001,3.517587939698494,0.026545974926081104
118,3.000000000000001,3.718592964824122,0.16145055617454948
119,3.000000000000001,3.91959798994975,0.12806081889485332
120,3.000000000000001,4.120603015075378,0.19398469244814356
121,3.000000000000001,4.321608040201006,0.31254070092287767
122,3.000000000000001,4.5226130653266345,0.2530220543993075
123,3.000000000000001,4.723618090452263,0.3182179642484281
124,3.000000000000001,4.924623115577891,0.42472649989052474
125,3.000000000000001,5.125628140703519,0.3919981467252999
126,3.000000000000001,5.326633165829147,0.3574606766236292
127,3.000000000000001,5.527638190954775,0.419249042109263
128,3.000000000000001,5.728643216080403,0.46563062643504677
129,3.000000000000001,5.929648241206031,0.4314150725362008
130,3.000000000000001,6.1306532663316595,0.40010134385511525
131,3.000000000000001,6.331658291457288,0.36884685051486743
132,3.000000000000001,6.532663316582916,0.394943572261952
133,3.000000000000001,6.733668341708544,0.45108093295622664
134,3.000000000000001,6.934673366834172,0.377126588126282
135,3.000000000000001,7.1356783919598,0.3014737182204764
136,3.000000000000001,7.336683417085428,0.35305468723345773
137,3.000000000000001,7.537688442211056,0.38430338138111575
138,3.000000000000001,7.7386934673366845,0.2886461547790485
139,3.000000000000001,7.939698492462313,0.20949610659254492
140,3.000000000000001,8.14070351758794,0.28997093891694303
141,3.000000000000001,8.341708542713569,0.39887286988413556
142,3.000000000000001,8.542713567839197,0.35807040533660817
143,3.000000000000001,8.743718592964825,0.1964314144122868
144,3.000000000000001,8.944723618090453,0.08748390286458865
145,3.000000000000001,9.145728643216081,0.12572235588087177
146,3.000000000000001,9.34673366834171,0.2796855299866168
147,3.000000000000001,9.547738693467338,0.3904664632321544
148,3.000000000000001,9.748743718592966,0.38105098034375834
149,3.000000000000001,9.949748743718594,0.24001998684699916
150,3.000000000000001,10.150753768844222,0.07431680623902212
151,3.000000000000001,10.35175879396985,0.014712544477812338
152,3.000000000000001,10.552763819095478,0.0539401114580256
153,3.000000000000001,10.753768844221106,0.1860738304710892
154,3.000000000000001,10.954773869346734,0.33191377268095257
155,3.000000000000001,11.155778894472363,0.37141352887868573
156,3.000000000000001,11.35678391959799,0.3426565266220253
157,3.000000000000001,11.557788944723619,0.30052478162960844
158,3.000000000000001,11.758793969849247,0.20457724827756232
159,3.000000000000001,11.959798994974875,0.07180263600648089
160,3.000000000000001,12.160804020100507,0.004674629768269727
161,3.000000000000001,12.361809045226131,0.01234769199031402
162,3.000000000000001,12.562814070351763,0.040621634215571946
163,3.000000000000001,12.763819095477388,0.10108231366736795
164,3.000000000000001,12.96482412060302,0.2133935880093832
165,3.000000000000001,13.165829145728644,0.3192581076080886
166,3.000000000000001,13.366834170854275,0.3417170167886147
167,3.000000000000001,13.5678391959799,0.2512612585834984
168,3.000000000000001,13.768844221105532,0.14901603666935842
169,3.000000000000001,13.969849246231156,0.10427269321965318
170,3.000000000000001,14.170854271356788,0.0889842509395743
171,3.000000000000001,14.371859296482413,0.08208589250574935
172,3.000000000000001,14.572864321608044,0.0630332885286163
173,3.000000000000001,14.773869346733669,0.045969368748956484
174,3.000000000000001,14.9748743718593,0.06079571082342047
175,3.000000000000001,15.175879396984925,0.09816217303153038
176,3.000000000000001,15.376884422110557,0.13823780848544245
177,3.000000000000001,15.577889447236181,0.15113163672322696
178,3.000000000000001,15.778894472361813,0.11294261134241605
179,3.000000000000001,15.979899497487438,0.06453858166552591
180,3.000000000000001,16.18090452261307,0.08574394877034273
181,3.000000000000001,16.381909547738694,0.15372132824045245
182,3.000000000000001,16.582914572864325,0.2084114255269674
183,3.000000000000001,16.78391959798995,0.23518549942850764
184,3.000000000000001,16.98492462311558,0.2563968165006499
185,3.000000000000001,17.185929648241206,0.27884752141642405
186,3.000000000000001,17.386934673366838,0.2532313331156023
187,3.000000000000001,17.587939698492463,0.1814278204611006
188,3.000000000000001,17.788944723618094,0.11079904259158177
189,3.000000000000001,17.98994974874372,0.06106435737551362
190,3.000000000000001,18.19095477386935,0.03151164208394645
191,3.000000000000001,18.391959798994975,0.026032900852229198
192,3.000000000000001,18.592964824120607,0.029924829064694375
193,3.000000000000001,18.79396984924623,0.02058237615912799
194,3.000000000000001,18.994974874371863,0.009991234048961366
195,3.000000000000001,19.195979899497488,0.03358405828985678
196,3.000000000000001,19.39698492462312,0.10224702973090086
197,3.000000000000001,19.597989949748744,0.21978050416786726
198,3.000000000000001,19.798994974874375,0.3669214602124848
199,3.000000000000001,20.0,0.45508328242252116
