,t,height,fid
0,3.6000000000000014,-20.0,0.5196571100380842
1,3.6000000000000014,-19.798994974874372,0.5347280894207453
2,3.6000000000000014,-19.597989949748744,0.5536792341053031
3,3.6000000000000014,-19.396984924623116,0.5715571455701793
4,3.6000000000000014,-19.195979899497488,0.582337349548989
5,3.6000000000000014,-18.99497487437186,0.5798196745154216
6,3.6000000000000014,-18.79396984924623,0.5645812857321182
7,3.6000000000000014,-18.592964824120603,0.5455259328568143
8,3.6000000000000014,-18.391959798994975,0.5155346550120609
9,3.6000000000000014,-18.190954773869347,0.4719708603568583
10,3.6000000000000014,-17.98994974874372,0.42372168342802247
11,3.6000000000000014,-17.78894472361809,0.3795337151291429
12,3.6000000000000014,-17.587939698492463,0.3437008420185957
13,3.6000000000000014,-17.386934673366834,0.3206365599331704
14,3.6000000000000014,-17.185929648241206,0.3093022194361911
15,3.6000000000000014,-16.984924623115578,0.311322547516844
16,3.6000000000000014,-16.78391959798995,0.3246763725082336
17,3.6000000000000014,-16.582914572864322,0.33724272520527404
18,3.6000000000000014,-16.381909547738694,0.34224262738740346
19,3.6000000000000014,-16.180904522613066,0.3395562643615021
20,3.6000000000000014,-15.979899497487438,0.3291323695143673
21,3.6000000000000014,-15.77889447236181,0.3104555579917136
22,3.6000000000000014,-15.577889447236181,0.283668091255233
23,3.6000000000000014,-15.376884422110553,0.25337229049933435
24,3.6000000000000014,-15.175879396984925,0.22053438410355852
25,3.6000000000000014,-14.974874371859297,0.1891636229715663
26,3.6000000000000014,-14.773869346733669,0.16720561766079595
27,3.6000000000000014,-14.57286432160804,0.15997854916235596
28,3.6000000000000014,-14.371859296482413,0.16946920073885502
29,3.6000000000000014,-14.170854271356784,0.1991815628851926
30,3.6000000000000014,-13.969849246231156,0.24902766209078664
31,3.6000000000000014,-13.768844221105528,0.3156603937916919
32,3.6000000000000014,-13.5678391959799,0.391916945478464
33,3.6000000000000014,-13.366834170854272,0.4657984131330921
34,3.6000000000000014,-13.165829145728644,0.5294939428200808
35,3.6000000000000014,-12.964824120603016,0.5806424464847866
36,3.6000000000000014,-12.763819095477388,0.6186453206819669
37,3.6000000000000014,-12.56281407035176,0.6453098101599924
38,3.6000000000000014,-12.361809045226131,0.662357072643022
39,3.6000000000000014,-12.160804020100503,0.6726920921868028
40,3.6000000000000014,-11.959798994974873,0.6744862111535876
41,3.6000000000000014,-11.758793969849245,0.663138356073417
42,3.6000000000000014,-11.557788944723617,0.6373478528383467
43,3.6000000000000014,-11.356783919597989,0.6007381404780947
44,3.6000000000000014,-11.15577889447236,0.5589188490202501
45,3.6000000000000014,-10.954773869346733,0.5192428342013657
46,3.6000000000000014,-10.753768844221105,0.4879302671891285
47,3.6000000000000014,-10.552763819095476,0.46485660810037477
48,3.6000000000000014,-10.351758793969848,0.4449492385538693
49,3.6000000000000014,-10.15075376884422,0.4223957322853817
50,3.6000000000000014,-9.949748743718592,0.39372331156679846
51,3.6000000000000014,-9.748743718592964,0.3621571881701073
52,3.6000000000000014,-9.547738693467336,0.33567510950260515
53,3.6000000000000014,-9.346733668341708,0.3214806960267441
54,3.6000000000000014,-9.14572864321608,0.3208996500182344
55,3.6000000000000014,-8.944723618090451,0.32747122749028407
56,3.6000000000000014,-8.743718592964823,0.33136061370591274
57,3.6000000000000014,-8.542713567839195,0.32535890067909673
58,3.6000000000000014,-8.341708542713567,0.3098023231899798
59,3.6000000000000014,-8.140703517587939,0.29331690362223484
60,3.6000000000000014,-7.939698492462311,0.2896897445229864
61,3.6000000000000014,-7.738693467336683,0.31164754668291766
62,3.6000000000000014,-7.537688442211055,0.36482265476758413
63,3.6000000000000014,-7.3366834170854265,0.44489646767735974
64,3.6000000000000014,-7.135678391959798,0.5388073708989054
65,3.6000000000000014,-6.93467336683417,0.6296699337516545
66,3.6000000000000014,-6.733668341708542,0.702890197452944
67,3.6000000000000014,-6.532663316582914,0.7495323143849214
68,3.6000000000000014,-6.331658291457286,0.7667511007583018
69,3.6000000000000014,-6.130653266331658,0.757132271085633
70,3.6000000000000014,-5.92964824120603,0.7272666457269347
71,3.6000000000000014,-5.7286432160804015,0.6851707239361486
72,3.6000000000000014,-5.527638190954773,0.6376560167908563
73,3.6000000000000014,-5.326633165829145,0.5898557781738545
74,3.6000000000000014,-5.125628140703517,0.5457747014467179
75,3.6000000000000014,-4.924623115577889,0.5078071555325426
76,3.6000000000000014,-4.723618090452261,0.4766266751197491
77,3.6000000000000014,-4.522613065326633,0.45264695365195246
78,3.6000000000000014,-4.321608040201005,0.4363755929750247
79,3.6000000000000014,-4.1206030150753765,0.4275189853576418
80,3.6000000000000014,-3.9195979899497466,0.42606765301713634
81,3.6000000000000014,-3.7185929648241185,0.4333730546859611
82,3.6000000000000014,-3.5175879396984904,0.4502856240832096
83,3.6000000000000014,-3.3165829145728623,0.4776894206568375
84,3.6000000000000014,-3.115577889447234,0.5207782894536698
85,3.6000000000000014,-2.914572864321606,0.5858886819024932
86,3.6000000000000014,-2.713567839195978,0.6679675413717832
87,3.6000000000000014,-2.5125628140703498,0.7458612351493089
88,3.6000000000000014,-2.3115577889447216,0.795129677572066
89,3.6000000000000014,-2.1105527638190935,0.804704165350347
90,3.6000000000000014,-1.9095477386934654,0.7810451714875262
91,3.6000000000000014,-1.7085427135678373,0.7401063115438835
92,3.6000000000000014,-1.5075376884422091,0.6976713185336514
93,3.6000000000000014,-1.306532663316581,0.6647331232546703
94,3.6000000000000014,-1.105527638190953,0.6475887181898834
95,3.6000000000000014,-0.9045226130653248,0.6496129550814855
96,3.6000000000000014,-0.7035175879396967,0.6722548547203733
97,3.6000000000000014,-0.5025125628140685,0.7134674777148078
98,3.6000000000000014,-0.3015075376884404,0.762886597194762
99,3.6000000000000014,-0.10050251256281229,0.8000967320926595
100,3.6000000000000014,0.10050251256281584,0.8104014957167085
101,3.6000000000000014,0.30150753768844396,0.8093286513707589
102,3.6000000000000014,0.5025125628140721,0.8411452876856742
103,3.6000000000000014,0.7035175879397002,0.9383009709343567
104,3.6000000000000014,0.9045226130653283,0.9516937283492372
105,3.6000000000000014,1.1055276381909565,0.5522567864343847
106,3.6000000000000014,1.3065326633165846,0.22845892924078043
107,3.6000000000000014,1.5075376884422127,0.11922213608416973
108,3.6000000000000014,1.7085427135678408,0.06956051302265474
109,3.6000000000000014,1.909547738693469,0.040875329937029026
110,3.6000000000000014,2.110552763819097,0.020416010356890554
111,3.6000000000000014,2.311557788944725,0.028816492699189154
112,3.6000000000000014,2.5125628140703533,0.06195471701372815
113,3.6000000000000014,2.7135678391959814,0.02061069534677202
114,3.6000000000000014,2.9145728643216096,0.14084872078563493
115,3.6000000000000014,3.1155778894472377,0.1622801667523633
116,3.6000000000000014,3.316582914572866,0.2714958272983333
117,3.6000000000000014,3.517587939698494,0.2840019777173662
118,3.6000000000000014,3.718592964824122,0.4305695510836607
119,3.6000000000000014,3.91959798994975,0.36234661390761674
120,3.6000000000000014,4.120603015075378,0.4698120450229314
121,3.6000000000000014,4.321608040201006,0.48240678366786177
122,3.6000000000000014,4.5226130653266345,0.4227763604146808
123,3.6000000000000014,4.723618090452263,0.45338781512392756
124,3.6000000000000014,4.924623115577891,0.4873711963726506
125,3.6000000000000014,5.125628140703519,0.39561921943454154
126,3.6000000000000014,5.326633165829147,0.3833737851456693
127,3.6000000000000014,5.527638190954775,0.41575726693736953
128,3.6000000000000014,5.728643216080403,0.3138191746916372
129,3.6000000000000014,5.929648241206031,0.37489438054231367
130,3.6000000000000014,6.1306532663316595,0.3572603820022112
131,3.6000000000000014,6.331658291457288,0.189225967726054
132,3.6000000000000014,6.532663316582916,0.2324561969261073
133,3.6000000000000014,6.733668341708544,0.40249298473169
134,3.6000000000000014,6.934673366834172,0.30493829873699296
135,3.6000000000000014,7.1356783919598,0.09003710898578203
136,3.6000000000000014,7.336683417085428,0.09837917145013485
137,3.6000000000000014,7.537688442211056,0.29507258481326676
138,3.6000000000000014,7.7386934673366845,0.408863317919979
139,3.6000000000000014,7.939698492462313,0.276649859805474
140,3.6000000000000014,8.14070351758794,0.06624433127089521
141,3.6000000000000014,8.341708542713569,0.005547809268161235
142,3.6000000000000014,8.542713567839197,0.13812584252473964
143,3.6000000000000014,8.743718592964825,0.2993165777825819
144,3.6000000000000014,8.944723618090453,0.34448943500734386
145,3.6000000000000014,9.145728643216081,0.33494785245449255
146,3.6000000000000014,9.34673366834171,0.18964795810261972
147,3.6000000000000014,9.547738693467338,0.033490367681808166
148,3.6000000000000014,9.748743718592966,0.0008090730456865974
149,3.6000000000000014,9.949748743718594,0.030903902155551857
150,3.6000000000000014,10.150753768844222,0.14901238738947914
151,3.6000000000000014,10.35175879396985,0.27834373905206483
152,3.6000000000000014,10.552763819095478,0.25763502394362203
153,3.6000000000000014,10.753768844221106,0.14345956443979502
154,3.6000000000000014,10.954773869346734,0.10162503157073445
155,3.6000000000000014,11.155778894472363,0.09396707024558243
156,3.6000000000000014,11.35678391959799,0.07249975598254187
157,3.6000000000000014,11.557788944723619,0.057696631439748514
158,3.6000000000000014,11.758793969849247,0.09240637819857604
159,3.6000000000000014,11.959798994974875,0.13692002141806242
160,3.6000000000000014,12.160804020100507,0.12961770422236302
161,3.6000000000000014,12.361809045226131,0.07561510306471042
162,3.6000000000000014,12.562814070351763,0.11607073461998114
163,3.6000000000000014,12.763819095477388,0.22052698801607423
164,3.6000000000000014,12.96482412060302,0.2784513491279787
165,3.6000000000000014,13.165829145728644,0.30561487654858444
166,3.6000000000000014,13.366834170854275,0.29446872731123125
167,3.6000000000000014,13.5678391959799,0.19952304816634553
168,3.6000000000000014,13.768844221105532,0.09609961759493216
169,3.6000000000000014,13.969849246231156,0.04218785302985032
170,3.6000000000000014,14.170854271356788,0.029402639094198667
171,3.6000000000000014,14.371859296482413,0.02906905598053699
172,3.6000000000000014,14.572864321608044,0.029478094185659085
173,3.6000000000000014,14.773869346733669,0.11408665128515652
174,3.6000000000000014,14.9748743718593,0.2872156078594445
175,3.6000000000000014,15.175879396984925,0.4640784546367367
176,3.6000000000000014,15.376884422110557,0.5228362929278932
177,3.6000000000000014,15.577889447236181,0.4331622885326121
178,3.6000000000000014,15.778894472361813,0.38557396054084625
179,3.6000000000000014,15.979899497487438,0.39140058810948636
180,3.6000000000000014,16.18090452261307,0.32050787353186233
181,3.6000000000000014,16.381909547738694,0.207242200176939
182,3.6000000000000014,16.582914572864325,0.08804089633754866
183,3.6000000000000014,16.78391959798995,0.0076700339372921655
184,3.6000000000000014,16.98492462311558,0.03803085044369392
185,3.6000000000000014,17.185929648241206,0.12918094218160997
186,3.6000000000000014,17.386934673366838,0.1659584593544442
187,3.6000000000000014,17.587939698492463,0.1669588000764112
188,3.6000000000000014,17.788944723618094,0.18892030447891736
189,3.6000000000000014,17.98994974874372,0.19347609420216935
190,3.6000000000000014,18.19095477386935,0.21994548374170375
191,3.6000000000000014,18.391959798994975,0.3102006845477746
192,3.6000000000000014,18.592964824120607,0.4824473037414336
193,3.6000000000000014,18.79396984924623,0.6137348429382432
194,3.6000000000000014,18.994974874371863,0.5380497959996001
195,3.6000000000000014,19.195979899497488,0.3627189680119318
196,3.6000000000000014,19.39698492462312,0.23515188048336746
197,3.6000000000000014,19.597989949748744,0.13215650809531487
198,3.6000000000000014,19.798994974874375,0.061124755627304295
199,3.6000000000000014,20.0,0.02102893500265616
