,t,height,fid
0,3.550000000000001,-20.0,0.5746916184589332
1,3.550000000000001,-19.798994974874372,0.5847971370491795
2,3.550000000000001,-19.597989949748744,0.5828242777006487
3,3.550000000000001,-19.396984924623116,0.5678733167940766
4,3.550000000000001,-19.195979899497488,0.5422177819472171
5,3.550000000000001,-18.99497487437186,0.5135715473826883
6,3.550000000000001,-18.79396984924623,0.4750421919650108
7,3.550000000000001,-18.592964824120603,0.426396055728674
8,3.550000000000001,-18.391959798994975,0.3802563376879723
9,3.550000000000001,-18.190954773869347,0.3443623839590334
10,3.550000000000001,-17.98994974874372,0.3202979328249484
11,3.550000000000001,-17.78894472361809,0.3089770064241045
12,3.550000000000001,-17.587939698492463,0.3086285926599345
13,3.550000000000001,-17.386934673366834,0.31703821202121824
14,3.550000000000001,-17.185929648241206,0.331435236217847
15,3.550000000000001,-16.984924623115578,0.3405310967023618
16,3.550000000000001,-16.78391959798995,0.34003450225815623
17,3.550000000000001,-16.582914572864322,0.3333748443994323
18,3.550000000000001,-16.381909547738694,0.3201986270966417
19,3.550000000000001,-16.180904522613066,0.2994874084194104
20,3.550000000000001,-15.979899497487438,0.27046366853280274
21,3.550000000000001,-15.77889447236181,0.2375127483172523
22,3.550000000000001,-15.577889447236181,0.20398156208427115
23,3.550000000000001,-15.376884422110553,0.1737673686491417
24,3.550000000000001,-15.175879396984925,0.15549726554343368
25,3.550000000000001,-14.974874371859297,0.15399690994871412
26,3.550000000000001,-14.773869346733669,0.17024852033902071
27,3.550000000000001,-14.57286432160804,0.20586635962207128
28,3.550000000000001,-14.371859296482413,0.26048099948756437
29,3.550000000000001,-14.170854271356784,0.3280972700520721
30,3.550000000000001,-13.969849246231156,0.40132393435067737
31,3.550000000000001,-13.768844221105528,0.47017898872241737
32,3.550000000000001,-13.5678391959799,0.5277512388156946
33,3.550000000000001,-13.366834170854272,0.5747784708508263
34,3.550000000000001,-13.165829145728644,0.6115964221973165
35,3.550000000000001,-12.964824120603016,0.6390794319567984
36,3.550000000000001,-12.763819095477388,0.6584426632482246
37,3.550000000000001,-12.56281407035176,0.6701837358730413
38,3.550000000000001,-12.361809045226131,0.6733905250672331
39,3.550000000000001,-12.160804020100503,0.6629860125787301
40,3.550000000000001,-11.959798994974873,0.6377665478775006
41,3.550000000000001,-11.758793969849245,0.6016222313832268
42,3.550000000000001,-11.557788944723617,0.5610508898722135
43,3.550000000000001,-11.356783919597989,0.5222219607007956
44,3.550000000000001,-11.15577889447236,0.4911669741135135
45,3.550000000000001,-10.954773869346733,0.46878280533585953
46,3.550000000000001,-10.753768844221105,0.4500333654003095
47,3.550000000000001,-10.552763819095476,0.4289398539342459
48,3.550000000000001,-10.351758793969848,0.4018534331892376
49,3.550000000000001,-10.15075376884422,0.3700463884835176
50,3.550000000000001,-9.949748743718592,0.34075086197734233
51,3.550000000000001,-9.748743718592964,0.32166739510433234
52,3.550000000000001,-9.547738693467336,0.3162521480906487
53,3.550000000000001,-9.346733668341708,0.3210928007836428
54,3.550000000000001,-9.14572864321608,0.32757650620650114
55,3.550000000000001,-8.944723618090451,0.3272125998014558
56,3.550000000000001,-8.743718592964823,0.31615726531680316
57,3.550000000000001,-8.542713567839195,0.2981206839758599
58,3.550000000000001,-8.341708542713567,0.28363339698873413
59,3.550000000000001,-8.140703517587939,0.2861552709744378
60,3.550000000000001,-7.939698492462311,0.3160780003233711
61,3.550000000000001,-7.738693467336683,0.3759977247346067
62,3.550000000000001,-7.537688442211055,0.459267100666349
63,3.550000000000001,-7.3366834170854265,0.5522051396194342
64,3.550000000000001,-7.135678391959798,0.6391997521425664
65,3.550000000000001,-6.93467336683417,0.7076878050742602
66,3.550000000000001,-6.733668341708542,0.7502011985100253
67,3.550000000000001,-6.532663316582914,0.7645924242453679
68,3.550000000000001,-6.331658291457286,0.753695063109771
69,3.550000000000001,-6.130653266331658,0.7239427331928007
70,3.550000000000001,-5.92964824120603,0.6827757176048718
71,3.550000000000001,-5.7286432160804015,0.6363447275307934
72,3.550000000000001,-5.527638190954773,0.5894095676346577
73,3.550000000000001,-5.326633165829145,0.5458524464321793
74,3.550000000000001,-5.125628140703517,0.5080205413189286
75,3.550000000000001,-4.924623115577889,0.47652496783585185
76,3.550000000000001,-4.723618090452261,0.45172794242538444
77,3.550000000000001,-4.522613065326633,0.4342370152213603
78,3.550000000000001,-4.321608040201005,0.42383015365921745
79,3.550000000000001,-4.1206030150753765,0.4201624582947898
80,3.550000000000001,-3.9195979899497466,0.4243712302518738
81,3.550000000000001,-3.7185929648241185,0.43758678661179595
82,3.550000000000001,-3.5175879396984904,0.4599448222116773
83,3.550000000000001,-3.3165829145728623,0.49463894662364455
84,3.550000000000001,-3.115577889447234,0.54900103642251
85,3.550000000000001,-2.914572864321606,0.6246967292114218
86,3.550000000000001,-2.713567839195978,0.7077646561553763
87,3.550000000000001,-2.5125628140703498,0.7737825326483794
88,3.550000000000001,-2.3115577889447216,0.8042030371220403
89,3.550000000000001,-2.1105527638190935,0.7969105419790092
90,3.550000000000001,-1.9095477386934654,0.7635358924841753
91,3.550000000000001,-1.7085427135678373,0.7201192614265619
92,3.550000000000001,-1.5075376884422091,0.6799681897726213
93,3.550000000000001,-1.306532663316581,0.6515398220150321
94,3.550000000000001,-1.105527638190953,0.639512211208486
95,3.550000000000001,-0.9045226130653248,0.6464407902761988
96,3.550000000000001,-0.7035175879396967,0.6732351897419993
97,3.550000000000001,-0.5025125628140685,0.717039273622131
98,3.550000000000001,-0.3015075376884404,0.7664260813097511
99,3.550000000000001,-0.10050251256281229,0.8012746523271275
100,3.550000000000001,0.10050251256281584,0.8098267716334548
101,3.550000000000001,0.30150753768844396,0.8101003281779238
102,3.550000000000001,0.5025125628140721,0.8452845067943192
103,3.550000000000001,0.7035175879397002,0.9433336618212933
104,3.550000000000001,0.9045226130653283,0.9514071156336865
105,3.550000000000001,1.1055276381909565,0.5571381710737842
106,3.550000000000001,1.3065326633165846,0.23482482919481656
107,3.550000000000001,1.5075376884422127,0.1235429121519811
108,3.550000000000001,1.7085427135678408,0.07252268283408986
109,3.550000000000001,1.909547738693469,0.043308065890546324
110,3.550000000000001,2.110552763819097,0.023419644312649122
111,3.550000000000001,2.311557788944725,0.029879792221563024
112,3.550000000000001,2.5125628140703533,0.054320879084502886
113,3.550000000000001,2.7135678391959814,0.01289016000010374
114,3.550000000000001,2.9145728643216096,0.12800967726587975
115,3.550000000000001,3.1155778894472377,0.13823369631183863
116,3.550000000000001,3.316582914572866,0.25236113518326947
117,3.550000000000001,3.517587939698494,0.25848892219724806
118,3.550000000000001,3.718592964824122,0.41260034814443136
119,3.550000000000001,3.91959798994975,0.34545174604179035
120,3.550000000000001,4.120603015075378,0.4566566698521192
121,3.550000000000001,4.321608040201006,0.4786464272459966
122,3.550000000000001,4.5226130653266345,0.4162089416391735
123,3.550000000000001,4.723618090452263,0.4575824476166564
124,3.550000000000001,4.924623115577891,0.4863380640055929
125,3.550000000000001,5.125628140703519,0.41446848811693804
126,3.550000000000001,5.326633165829147,0.3747660209595133
127,3.550000000000001,5.527638190954775,0.4351618198426697
128,3.550000000000001,5.728643216080403,0.3402043448680915
129,3.550000000000001,5.929648241206031,0.3529438835624628
130,3.550000000000001,6.1306532663316595,0.38327548568138337
131,3.550000000000001,6.331658291457288,0.2329485130686478
132,3.550000000000001,6.532663316582916,0.2100497699705735
133,3.550000000000001,6.733668341708544,0.3815101378774873
134,3.550000000000001,6.934673366834172,0.3534171840023921
135,3.550000000000001,7.1356783919598,0.13453238333175838
136,3.550000000000001,7.336683417085428,0.078654730375024
137,3.550000000000001,7.537688442211056,0.2549446101064414
138,3.550000000000001,7.7386934673366845,0.3991160281723941
139,3.550000000000001,7.939698492462313,0.3256222649289149
140,3.550000000000001,8.14070351758794,0.1017228158383979
141,3.550000000000001,8.341708542713569,0.0058156769229161815
142,3.550000000000001,8.542713567839197,0.0964903609230967
143,3.550000000000001,8.743718592964825,0.28727924039024494
144,3.550000000000001,8.944723618090453,0.353959172986103
145,3.550000000000001,9.145728643216081,0.34027674630960075
146,3.550000000000001,9.34673366834171,0.2376674143496489
147,3.550000000000001,9.547738693467338,0.06365173623239771
148,3.550000000000001,9.748743718592966,0.0011110943383102268
149,3.550000000000001,9.949748743718594,0.023176936172021427
150,3.550000000000001,10.150753768844222,0.1096498915547464
151,3.550000000000001,10.35175879396985,0.2561250868443464
152,3.550000000000001,10.552763819095478,0.30494290606520846
153,3.550000000000001,10.753768844221106,0.19744967955737003
154,3.550000000000001,10.954773869346734,0.10864694952097714
155,3.550000000000001,11.155778894472363,0.08830732190538944
156,3.550000000000001,11.35678391959799,0.06954624984358258
157,3.550000000000001,11.557788944723619,0.04759222393616204
158,3.550000000000001,11.758793969849247,0.07430060281960746
159,3.550000000000001,11.959798994974875,0.126606115202854
160,3.550000000000001,12.160804020100507,0.15056737487568347
161,3.550000000000001,12.361809045226131,0.1093632485341538
162,3.550000000000001,12.562814070351763,0.08072938589748042
163,3.550000000000001,12.763819095477388,0.16565995215577228
164,3.550000000000001,12.96482412060302,0.247125832779561
165,3.550000000000001,13.165829145728644,0.27015916061156686
166,3.550000000000001,13.366834170854275,0.2682591055902807
167,3.550000000000001,13.5678391959799,0.22886670330536307
168,3.550000000000001,13.768844221105532,0.1396164775186583
169,3.550000000000001,13.969849246231156,0.06598777968823065
170,3.550000000000001,14.170854271356788,0.031700460112246004
171,3.550000000000001,14.371859296482413,0.02913745877452348
172,3.550000000000001,14.572864321608044,0.03249668591312156
173,3.550000000000001,14.773869346733669,0.05180321295870289
174,3.550000000000001,14.9748743718593,0.17314460283251487
175,3.550000000000001,15.175879396984925,0.36070908461035633
176,3.550000000000001,15.376884422110557,0.5121470704343137
177,3.550000000000001,15.577889447236181,0.5193893280809361
178,3.550000000000001,15.778894472361813,0.4067971146739707
179,3.550000000000001,15.979899497487438,0.3583581233457965
180,3.550000000000001,16.18090452261307,0.3469981605874871
181,3.550000000000001,16.381909547738694,0.2612683636960672
182,3.550000000000001,16.582914572864325,0.1506344730032424
183,3.550000000000001,16.78391959798995,0.05117642843991891
184,3.550000000000001,16.98492462311558,0.003731654203178469
185,3.550000000000001,17.185929648241206,0.0553494061769583
186,3.550000000000001,17.386934673366838,0.14662346040099708
187,3.550000000000001,17.587939698492463,0.17724185201584916
188,3.550000000000001,17.788944723618094,0.17421260486433598
189,3.550000000000001,17.98994974874372,0.19796683544993426
190,3.550000000000001,18.19095477386935,0.20889832194010136
191,3.550000000000001,18.391959798994975,0.24154285734211337
192,3.550000000000001,18.592964824120607,0.33386972915607027
193,3.550000000000001,18.79396984924623,0.4943482446593422
194,3.550000000000001,18.994974874371863,0.6106009711782844
195,3.550000000000001,19.195979899497488,0.5276175999959962
196,3.550000000000001,19.39698492462312,0.33594912645485026
197,3.550000000000001,19.597989949748744,0.203752300960545
198,3.550000000000001,19.798994974874375,0.10794760138696342
199,3.550000000000001,20.0,0.04701848426680223
