,t,height,fid
0,3.350000000000001,-20.0,0.3183912913103919
1,3.350000000000001,-19.798994974874372,0.32549530382309655
2,3.350000000000001,-19.597989949748744,0.3279429470620247
3,3.350000000000001,-19.396984924623116,0.3303028144297834
4,3.350000000000001,-19.195979899497488,0.3325981401894484
5,3.350000000000001,-18.99497487437186,0.33096210258901687
6,3.350000000000001,-18.79396984924623,0.3238100815213873
7,3.350000000000001,-18.592964824120603,0.30941257986377146
8,3.350000000000001,-18.391959798994975,0.2877576661860947
9,3.350000000000001,-18.190954773869347,0.2624390570260061
10,3.350000000000001,-17.98994974874372,0.23075352106265726
11,3.350000000000001,-17.78894472361809,0.19395934562986333
12,3.350000000000001,-17.587939698492463,0.16145614250554638
13,3.350000000000001,-17.386934673366834,0.14000587015426516
14,3.350000000000001,-17.185929648241206,0.13217878695106963
15,3.350000000000001,-16.984924623115578,0.13843742896873928
16,3.350000000000001,-16.78391959798995,0.15987754239250407
17,3.350000000000001,-16.582914572864322,0.1968133098896671
18,3.350000000000001,-16.381909547738694,0.24439899503702278
19,3.350000000000001,-16.180904522613066,0.300209438462972
20,3.350000000000001,-15.979899497487438,0.3610496773635597
21,3.350000000000001,-15.77889447236181,0.41974696823869845
22,3.350000000000001,-15.577889447236181,0.4702956446190421
23,3.350000000000001,-15.376884422110553,0.514184460030244
24,3.350000000000001,-15.175879396984925,0.5540260937087391
25,3.350000000000001,-14.974874371859297,0.5894422170756937
26,3.350000000000001,-14.773869346733669,0.6209704819895819
27,3.350000000000001,-14.57286432160804,0.6455463717011968
28,3.350000000000001,-14.371859296482413,0.6590806004252048
29,3.350000000000001,-14.170854271356784,0.6625183640999172
30,3.350000000000001,-13.969849246231156,0.6551343814744207
31,3.350000000000001,-13.768844221105528,0.6348325506677804
32,3.350000000000001,-13.5678391959799,0.6038311615094557
33,3.350000000000001,-13.366834170854272,0.5673882379913104
34,3.350000000000001,-13.165829145728644,0.5334360904530018
35,3.350000000000001,-12.964824120603016,0.5059847386370376
36,3.350000000000001,-12.763819095477388,0.48452516766916454
37,3.350000000000001,-12.56281407035176,0.4678546109114104
38,3.350000000000001,-12.361809045226131,0.4524414481227811
39,3.350000000000001,-12.160804020100503,0.4331653268492582
40,3.350000000000001,-11.959798994974873,0.4068040449953237
41,3.350000000000001,-11.758793969849245,0.3759483199053262
42,3.350000000000001,-11.557788944723617,0.3453521710033929
43,3.350000000000001,-11.356783919597989,0.3202317369104927
44,3.350000000000001,-11.15577889447236,0.3055023013573269
45,3.350000000000001,-10.954773869346733,0.3023995453891744
46,3.350000000000001,-10.753768844221105,0.30757901814274324
47,3.350000000000001,-10.552763819095476,0.31546858515835424
48,3.350000000000001,-10.351758793969848,0.31901067039539954
49,3.350000000000001,-10.15075376884422,0.3128316902152272
50,3.350000000000001,-9.949748743718592,0.2963502387872472
51,3.350000000000001,-9.748743718592964,0.2745116281241671
52,3.350000000000001,-9.547738693467336,0.25728008778846884
53,3.350000000000001,-9.346733668341708,0.25549755480740727
54,3.350000000000001,-9.14572864321608,0.27705065772947884
55,3.350000000000001,-8.944723618090451,0.3241604433156206
56,3.350000000000001,-8.743718592964823,0.3930968937797538
57,3.350000000000001,-8.542713567839195,0.47533685853254126
58,3.350000000000001,-8.341708542713567,0.5601442680779553
59,3.350000000000001,-8.140703517587939,0.6372272112128635
60,3.350000000000001,-7.939698492462311,0.6982942323283579
61,3.350000000000001,-7.738693467336683,0.7376439131205995
62,3.350000000000001,-7.537688442211055,0.753397569100137
63,3.350000000000001,-7.3366834170854265,0.7478869696289129
64,3.350000000000001,-7.135678391959798,0.7259758074337395
65,3.350000000000001,-6.93467336683417,0.6928671540837623
66,3.350000000000001,-6.733668341708542,0.6528809962328129
67,3.350000000000001,-6.532663316582914,0.6097313829066027
68,3.350000000000001,-6.331658291457286,0.567175004207701
69,3.350000000000001,-6.130653266331658,0.5281789312793825
70,3.350000000000001,-5.92964824120603,0.49386422033874733
71,3.350000000000001,-5.7286432160804015,0.4641875767719138
72,3.350000000000001,-5.527638190954773,0.4396107989334612
73,3.350000000000001,-5.326633165829145,0.42106040843024634
74,3.350000000000001,-5.125628140703517,0.4083907114694951
75,3.350000000000001,-4.924623115577889,0.4005661424855211
76,3.350000000000001,-4.723618090452261,0.39784076247616473
77,3.350000000000001,-4.522613065326633,0.4019281447059779
78,3.350000000000001,-4.321608040201005,0.4133026731440796
79,3.350000000000001,-4.1206030150753765,0.43089850768399224
80,3.350000000000001,-3.9195979899497466,0.4565855847538767
81,3.350000000000001,-3.7185929648241185,0.49759563856726186
82,3.350000000000001,-3.5175879396984904,0.5602564088113637
83,3.350000000000001,-3.3165829145728623,0.6400975412539077
84,3.350000000000001,-3.115577889447234,0.7198567340452007
85,3.350000000000001,-2.914572864321606,0.7785945057668213
86,3.350000000000001,-2.713567839195978,0.8034721922284721
87,3.350000000000001,-2.5125628140703498,0.7947220689485823
88,3.350000000000001,-2.3115577889447216,0.7623077281382834
89,3.350000000000001,-2.1105527638190935,0.7192647929895526
90,3.350000000000001,-1.9095477386934654,0.6767003414509593
91,3.350000000000001,-1.7085427135678373,0.6420448646776026
92,3.350000000000001,-1.5075376884422091,0.6195629245420793
93,3.350000000000001,-1.306532663316581,0.611635904663392
94,3.350000000000001,-1.105527638190953,0.6198022465185108
95,3.350000000000001,-0.9045226130653248,0.6449575567293324
96,3.350000000000001,-0.7035175879396967,0.686005415691539
97,3.350000000000001,-0.5025125628140685,0.7364011097867816
98,3.350000000000001,-0.3015075376884404,0.7814612131434915
99,3.350000000000001,-0.10050251256281229,0.8053631011619009
100,3.350000000000001,0.10050251256281584,0.8085634414604262
101,3.350000000000001,0.30150753768844396,0.8156184807744846
102,3.350000000000001,0.5025125628140721,0.8634607387760478
103,3.350000000000001,0.7035175879397002,0.9621412208416592
104,3.350000000000001,0.9045226130653283,0.9488059212338006
105,3.350000000000001,1.1055276381909565,0.5768521999302382
106,3.350000000000001,1.3065326633165846,0.2621677659153086
107,3.350000000000001,1.5075376884422127,0.1427003639025148
108,3.350000000000001,1.7085427135678408,0.08609629355420467
109,3.350000000000001,1.909547738693469,0.0543643705529406
110,3.350000000000001,2.110552763819097,0.03527609422152461
111,3.350000000000001,2.311557788944725,0.03393293294109826
112,3.350000000000001,2.5125628140703533,0.033055405406252056
113,3.350000000000001,2.7135678391959814,8.500792291532223e-05
114,3.350000000000001,2.9145728643216096,0.08598518673903398
115,3.350000000000001,3.1155778894472377,0.05708659227960442
116,3.350000000000001,3.316582914572866,0.1800548513882507
117,3.350000000000001,3.517587939698494,0.155543850067565
118,3.350000000000001,3.718592964824122,0.3284462007497646
119,3.350000000000001,3.91959798994975,0.2666141084829997
120,3.350000000000001,4.120603015075378,0.38399825841110025
121,3.350000000000001,4.321608040201006,0.4416137609892884
122,3.350000000000001,4.5226130653266345,0.3775495745068979
123,3.350000000000001,4.723618090452263,0.443126832021151
124,3.350000000000001,4.924623115577891,0.4862222788347162
125,3.350000000000001,5.125628140703519,0.4369540523687207
126,3.350000000000001,5.326633165829147,0.3981566775388874
127,3.350000000000001,5.527638190954775,0.4223424205980442
128,3.350000000000001,5.728643216080403,0.4621484930847434
129,3.350000000000001,5.929648241206031,0.3571324831650279
130,3.350000000000001,6.1306532663316595,0.3515030245829467
131,3.350000000000001,6.331658291457288,0.3941682664712583
132,3.350000000000001,6.532663316582916,0.2898904802841013
133,3.350000000000001,6.733668341708544,0.26289985904774565
134,3.350000000000001,6.934673366834172,0.38786552935832747
135,3.350000000000001,7.1356783919598,0.3543188198239594
136,3.350000000000001,7.336683417085428,0.16949936316898465
137,3.350000000000001,7.537688442211056,0.11776414540714333
138,3.350000000000001,7.7386934673366845,0.2734521710862284
139,3.350000000000001,7.939698492462313,0.4046818094630591
140,3.350000000000001,8.14070351758794,0.31805789853145483
141,3.350000000000001,8.341708542713569,0.11283838640840384
142,3.350000000000001,8.542713567839197,0.02421335073711695
143,3.350000000000001,8.743718592964825,0.11511159934284473
144,3.350000000000001,8.944723618090453,0.29441071935349206
145,3.350000000000001,9.145728643216081,0.4091688349420417
146,3.350000000000001,9.34673366834171,0.33791998188867345
147,3.350000000000001,9.547738693467338,0.2087204767548127
148,3.350000000000001,9.748743718592966,0.06918183962024184
149,3.350000000000001,9.949748743718594,0.002344779606478031
150,3.350000000000001,10.150753768844222,0.0626984337944466
151,3.350000000000001,10.35175879396985,0.14112353117369755
152,3.350000000000001,10.552763819095478,0.23840568013216426
153,3.350000000000001,10.753768844221106,0.35099949877575704
154,3.350000000000001,10.954773869346734,0.33441548343897465
155,3.350000000000001,11.155778894472363,0.1950440920952206
156,3.350000000000001,11.35678391959799,0.07897323493339432
157,3.350000000000001,11.557788944723619,0.04282559997670234
158,3.350000000000001,11.758793969849247,0.018695352402470437
159,3.350000000000001,11.959798994974875,0.023631155702253357
160,3.350000000000001,12.160804020100507,0.10056052950312953
161,3.350000000000001,12.361809045226131,0.1857691888859525
162,3.350000000000001,12.562814070351763,0.1892888749118117
163,3.350000000000001,12.763819095477388,0.1468263169113486
164,3.350000000000001,12.96482412060302,0.10030796364766977
165,3.350000000000001,13.165829145728644,0.12224318346681982
166,3.350000000000001,13.366834170854275,0.19287133914513466
167,3.350000000000001,13.5678391959799,0.19734718337190377
168,3.350000000000001,13.768844221105532,0.15298766480446413
169,3.350000000000001,13.969849246231156,0.1192839057333141
170,3.350000000000001,14.170854271356788,0.10854628738390851
171,3.350000000000001,14.371859296482413,0.10140732885933543
172,3.350000000000001,14.572864321608044,0.06861031848409217
173,3.350000000000001,14.773869346733669,0.03658658219804074
174,3.350000000000001,14.9748743718593,0.0392965333790705
175,3.350000000000001,15.175879396984925,0.07232479085023012
176,3.350000000000001,15.376884422110557,0.1134347354795777
177,3.350000000000001,15.577889447236181,0.22362049788174526
178,3.350000000000001,15.778894472361813,0.39914391698664103
179,3.350000000000001,15.979899497487438,0.5045576738090976
180,3.350000000000001,16.18090452261307,0.4871809639143288
181,3.350000000000001,16.381909547738694,0.36432898387241625
182,3.350000000000001,16.582914572864325,0.23384582502148368
183,3.350000000000001,16.78391959798995,0.18588063462902102
184,3.350000000000001,16.98492462311558,0.153088810763154
185,3.350000000000001,17.185929648241206,0.08715417333775453
186,3.350000000000001,17.386934673366838,0.028743948293668144
187,3.350000000000001,17.587939698492463,0.003506957685063286
188,3.350000000000001,17.788944723618094,0.02272414861678344
189,3.350000000000001,17.98994974874372,0.10223913577369519
190,3.350000000000001,18.19095477386935,0.197949028034027
191,3.350000000000001,18.391959798994975,0.24211516604264055
192,3.350000000000001,18.592964824120607,0.23123226715243453
193,3.350000000000001,18.79396984924623,0.25089656149726064
194,3.350000000000001,18.994974874371863,0.29578824063843273
195,3.350000000000001,19.195979899497488,0.33038970339083235
196,3.350000000000001,19.39698492462312,0.40408154590673423
197,3.350000000000001,19.597989949748744,0.4988615257889052
198,3.350000000000001,19.798994974874375,0.5596061336777094
199,3.350000000000001,20.0,0.48782203704551763
