,t,height,fid
0,3.8500000000000014,-20.0,0.12306763724086879
1,3.8500000000000014,-19.798994974874372,0.12586888614407207
2,3.8500000000000014,-19.597989949748744,0.13798540771941087
3,3.8500000000000014,-19.396984924623116,0.1659712403652493
4,3.8500000000000014,-19.195979899497488,0.2128510411468305
5,3.8500000000000014,-18.99497487437186,0.2667552875349318
6,3.8500000000000014,-18.79396984924623,0.3261436716950461
7,3.8500000000000014,-18.592964824120603,0.3898189495264543
8,3.8500000000000014,-18.391959798994975,0.4520119302080474
9,3.8500000000000014,-18.190954773869347,0.507656260763609
10,3.8500000000000014,-17.98994974874372,0.551277985703493
11,3.8500000000000014,-17.78894472361809,0.5768209083320162
12,3.8500000000000014,-17.587939698492463,0.5799277454051227
13,3.8500000000000014,-17.386934673366834,0.5759985385779817
14,3.8500000000000014,-17.185929648241206,0.571415188734545
15,3.8500000000000014,-16.984924623115578,0.5650779265599657
16,3.8500000000000014,-16.78391959798995,0.5611115592923628
17,3.8500000000000014,-16.582914572864322,0.5622750143593508
18,3.8500000000000014,-16.381909547738694,0.5649386359007617
19,3.8500000000000014,-16.180904522613066,0.5643699687336178
20,3.8500000000000014,-15.979899497487438,0.5497778691460921
21,3.8500000000000014,-15.77889447236181,0.5227833881098486
22,3.8500000000000014,-15.577889447236181,0.48756560401030846
23,3.8500000000000014,-15.376884422110553,0.4424913988302
24,3.8500000000000014,-15.175879396984925,0.3931092568425258
25,3.8500000000000014,-14.974874371859297,0.34922569646865415
26,3.8500000000000014,-14.773869346733669,0.32075416516250194
27,3.8500000000000014,-14.57286432160804,0.3099777008896574
28,3.8500000000000014,-14.371859296482413,0.3171462621285092
29,3.8500000000000014,-14.170854271356784,0.33430754560335213
30,3.8500000000000014,-13.969849246231156,0.3470316782398981
31,3.8500000000000014,-13.768844221105528,0.3464769502951258
32,3.8500000000000014,-13.5678391959799,0.3301343314201465
33,3.8500000000000014,-13.366834170854272,0.2981440327982168
34,3.8500000000000014,-13.165829145728644,0.2579267166559761
35,3.8500000000000014,-12.964824120603016,0.21900350451675954
36,3.8500000000000014,-12.763819095477388,0.19154476705358905
37,3.8500000000000014,-12.56281407035176,0.183974726640298
38,3.8500000000000014,-12.361809045226131,0.19780721565070422
39,3.8500000000000014,-12.160804020100503,0.2332145094245886
40,3.8500000000000014,-11.959798994974873,0.2894560672775139
41,3.8500000000000014,-11.758793969849245,0.3634781390737607
42,3.8500000000000014,-11.557788944723617,0.44705003192157605
43,3.8500000000000014,-11.356783919597989,0.5295445025421331
44,3.8500000000000014,-11.15577889447236,0.6007642469192771
45,3.8500000000000014,-10.954773869346733,0.6519460049643053
46,3.8500000000000014,-10.753768844221105,0.6804958106343988
47,3.8500000000000014,-10.552763819095476,0.6914033233362876
48,3.8500000000000014,-10.351758793969848,0.6902082471002049
49,3.8500000000000014,-10.15075376884422,0.678984835486651
50,3.8500000000000014,-9.949748743718592,0.6570654788602721
51,3.8500000000000014,-9.748743718592964,0.6226929007295925
52,3.8500000000000014,-9.547738693467336,0.5786459173565921
53,3.8500000000000014,-9.346733668341708,0.5333161473124147
54,3.8500000000000014,-9.14572864321608,0.49463149305487086
55,3.8500000000000014,-8.944723618090451,0.46516108090487485
56,3.8500000000000014,-8.743718592964823,0.44017326429471865
57,3.8500000000000014,-8.542713567839195,0.41334222391328734
58,3.8500000000000014,-8.341708542713567,0.38334249754676947
59,3.8500000000000014,-8.140703517587939,0.3562410846445349
60,3.8500000000000014,-7.939698492462311,0.3405510957707706
61,3.8500000000000014,-7.738693467336683,0.3389072030825603
62,3.8500000000000014,-7.537688442211055,0.3439789999281952
63,3.8500000000000014,-7.3366834170854265,0.34398741392171667
64,3.8500000000000014,-7.135678391959798,0.3338938131849212
65,3.8500000000000014,-6.93467336683417,0.3220790198810897
66,3.8500000000000014,-6.733668341708542,0.32654539207550287
67,3.8500000000000014,-6.532663316582914,0.36341801470105206
68,3.8500000000000014,-6.331658291457286,0.4363760445316043
69,3.8500000000000014,-6.130653266331658,0.5339422479852705
70,3.8500000000000014,-5.92964824120603,0.6345893023606679
71,3.8500000000000014,-5.7286432160804015,0.716192425633713
72,3.8500000000000014,-5.527638190954773,0.764573206163567
73,3.8500000000000014,-5.326633165829145,0.7764423549331773
74,3.8500000000000014,-5.125628140703517,0.7570682120674762
75,3.8500000000000014,-4.924623115577889,0.7164300021129161
76,3.8500000000000014,-4.723618090452261,0.6653691230971835
77,3.8500000000000014,-4.522613065326633,0.6125351788894091
78,3.8500000000000014,-4.321608040201005,0.5637752108673899
79,3.8500000000000014,-4.1206030150753765,0.5226212613495986
80,3.8500000000000014,-3.9195979899497466,0.49051775420613564
81,3.8500000000000014,-3.7185929648241185,0.46803928000207606
82,3.8500000000000014,-3.5175879396984904,0.4555227707917476
83,3.8500000000000014,-3.3165829145728623,0.4530902165864127
84,3.8500000000000014,-3.115577889447234,0.4618243128556131
85,3.8500000000000014,-2.914572864321606,0.48330574991921194
86,3.8500000000000014,-2.713567839195978,0.5200275390396657
87,3.8500000000000014,-2.5125628140703498,0.5776071320398196
88,3.8500000000000014,-2.3115577889447216,0.6563890037811978
89,3.8500000000000014,-2.1105527638190935,0.7381878976334397
90,3.8500000000000014,-1.9095477386934654,0.7936523562996392
91,3.8500000000000014,-1.7085427135678373,0.8060477599781702
92,3.8500000000000014,-1.5075376884422091,0.7819531654108289
93,3.8500000000000014,-1.306532663316581,0.7413092655757395
94,3.8500000000000014,-1.105527638190953,0.7034275394785261
95,3.8500000000000014,-0.9045226130653248,0.680967643443506
96,3.8500000000000014,-0.7035175879396967,0.6806414943655636
97,3.8500000000000014,-0.5025125628140685,0.7047101162306976
98,3.8500000000000014,-0.3015075376884404,0.7485138073752569
99,3.8500000000000014,-0.10050251256281229,0.793938375840591
100,3.8500000000000014,0.10050251256281584,0.8145867328541392
101,3.8500000000000014,0.30150753768844396,0.8093055956419886
102,3.8500000000000014,0.5025125628140721,0.8236304042322765
103,3.8500000000000014,0.7035175879397002,0.9121490641086973
104,3.8500000000000014,0.9045226130653283,0.9509780419510379
105,3.8500000000000014,1.1055276381909565,0.5282327866964724
106,3.8500000000000014,1.3065326633165846,0.1994344232907492
107,3.8500000000000014,1.5075376884422127,0.10034106228392974
108,3.8500000000000014,1.7085427135678408,0.057470100850265375
109,3.8500000000000014,1.909547738693469,0.031442739096961575
110,3.8500000000000014,2.110552763819097,0.007132271571149586
111,3.8500000000000014,2.311557788944725,0.025866815821447127
112,3.8500000000000014,2.5125628140703533,0.11426488818551409
113,3.8500000000000014,2.7135678391959814,0.08810161552490363
114,3.8500000000000014,2.9145728643216096,0.21866719801675716
115,3.8500000000000014,3.1155778894472377,0.29060389545628856
116,3.8500000000000014,3.316582914572866,0.3650875276174898
117,3.8500000000000014,3.517587939698494,0.39619323574937443
118,3.8500000000000014,3.718592964824122,0.49730979168220835
119,3.8500000000000014,3.91959798994975,0.42389460039352006
120,3.8500000000000014,4.120603015075378,0.4994909356018627
121,3.8500000000000014,4.321608040201006,0.4899312765385206
122,3.8500000000000014,4.5226130653266345,0.4053779220764686
123,3.8500000000000014,4.723618090452263,0.45698349782309666
124,3.8500000000000014,4.924623115577891,0.4005865497570243
125,3.8500000000000014,5.125628140703519,0.3756123049227738
126,3.8500000000000014,5.326633165829147,0.3699156748575359
127,3.8500000000000014,5.527638190954775,0.24307628662207045
128,3.8500000000000014,5.728643216080403,0.3662943142449257
129,3.8500000000000014,5.929648241206031,0.3527882723593008
130,3.8500000000000014,6.1306532663316595,0.12937851491004632
131,3.8500000000000014,6.331658291457288,0.18482320018939644
132,3.8500000000000014,6.532663316582916,0.3918819665942737
133,3.8500000000000014,6.733668341708544,0.3018948016621673
134,3.8500000000000014,6.934673366834172,0.05532199447245781
135,3.8500000000000014,7.1356783919598,0.06595587958490633
136,3.8500000000000014,7.336683417085428,0.28216870988485615
137,3.8500000000000014,7.537688442211056,0.407232114920461
138,3.8500000000000014,7.7386934673366845,0.28019214891801736
139,3.8500000000000014,7.939698492462313,0.0946464082820387
140,3.8500000000000014,8.14070351758794,0.003406343080341268
141,3.8500000000000014,8.341708542713569,0.09506551034963161
142,3.8500000000000014,8.542713567839197,0.209927065867128
143,3.8500000000000014,8.743718592964825,0.33796552892388104
144,3.8500000000000014,8.944723618090453,0.2821985754123964
145,3.8500000000000014,9.145728643216081,0.1085281995637715
146,3.8500000000000014,9.34673366834171,0.034287033227974044
147,3.8500000000000014,9.547738693467338,0.009814607615839391
148,3.8500000000000014,9.748743718592966,0.06294560468066202
149,3.8500000000000014,9.949748743718594,0.18975807298475414
150,3.8500000000000014,10.150753768844222,0.1945308300476099
151,3.8500000000000014,10.35175879396985,0.12921938923232934
152,3.8500000000000014,10.552763819095478,0.11751250011651423
153,3.8500000000000014,10.753768844221106,0.17348094758752
154,3.8500000000000014,10.954773869346734,0.16115818490161668
155,3.8500000000000014,11.155778894472363,0.10768193366486738
156,3.8500000000000014,11.35678391959799,0.10446553320295218
157,3.8500000000000014,11.557788944723619,0.11035032941639017
158,3.8500000000000014,11.758793969849247,0.06116713599844662
159,3.8500000000000014,11.959798994974875,0.06060280015308681
160,3.8500000000000014,12.160804020100507,0.1433303320685717
161,3.8500000000000014,12.361809045226131,0.25461464161702346
162,3.8500000000000014,12.562814070351763,0.4204513755923689
163,3.8500000000000014,12.763819095477388,0.5038057711210909
164,3.8500000000000014,12.96482412060302,0.3736199846026551
165,3.8500000000000014,13.165829145728644,0.20009873043246876
166,3.8500000000000014,13.366834170854275,0.10620629514744126
167,3.8500000000000014,13.5678391959799,0.07004300317171863
168,3.8500000000000014,13.768844221105532,0.019640228492406712
169,3.8500000000000014,13.969849246231156,0.020567576318468245
170,3.8500000000000014,14.170854271356788,0.10686828400218965
171,3.8500000000000014,14.371859296482413,0.26741742685951514
172,3.8500000000000014,14.572864321608044,0.3789658380728474
173,3.8500000000000014,14.773869346733669,0.36202020631738924
174,3.8500000000000014,14.9748743718593,0.37771912278962294
175,3.8500000000000014,15.175879396984925,0.45478825420483154
176,3.8500000000000014,15.376884422110557,0.465260196933112
177,3.8500000000000014,15.577889447236181,0.426304619208805
178,3.8500000000000014,15.778894472361813,0.26069347270407506
179,3.8500000000000014,15.979899497487438,0.06581583622245829
180,3.8500000000000014,16.18090452261307,0.01616979460837362
181,3.8500000000000014,16.381909547738694,0.07666722571569119
182,3.8500000000000014,16.582914572864325,0.11201866202058003
183,3.8500000000000014,16.78391959798995,0.14936460502564528
184,3.8500000000000014,16.98492462311558,0.15335733469854237
185,3.8500000000000014,17.185929648241206,0.13594782688172946
186,3.8500000000000014,17.386934673366838,0.15997628890733967
187,3.8500000000000014,17.587939698492463,0.3277875103024834
188,3.8500000000000014,17.788944723618094,0.544553489550948
189,3.8500000000000014,17.98994974874372,0.5740276464977333
190,3.8500000000000014,18.19095477386935,0.5046702136187833
191,3.8500000000000014,18.391959798994975,0.4113357012695073
192,3.8500000000000014,18.592964824120607,0.30902643340682706
193,3.8500000000000014,18.79396984924623,0.21119500160519697
194,3.8500000000000014,18.994974874371863,0.10366248161555662
195,3.8500000000000014,19.195979899497488,0.015956820196567183
196,3.8500000000000014,19.39698492462312,0.05002231441588662
197,3.8500000000000014,19.597989949748744,0.10810615931945312
198,3.8500000000000014,19.798994974874375,0.09746484271337169
199,3.8500000000000014,20.0,0.04845341188566617
