,t,height,fid
0,3.100000000000001,-20.0,0.153271713014076
1,3.100000000000001,-19.798994974874372,0.18098111642701886
2,3.100000000000001,-19.597989949748744,0.21125862103740145
3,3.100000000000001,-19.396984924623116,0.24190540563879726
4,3.100000000000001,-19.195979899497488,0.2773427182402024
5,3.100000000000001,-18.99497487437186,0.3192641925826422
6,3.100000000000001,-18.79396984924623,0.3626370236146897
7,3.100000000000001,-18.592964824120603,0.40483429101652335
8,3.100000000000001,-18.391959798994975,0.4454255249651631
9,3.100000000000001,-18.190954773869347,0.4874822059538644
10,3.100000000000001,-17.98994974874372,0.5317663678299359
11,3.100000000000001,-17.78894472361809,0.572755387673753
12,3.100000000000001,-17.587939698492463,0.6086134716190601
13,3.100000000000001,-17.386934673366834,0.6379448070401
14,3.100000000000001,-17.185929648241206,0.6539496125719686
15,3.100000000000001,-16.984924623115578,0.6527037981703561
16,3.100000000000001,-16.78391959798995,0.6374641666579284
17,3.100000000000001,-16.582914572864322,0.6160176999277034
18,3.100000000000001,-16.381909547738694,0.5904852475645964
19,3.100000000000001,-16.180904522613066,0.5626157060401177
20,3.100000000000001,-15.979899497487438,0.536400046091432
21,3.100000000000001,-15.77889447236181,0.5134447974631905
22,3.100000000000001,-15.577889447236181,0.49533156442705706
23,3.100000000000001,-15.376884422110553,0.48462878939944753
24,3.100000000000001,-15.175879396984925,0.4779508312542885
25,3.100000000000001,-14.974874371859297,0.4685467668622367
26,3.100000000000001,-14.773869346733669,0.45357048724154053
27,3.100000000000001,-14.57286432160804,0.4322677594216795
28,3.100000000000001,-14.371859296482413,0.405657491301023
29,3.100000000000001,-14.170854271356784,0.3754667072584519
30,3.100000000000001,-13.969849246231156,0.3430619248563667
31,3.100000000000001,-13.768844221105528,0.3137748715816188
32,3.100000000000001,-13.5678391959799,0.29316977413084244
33,3.100000000000001,-13.366834170854272,0.28345502680299467
34,3.100000000000001,-13.165829145728644,0.2837099194512187
35,3.100000000000001,-12.964824120603016,0.2915583743449045
36,3.100000000000001,-12.763819095477388,0.30305225558482957
37,3.100000000000001,-12.56281407035176,0.31138203374045803
38,3.100000000000001,-12.361809045226131,0.3110532320467204
39,3.100000000000001,-12.160804020100503,0.3004750436929866
40,3.100000000000001,-11.959798994974873,0.281026833538608
41,3.100000000000001,-11.758793969849245,0.25677322254726953
42,3.100000000000001,-11.557788944723617,0.23466930793030158
43,3.100000000000001,-11.356783919597989,0.22132620736030298
44,3.100000000000001,-11.15577889447236,0.2217387747263053
45,3.100000000000001,-10.954773869346733,0.2397158413800618
46,3.100000000000001,-10.753768844221105,0.27645715502240836
47,3.100000000000001,-10.552763819095476,0.33072288329446103
48,3.100000000000001,-10.351758793969848,0.39864328090577805
49,3.100000000000001,-10.15075376884422,0.4737768399344554
50,3.100000000000001,-9.949748743718592,0.5489242924993801
51,3.100000000000001,-9.748743718592964,0.6169438088813758
52,3.100000000000001,-9.547738693467336,0.6720135226924585
53,3.100000000000001,-9.346733668341708,0.7102466423004741
54,3.100000000000001,-9.14572864321608,0.7307189639913808
55,3.100000000000001,-8.944723618090451,0.7352275208029777
56,3.100000000000001,-8.743718592964823,0.7265918164027493
57,3.100000000000001,-8.542713567839195,0.7070424854195114
58,3.100000000000001,-8.341708542713567,0.6785243636069989
59,3.100000000000001,-8.140703517587939,0.6436260267604386
60,3.100000000000001,-7.939698492462311,0.6055982624228989
61,3.100000000000001,-7.738693467336683,0.5677743614850448
62,3.100000000000001,-7.537688442211055,0.5325376774620936
63,3.100000000000001,-7.3366834170854265,0.5004085111370428
64,3.100000000000001,-7.135678391959798,0.47084887140021325
65,3.100000000000001,-6.93467336683417,0.44396397282141387
66,3.100000000000001,-6.733668341708542,0.42098239571796453
67,3.100000000000001,-6.532663316582914,0.4031255731297591
68,3.100000000000001,-6.331658291457286,0.39007185934671695
69,3.100000000000001,-6.130653266331658,0.38022203848656594
70,3.100000000000001,-5.92964824120603,0.3727642088570844
71,3.100000000000001,-5.7286432160804015,0.3690396780172434
72,3.100000000000001,-5.527638190954773,0.37113490729069337
73,3.100000000000001,-5.326633165829145,0.37914667434889704
74,3.100000000000001,-5.125628140703517,0.3908491733390516
75,3.100000000000001,-4.924623115577889,0.4051386555242083
76,3.100000000000001,-4.723618090452261,0.4258273479681303
77,3.100000000000001,-4.522613065326633,0.4609145925841361
78,3.100000000000001,-4.321608040201005,0.5165702200804374
79,3.100000000000001,-4.1206030150753765,0.5905736310826423
80,3.100000000000001,-3.9195979899497466,0.6709025293146257
81,3.100000000000001,-3.7185929648241185,0.7407578972420972
82,3.100000000000001,-3.5175879396984904,0.7862122888005301
83,3.100000000000001,-3.3165829145728623,0.8014105274151966
84,3.100000000000001,-3.115577889447234,0.7890506605630647
85,3.100000000000001,-2.914572864321606,0.757295852080168
86,3.100000000000001,-2.713567839195978,0.7158149251620932
87,3.100000000000001,-2.5125628140703498,0.6729509451014976
88,3.100000000000001,-2.3115577889447216,0.6346020758821554
89,3.100000000000001,-2.1105527638190935,0.6043584600314447
90,3.100000000000001,-1.9095477386934654,0.584216052535523
91,3.100000000000001,-1.7085427135678373,0.5753476294729363
92,3.100000000000001,-1.5075376884422091,0.5786799891440243
93,3.100000000000001,-1.306532663316581,0.5951486663092068
94,3.100000000000001,-1.105527638190953,0.6254203151329963
95,3.100000000000001,-0.9045226130653248,0.6686242778932272
96,3.100000000000001,-0.7035175879396967,0.719746568845294
97,3.100000000000001,-0.5025125628140685,0.7675405408304602
98,3.100000000000001,-0.3015075376884404,0.7984895190540267
99,3.100000000000001,-0.10050251256281229,0.8082489225376404
100,3.100000000000001,0.10050251256281584,0.8094384840787283
101,3.100000000000001,0.30150753768844396,0.8273565262805453
102,3.100000000000001,0.5025125628140721,0.888338743364512
103,3.100000000000001,0.7035175879397002,0.9811294826446086
104,3.100000000000001,0.9045226130653283,0.9423445822067307
105,3.100000000000001,1.1055276381909565,0.6017652187183183
106,3.100000000000001,1.3065326633165846,0.30053673456996666
107,3.100000000000001,1.5075376884422127,0.1710892259066412
108,3.100000000000001,1.7085427135678408,0.10700093410431946
109,3.100000000000001,1.909547738693469,0.07087377377252167
110,3.100000000000001,2.110552763819097,0.049501161877234544
111,3.100000000000001,2.311557788944725,0.03919955624911716
112,3.100000000000001,2.5125628140703533,0.025704354477263953
113,3.100000000000001,2.7135678391959814,0.011199111787404754
114,3.100000000000001,2.9145728643216096,0.05018336001354172
115,3.100000000000001,3.1155778894472377,0.0047106622057180554
116,3.100000000000001,3.316582914572866,0.10671168719506682
117,3.100000000000001,3.517587939698494,0.05183263168358514
118,3.100000000000001,3.718592964824122,0.20862106862739482
119,3.100000000000001,3.91959798994975,0.16302135305299553
120,3.100000000000001,4.120603015075378,0.25255813754850953
121,3.100000000000001,4.321608040201006,0.35609089340668676
122,3.100000000000001,4.5226130653266345,0.2941607051193628
123,3.100000000000001,4.723618090452263,0.3650495375798249
124,3.100000000000001,4.924623115577891,0.4549024046409231
125,3.100000000000001,5.125628140703519,0.4126366557534948
126,3.100000000000001,5.326633165829147,0.37996221621078285
127,3.100000000000001,5.527638190954775,0.43712037642974644
128,3.100000000000001,5.728643216080403,0.45699292820787
129,3.100000000000001,5.929648241206031,0.4434177994099769
130,3.100000000000001,6.1306532663316595,0.38161099483140576
131,3.100000000000001,6.331658291457288,0.3505124694410096
132,3.100000000000001,6.532663316582916,0.4235647163477538
133,3.100000000000001,6.733668341708544,0.4068347205555597
134,3.100000000000001,6.934673366834172,0.30443419420849177
135,3.100000000000001,7.1356783919598,0.3329760610754437
136,3.100000000000001,7.336683417085428,0.38716220815599767
137,3.100000000000001,7.537688442211056,0.3028143892379731
138,3.100000000000001,7.7386934673366845,0.18521723154887385
139,3.100000000000001,7.939698492462313,0.23053460467538772
140,3.100000000000001,8.14070351758794,0.3755143561966743
141,3.100000000000001,8.341708542713569,0.3921626159612558
142,3.100000000000001,8.542713567839197,0.23475523035969492
143,3.100000000000001,8.743718592964825,0.08555105871280795
144,3.100000000000001,8.944723618090453,0.08186338029160549
145,3.100000000000001,9.145728643216081,0.22273095391567244
146,3.100000000000001,9.34673366834171,0.3612602399231618
147,3.100000000000001,9.547738693467338,0.40509545032774497
148,3.100000000000001,9.748743718592966,0.285850101625322
149,3.100000000000001,9.949748743718594,0.10898159551555545
150,3.100000000000001,10.150753768844222,0.015954737188111162
151,3.100000000000001,10.35175879396985,0.02273608185141529
152,3.100000000000001,10.552763819095478,0.14601975509510132
153,3.100000000000001,10.753768844221106,0.28242286374059766
154,3.100000000000001,10.954773869346734,0.3300670082743319
155,3.100000000000001,11.155778894472363,0.34602963563685646
156,3.100000000000001,11.35678391959799,0.34069536354388946
157,3.100000000000001,11.557788944723619,0.23640530966314857
158,3.100000000000001,11.758793969849247,0.0894454119199514
159,3.100000000000001,11.959798994974875,0.01074525897307143
160,3.100000000000001,12.160804020100507,0.000659227522162732
161,3.100000000000001,12.361809045226131,0.016464227101293413
162,3.100000000000001,12.562814070351763,0.0828538793246165
163,3.100000000000001,12.763819095477388,0.19908488640143196
164,3.100000000000001,12.96482412060302,0.29809469062078264
165,3.100000000000001,13.165829145728644,0.28223661167364317
166,3.100000000000001,13.366834170854275,0.18918397506538837
167,3.100000000000001,13.5678391959799,0.12688002535546453
168,3.100000000000001,13.768844221105532,0.10498103709738288
169,3.100000000000001,13.969849246231156,0.11349680332116846
170,3.100000000000001,14.170854271356788,0.11409520972152898
171,3.100000000000001,14.371859296482413,0.08089571319620409
172,3.100000000000001,14.572864321608044,0.05452826978802349
173,3.100000000000001,14.773869346733669,0.06547567237013928
174,3.100000000000001,14.9748743718593,0.10312378753289647
175,3.100000000000001,15.175879396984925,0.1336144282883493
176,3.100000000000001,15.376884422110557,0.11195418062293881
177,3.100000000000001,15.577889447236181,0.059621072237152635
178,3.100000000000001,15.778894472361813,0.06418779981205919
179,3.100000000000001,15.979899497487438,0.12277097219615862
180,3.100000000000001,16.18090452261307,0.1858515118580482
181,3.100000000000001,16.381909547738694,0.23432674520065946
182,3.100000000000001,16.582914572864325,0.29940926934494
183,3.100000000000001,16.78391959798995,0.3614962479395562
184,3.100000000000001,16.98492462311558,0.3392437925133129
185,3.100000000000001,17.185929648241206,0.24909819063716082
186,3.100000000000001,17.386934673366838,0.15220014218914402
187,3.100000000000001,17.587939698492463,0.07768832699827254
188,3.100000000000001,17.788944723618094,0.04424575183730179
189,3.100000000000001,17.98994974874372,0.04101536391317958
190,3.100000000000001,18.19095477386935,0.03261115205338186
191,3.100000000000001,18.391959798994975,0.012486530315933525
192,3.100000000000001,18.592964824120607,0.005488401125534436
193,3.100000000000001,18.79396984924623,0.031709148547621815
194,3.100000000000001,18.994974874371863,0.10395715198316693
195,3.100000000000001,19.195979899497488,0.23313113456472598
196,3.100000000000001,19.39698492462312,0.3565141059481081
197,3.100000000000001,19.597989949748744,0.4005779176796993
198,3.100000000000001,19.798994974874375,0.3692752639811299
199,3.100000000000001,20.0,0.35637324089392214
