,t,height,fid
0,3.2500000000000013,-20.0,0.33112674143186915
1,3.2500000000000013,-19.798994974874372,0.3141054169908543
2,3.2500000000000013,-19.597989949748744,0.2866569226077114
3,3.2500000000000013,-19.396984924623116,0.25204009746699974
4,3.2500000000000013,-19.195979899497488,0.21354538794432207
5,3.2500000000000013,-18.99497487437186,0.1769518534957607
6,3.2500000000000013,-18.79396984924623,0.14437767596722362
7,3.2500000000000013,-18.592964824120603,0.12223773882893094
8,3.2500000000000013,-18.391959798994975,0.1173810344149662
9,3.2500000000000013,-18.190954773869347,0.12825403780282824
10,3.2500000000000013,-17.98994974874372,0.15085708480337515
11,3.2500000000000013,-17.78894472361809,0.1844115059611411
12,3.2500000000000013,-17.587939698492463,0.2278667278041016
13,3.2500000000000013,-17.386934673366834,0.27894212790224265
14,3.2500000000000013,-17.185929648241206,0.3311614380339348
15,3.2500000000000013,-16.984924623115578,0.3817172449241257
16,3.2500000000000013,-16.78391959798995,0.43016859633869553
17,3.2500000000000013,-16.582914572864322,0.4723926378556108
18,3.2500000000000013,-16.381909547738694,0.5090713161328816
19,3.2500000000000013,-16.180904522613066,0.5449538436575713
20,3.2500000000000013,-15.979899497487438,0.5823321556123631
21,3.2500000000000013,-15.77889447236181,0.615623152080077
22,3.2500000000000013,-15.577889447236181,0.6407201824196005
23,3.2500000000000013,-15.376884422110553,0.6556018143676798
24,3.2500000000000013,-15.175879396984925,0.6573896041888632
25,3.2500000000000013,-14.974874371859297,0.6471892414251201
26,3.2500000000000013,-14.773869346733669,0.6277168446702014
27,3.2500000000000013,-14.57286432160804,0.5986243227418215
28,3.2500000000000013,-14.371859296482413,0.5640681253602847
29,3.2500000000000013,-14.170854271356784,0.5317285661693135
30,3.2500000000000013,-13.969849246231156,0.5060575022549855
31,3.2500000000000013,-13.768844221105528,0.4879549544578673
32,3.2500000000000013,-13.5678391959799,0.4736267291636218
33,3.2500000000000013,-13.366834170854272,0.4593626922674077
34,3.2500000000000013,-13.165829145728644,0.44308944872240397
35,3.2500000000000013,-12.964824120603016,0.4213870022870135
36,3.2500000000000013,-12.763819095477388,0.3931231496485222
37,3.2500000000000013,-12.56281407035176,0.361314593741177
38,3.2500000000000013,-12.361809045226131,0.3319314934897957
39,3.2500000000000013,-12.160804020100503,0.309196863440376
40,3.2500000000000013,-11.959798994974873,0.2962116882198279
41,3.2500000000000013,-11.758793969849245,0.2944506331748693
42,3.2500000000000013,-11.557788944723617,0.3012165222358247
43,3.2500000000000013,-11.356783919597989,0.31044980573456527
44,3.2500000000000013,-11.15577889447236,0.3159303772548376
45,3.2500000000000013,-10.954773869346733,0.3120366165660045
46,3.2500000000000013,-10.753768844221105,0.29682864359758143
47,3.2500000000000013,-10.552763819095476,0.2742248512115362
48,3.2500000000000013,-10.351758793969848,0.25200520289230754
49,3.2500000000000013,-10.15075376884422,0.2398431752588174
50,3.2500000000000013,-9.949748743718592,0.24580176740141227
51,3.2500000000000013,-9.748743718592964,0.274068861690512
52,3.2500000000000013,-9.547738693467336,0.32461066605671784
53,3.2500000000000013,-9.346733668341708,0.3931362418386459
54,3.2500000000000013,-9.14572864321608,0.47231361315310655
55,3.2500000000000013,-8.944723618090451,0.5532029235633643
56,3.2500000000000013,-8.743718592964823,0.6271656037568478
57,3.2500000000000013,-8.542713567839195,0.6867735627974909
58,3.2500000000000013,-8.341708542713567,0.7267572473318693
59,3.2500000000000013,-8.140703517587939,0.7453372567821389
60,3.2500000000000013,-7.939698492462311,0.7445388056766288
61,3.2500000000000013,-7.738693467336683,0.72837413920635
62,3.2500000000000013,-7.537688442211055,0.7008436303070799
63,3.2500000000000013,-7.3366834170854265,0.6653744052114713
64,3.2500000000000013,-7.135678391959798,0.6251757151056939
65,3.2500000000000013,-6.93467336683417,0.583795624234369
66,3.2500000000000013,-6.733668341708542,0.5445883313571704
67,3.2500000000000013,-6.532663316582914,0.509267640307429
68,3.2500000000000013,-6.331658291457286,0.47787320997944666
69,3.2500000000000013,-6.130653266331658,0.45032541523752323
70,3.2500000000000013,-5.92964824120603,0.42753973401618606
71,3.2500000000000013,-5.7286432160804015,0.4104363878186925
72,3.2500000000000013,-5.527638190954773,0.39847115031629976
73,3.2500000000000013,-5.326633165829145,0.39040100748040374
74,3.2500000000000013,-5.125628140703517,0.386524148174319
75,3.2500000000000013,-4.924623115577889,0.3887125021950496
76,3.2500000000000013,-4.723618090452261,0.3976631142009624
77,3.2500000000000013,-4.522613065326633,0.4118632311437329
78,3.2500000000000013,-4.321608040201005,0.4312463502039259
79,3.2500000000000013,-4.1206030150753765,0.46115619255606655
80,3.2500000000000013,-3.9195979899497466,0.5097948623576987
81,3.2500000000000013,-3.7185929648241185,0.5796212688276224
82,3.2500000000000013,-3.5175879396984904,0.6611527927184798
83,3.2500000000000013,-3.3165829145728623,0.7358999893936834
84,3.2500000000000013,-3.115577889447234,0.7861021228739732
85,3.2500000000000013,-2.914572864321606,0.8032282047779259
86,3.2500000000000013,-2.713567839195978,0.7898694684123772
87,3.2500000000000013,-2.5125628140703498,0.7558529028234059
88,3.2500000000000013,-2.3115577889447216,0.7127787628627994
89,3.2500000000000013,-2.1105527638190935,0.6702763335177324
90,3.2500000000000013,-1.9095477386934654,0.6347903547032767
91,3.2500000000000013,-1.7085427135678373,0.6100490575401046
92,3.2500000000000013,-1.5075376884422091,0.5981281153676524
93,3.2500000000000013,-1.306532663316581,0.6003897463284984
94,3.2500000000000013,-1.105527638190953,0.6179176978812505
95,3.2500000000000013,-0.9045226130653248,0.6510592726504901
96,3.2500000000000013,-0.7035175879396967,0.6974109268788591
97,3.2500000000000013,-0.5025125628140685,0.7483849261235189
98,3.2500000000000013,-0.3015075376884404,0.7888197497886413
99,3.2500000000000013,-0.10050251256281229,0.8068692136505926
100,3.2500000000000013,0.10050251256281584,0.8085855098461352
101,3.2500000000000013,0.30150753768844396,0.8197320227578722
102,3.2500000000000013,0.5025125628140721,0.8732566801743342
103,3.2500000000000013,0.7035175879397002,0.9704623112323266
104,3.2500000000000013,0.9045226130653283,0.9466397640676669
105,3.2500000000000013,1.1055276381909565,0.5867939771020251
106,3.2500000000000013,1.3065326633165846,0.2769623291930625
107,3.2500000000000013,1.5075376884422127,0.153442009841684
108,3.2500000000000013,1.7085427135678408,0.09391838860560957
109,3.2500000000000013,1.909547738693469,0.06060479017154986
110,3.2500000000000013,2.110552763819097,0.04098575345544312
111,3.2500000000000013,2.311557788944725,0.0358421468555197
112,3.2500000000000013,2.5125628140703533,0.02775884645376094
113,3.2500000000000013,2.7135678391959814,0.0022648860510651055
114,3.2500000000000013,2.9145728643216096,0.06979643863058926
115,3.2500000000000013,3.1155778894472377,0.02886016283978812
116,3.2500000000000013,3.316582914572866,0.1481347656828338
117,3.2500000000000013,3.517587939698494,0.10853558968180471
118,3.2500000000000013,3.718592964824122,0.2812812807552999
119,3.2500000000000013,3.91959798994975,0.22402933620782617
120,3.2500000000000013,4.120603015075378,0.3356532053506569
121,3.2500000000000013,4.321608040201006,0.4119662683975541
122,3.2500000000000013,4.5226130653266345,0.3491293068754939
123,3.2500000000000013,4.723618090452263,0.4176956854752843
124,3.2500000000000013,4.924623115577891,0.4837050308371924
125,3.2500000000000013,5.125628140703519,0.42692106240895117
126,3.2500000000000013,5.326633165829147,0.4057422023215524
127,3.2500000000000013,5.527638190954775,0.4245837225427496
128,3.2500000000000013,5.728643216080403,0.46617964707279164
129,3.2500000000000013,5.929648241206031,0.4139601495724646
130,3.2500000000000013,6.1306532663316595,0.33326918521859533
131,3.2500000000000013,6.331658291457288,0.39065645368893337
132,3.2500000000000013,6.532663316582916,0.384567967776993
133,3.2500000000000013,6.733668341708544,0.27915381883391915
134,3.2500000000000013,6.934673366834172,0.3259115788436857
135,3.2500000000000013,7.1356783919598,0.39707115562512946
136,3.2500000000000013,7.336683417085428,0.28708101291079474
137,3.2500000000000013,7.537688442211056,0.14354161065791304
138,3.2500000000000013,7.7386934673366845,0.1879717419748296
139,3.2500000000000013,7.939698492462313,0.35992668544816625
140,3.2500000000000013,8.14070351758794,0.39489583836927905
141,3.2500000000000013,8.341708542713569,0.2346498851499843
142,3.2500000000000013,8.542713567839197,0.06272105351699149
143,3.2500000000000013,8.743718592964825,0.059990890464613485
144,3.2500000000000013,8.944723618090453,0.19665362272671993
145,3.2500000000000013,9.145728643216081,0.35873797235743343
146,3.2500000000000013,9.34673366834171,0.41057797849194816
147,3.2500000000000013,9.547738693467338,0.28242676721206333
148,3.2500000000000013,9.748743718592966,0.12979834292842066
149,3.2500000000000013,9.949748743718594,0.019704416828165264
150,3.2500000000000013,10.150753768844222,0.01849571248159366
151,3.2500000000000013,10.35175879396985,0.12697504771685603
152,3.2500000000000013,10.552763819095478,0.21529590456306527
153,3.2500000000000013,10.753768844221106,0.2881786721221116
154,3.2500000000000013,10.954773869346734,0.36775407420204603
155,3.2500000000000013,11.155778894472363,0.3325366755283655
156,3.2500000000000013,11.35678391959799,0.18604047229833146
157,3.2500000000000013,11.557788944723619,0.06152955320967524
158,3.2500000000000013,11.758793969849247,0.019675827973696762
159,3.2500000000000013,11.959798994974875,0.00506038861402716
160,3.2500000000000013,12.160804020100507,0.024978903889815215
161,3.2500000000000013,12.361809045226131,0.11415066235023574
162,3.2500000000000013,12.562814070351763,0.22014033229997587
163,3.2500000000000013,12.763819095477388,0.22811094125819545
164,3.2500000000000013,12.96482412060302,0.16988098640489518
165,3.2500000000000013,13.165829145728644,0.11833336543612587
166,3.2500000000000013,13.366834170854275,0.10846890476820842
167,3.2500000000000013,13.5678391959799,0.15291697046208777
168,3.2500000000000013,13.768844221105532,0.17057256195437573
169,3.2500000000000013,13.969849246231156,0.12561928246016135
170,3.2500000000000013,14.170854271356788,0.08511259931569973
171,3.2500000000000013,14.371859296482413,0.08029658154499898
172,3.2500000000000013,14.572864321608044,0.1019966540790919
173,3.2500000000000013,14.773869346733669,0.10523230581694704
174,3.2500000000000013,14.9748743718593,0.06376970440258921
175,3.2500000000000013,15.175879396984925,0.039928785935580614
176,3.2500000000000013,15.376884422110557,0.0663596049720398
177,3.2500000000000013,15.577889447236181,0.11891459332770078
178,3.2500000000000013,15.778894472361813,0.17685060464398783
179,3.2500000000000013,15.979899497487438,0.2920820884039176
180,3.2500000000000013,16.18090452261307,0.42881523815093214
181,3.2500000000000013,16.381909547738694,0.4643758692619919
182,3.2500000000000013,16.582914572864325,0.39181566776523236
183,3.2500000000000013,16.78391959798995,0.26428829956868855
184,3.2500000000000013,16.98492462311558,0.15137361563036505
185,3.2500000000000013,17.185929648241206,0.11025224452471881
186,3.2500000000000013,17.386934673366838,0.09034507088909291
187,3.2500000000000013,17.587939698492463,0.050912230347435944
188,3.2500000000000013,17.788944723618094,0.013381589171291333
189,3.2500000000000013,17.98994974874372,0.0033587486298339558
190,3.2500000000000013,18.19095477386935,0.02786547639982123
191,3.2500000000000013,18.391959798994975,0.10884039662571701
192,3.2500000000000013,18.592964824120607,0.21902172515242255
193,3.2500000000000013,18.79396984924623,0.29080759850358046
194,3.2500000000000013,18.994974874371863,0.28894437467478795
195,3.2500000000000013,19.195979899497488,0.2862212412789363
196,3.2500000000000013,19.39698492462312,0.33472853221988835
197,3.2500000000000013,19.597989949748744,0.37422628110586625
198,3.2500000000000013,19.798994974874375,0.41612039167917253
199,3.2500000000000013,20.0,0.4802336704574807
