,t,height,fid
0,3.1500000000000012,-20.0,0.11442688642258617
1,3.1500000000000012,-19.798994974874372,0.11134273598762788
2,3.1500000000000012,-19.597989949748744,0.11963785110108131
3,3.1500000000000012,-19.396984924623116,0.1404083939763605
4,3.1500000000000012,-19.195979899497488,0.17001881164633972
5,3.1500000000000012,-18.99497487437186,0.2021806709251664
6,3.1500000000000012,-18.79396984924623,0.23716309783195993
7,3.1500000000000012,-18.592964824120603,0.277805475455415
8,3.1500000000000012,-18.391959798994975,0.3215263662125449
9,3.1500000000000012,-18.190954773869347,0.3651016748138168
10,3.1500000000000012,-17.98994974874372,0.4054863268379056
11,3.1500000000000012,-17.78894472361809,0.4448257833560063
12,3.1500000000000012,-17.587939698492463,0.48600234400554565
13,3.1500000000000012,-17.386934673366834,0.526090942628164
14,3.1500000000000012,-17.185929648241206,0.5652383847983515
15,3.1500000000000012,-16.984924623115578,0.603902956531348
16,3.1500000000000012,-16.78391959798995,0.6361778153143564
17,3.1500000000000012,-16.582914572864322,0.6541599128713329
18,3.1500000000000012,-16.381909547738694,0.6558347862111289
19,3.1500000000000012,-16.180904522613066,0.6460599627510462
20,3.1500000000000012,-15.979899497487438,0.6263487971375868
21,3.1500000000000012,-15.77889447236181,0.599579603422562
22,3.1500000000000012,-15.577889447236181,0.5701436820848966
23,3.1500000000000012,-15.376884422110553,0.5402991790444199
24,3.1500000000000012,-15.175879396984925,0.5131316520065505
25,3.1500000000000012,-14.974874371859297,0.49425081706465845
26,3.1500000000000012,-14.773869346733669,0.4827131316580716
27,3.1500000000000012,-14.57286432160804,0.4733583145394381
28,3.1500000000000012,-14.371859296482413,0.46190435845394934
29,3.1500000000000012,-14.170854271356784,0.44524654377502615
30,3.1500000000000012,-13.969849246231156,0.42341577493524557
31,3.1500000000000012,-13.768844221105528,0.39639895588951163
32,3.1500000000000012,-13.5678391959799,0.36466708976474804
33,3.1500000000000012,-13.366834170854272,0.33311933519002024
34,3.1500000000000012,-13.165829145728644,0.3075407074320601
35,3.1500000000000012,-12.964824120603016,0.2917076375298238
36,3.1500000000000012,-12.763819095477388,0.28611997504928693
37,3.1500000000000012,-12.56281407035176,0.2902406792192124
38,3.1500000000000012,-12.361809045226131,0.30060614683479264
39,3.1500000000000012,-12.160804020100503,0.31041651443290325
40,3.1500000000000012,-11.959798994974873,0.31335628086794765
41,3.1500000000000012,-11.758793969849245,0.30627578884061835
42,3.1500000000000012,-11.557788944723617,0.2887856266462565
43,3.1500000000000012,-11.356783919597989,0.2648860238984649
44,3.1500000000000012,-11.15577889447236,0.24208388671013065
45,3.1500000000000012,-10.954773869346733,0.22780293341609006
46,3.1500000000000012,-10.753768844221105,0.22837449623253897
47,3.1500000000000012,-10.552763819095476,0.24785041719396858
48,3.1500000000000012,-10.351758793969848,0.2871432486738031
49,3.1500000000000012,-10.15075376884422,0.34459905787291867
50,3.1500000000000012,-9.949748743718592,0.4154016883608128
51,3.1500000000000012,-9.748743718592964,0.49267864118288085
52,3.1500000000000012,-9.547738693467336,0.568648313074183
53,3.1500000000000012,-9.346733668341708,0.6359620896276318
54,3.1500000000000012,-9.14572864321608,0.6885812702440671
55,3.1500000000000012,-8.944723618090451,0.7227835209724909
56,3.1500000000000012,-8.743718592964823,0.7381809794753611
57,3.1500000000000012,-8.542713567839195,0.73721721471144
58,3.1500000000000012,-8.341708542713567,0.7230920052486652
59,3.1500000000000012,-8.140703517587939,0.6984524592671237
60,3.1500000000000012,-7.939698492462311,0.6657808193392888
61,3.1500000000000012,-7.738693467336683,0.6280251670309711
62,3.1500000000000012,-7.537688442211055,0.5886032648409232
63,3.1500000000000012,-7.3366834170854265,0.5507609370467224
64,3.1500000000000012,-7.135678391959798,0.5162182849804239
65,3.1500000000000012,-6.93467336683417,0.48491067006080296
66,3.1500000000000012,-6.733668341708542,0.45650796591808374
67,3.1500000000000012,-6.532663316582914,0.4317105791446149
68,3.1500000000000012,-6.331658291457286,0.41187382704146913
69,3.1500000000000012,-6.130653266331658,0.39731085661036913
70,3.1500000000000012,-5.92964824120603,0.3867386079386195
71,3.1500000000000012,-5.7286432160804015,0.37900810416202146
72,3.1500000000000012,-5.527638190954773,0.3749864172371786
73,3.1500000000000012,-5.326633165829145,0.37675053434748607
74,3.1500000000000012,-5.125628140703517,0.3847590148989578
75,3.1500000000000012,-4.924623115577889,0.3970679573641398
76,3.1500000000000012,-4.723618090452261,0.4127144410799712
77,3.1500000000000012,-4.522613065326633,0.43574757534740977
78,3.1500000000000012,-4.321608040201005,0.47431732158505446
79,3.1500000000000012,-4.1206030150753765,0.5339752818280717
80,3.1500000000000012,-3.9195979899497466,0.610814533809698
81,3.1500000000000012,-3.7185929648241185,0.6908487122063299
82,3.1500000000000012,-3.5175879396984904,0.7563723169673213
83,3.1500000000000012,-3.3165829145728623,0.7943103470709064
84,3.1500000000000012,-3.115577889447234,0.8009379177507047
85,3.1500000000000012,-2.914572864321606,0.7812074178195303
86,3.1500000000000012,-2.713567839195978,0.7447354085475786
87,3.1500000000000012,-2.5125628140703498,0.7015976856480077
88,3.1500000000000012,-2.3115577889447216,0.6598015398601801
89,3.1500000000000012,-2.1105527638190935,0.6246323307496634
90,3.1500000000000012,-1.9095477386934654,0.5991442914361895
91,3.1500000000000012,-1.7085427135678373,0.5850355164060208
92,3.1500000000000012,-1.5075376884422091,0.5834265158088077
93,3.1500000000000012,-1.306532663316581,0.5953188142745023
94,3.1500000000000012,-1.105527638190953,0.6215299778469402
95,3.1500000000000012,-0.9045226130653248,0.6616783211529763
96,3.1500000000000012,-0.7035175879396967,0.711702954109851
97,3.1500000000000012,-0.5025125628140685,0.7611222950891158
98,3.1500000000000012,-0.3015075376884404,0.7955171503716929
99,3.1500000000000012,-0.10050251256281229,0.8079151883158322
100,3.1500000000000012,0.10050251256281584,0.8090470952395099
101,3.1500000000000012,0.30150753768844396,0.8246387497205485
102,3.1500000000000012,0.5025125628140721,0.8832924170994564
103,3.1500000000000012,0.7035175879397002,0.9778419919727896
104,3.1500000000000012,0.9045226130653283,0.9439124972296912
105,3.1500000000000012,1.1055276381909565,0.5967698503070341
106,3.1500000000000012,1.3065326633165846,0.29249627258268057
107,3.1500000000000012,1.5075376884422127,0.16499644773156888
108,3.1500000000000012,1.7085427135678408,0.10245436503087718
109,3.1500000000000012,1.909547738693469,0.0673223323698251
110,3.1500000000000012,2.110552763819097,0.046641927550315564
111,3.1500000000000012,2.311557788944725,0.037963035255890676
112,3.1500000000000012,2.5125628140703533,0.025675716974750344
113,3.1500000000000012,2.7135678391959814,0.007783966946663453
114,3.1500000000000012,2.9145728643216096,0.056145561933752954
115,3.1500000000000012,3.1155778894472377,0.010339210404185981
116,3.1500000000000012,3.316582914572866,0.11966242560994372
117,3.1500000000000012,3.517587939698494,0.06845845734255897
118,3.1500000000000012,3.718592964824122,0.23281049085254332
119,3.1500000000000012,3.91959798994975,0.182526541202405
120,3.1500000000000012,4.120603015075378,0.2812686433826669
121,3.1500000000000012,4.321608040201006,0.37614830252859166
122,3.1500000000000012,4.5226130653266345,0.313675627413242
123,3.1500000000000012,4.723618090452263,0.3849368504405462
124,3.1500000000000012,4.924623115577891,0.46713904237847376
125,3.1500000000000012,5.125628140703519,0.4187318914204557
126,3.1500000000000012,5.326633165829147,0.3907543538526051
127,3.1500000000000012,5.527638190954775,0.4371913426723691
128,3.1500000000000012,5.728643216080403,0.455878877357407
129,3.1500000000000012,5.929648241206031,0.4443919446347331
130,3.1500000000000012,6.1306532663316595,0.36114778930335273
131,3.1500000000000012,6.331658291457288,0.3573623801396195
132,3.1500000000000012,6.532663316582916,0.4283839828705639
133,3.1500000000000012,6.733668341708544,0.36216817210528446
134,3.1500000000000012,6.934673366834172,0.2920460044151288
135,3.1500000000000012,7.1356783919598,0.3633642004179806
136,3.1500000000000012,7.336683417085428,0.3739319799987022
137,3.1500000000000012,7.537688442211056,0.243421401010418
138,3.1500000000000012,7.7386934673366845,0.16267772993024132
139,3.1500000000000012,7.939698492462313,0.2696395395304564
140,3.1500000000000012,8.14070351758794,0.40425457611015747
141,3.1500000000000012,8.341708542713569,0.3508044381960609
142,3.1500000000000012,8.542713567839197,0.16971064326870944
143,3.1500000000000012,8.743718592964825,0.054181608948977014
144,3.1500000000000012,8.944723618090453,0.11420663224800764
145,3.1500000000000012,9.145728643216081,0.2689498992388877
146,3.1500000000000012,9.34673366834171,0.392902140778459
147,3.1500000000000012,9.547738693467338,0.38403443924151964
148,3.1500000000000012,9.748743718592966,0.21995154427496338
149,3.1500000000000012,9.949748743718594,0.07013836842919824
150,3.1500000000000012,10.150753768844222,0.002990811105550971
151,3.1500000000000012,10.35175879396985,0.0528369858181094
152,3.1500000000000012,10.552763819095478,0.1938034213585873
153,3.1500000000000012,10.753768844221106,0.2847875592006365
154,3.1500000000000012,10.954773869346734,0.3242293059272871
155,3.1500000000000012,11.155778894472363,0.36137846462714174
156,3.1500000000000012,11.35678391959799,0.31634187398528546
157,3.1500000000000012,11.557788944723619,0.16970158787074113
158,3.1500000000000012,11.758793969849247,0.045813027937163804
159,3.1500000000000012,11.959798994974875,0.00412841253802771
160,3.1500000000000012,12.160804020100507,0.0013639308881276875
161,3.1500000000000012,12.361809045226131,0.034446274388248106
162,3.1500000000000012,12.562814070351763,0.1289136702833478
163,3.1500000000000012,12.763819095477388,0.24788399304311715
164,3.1500000000000012,12.96482412060302,0.28051281847967097
165,3.1500000000000012,13.165829145728644,0.20828889931145012
166,3.1500000000000012,13.366834170854275,0.13921683973028967
167,3.1500000000000012,13.5678391959799,0.10810986447851177
168,3.1500000000000012,13.768844221105532,0.11858239951310617
169,3.1500000000000012,13.969849246231156,0.13649831571099086
170,3.1500000000000012,14.170854271356788,0.10983810883487166
171,3.1500000000000012,14.371859296482413,0.06796810844948166
172,3.1500000000000012,14.572864321608044,0.060705118866914466
173,3.1500000000000012,14.773869346733669,0.08852963050062569
174,3.1500000000000012,14.9748743718593,0.12241564482448343
175,3.1500000000000012,15.175879396984925,0.11107085497989425
176,3.1500000000000012,15.376884422110557,0.05984630137605378
177,3.1500000000000012,15.577889447236181,0.05396172442443293
178,3.1500000000000012,15.778894472361813,0.10381535588898708
179,3.1500000000000012,15.979899497487438,0.1667876148893284
180,3.1500000000000012,16.18090452261307,0.22280903321332476
181,3.1500000000000012,16.381909547738694,0.30928145040300054
182,3.1500000000000012,16.582914572864325,0.394875407134682
183,3.1500000000000012,16.78391959798995,0.384040438093282
184,3.1500000000000012,16.98492462311558,0.2924032420266436
185,3.1500000000000012,17.185929648241206,0.1830348421169449
186,3.1500000000000012,17.386934673366838,0.09502584633001875
187,3.1500000000000012,17.587939698492463,0.05978072950656371
188,3.1500000000000012,17.788944723618094,0.05302368310898497
189,3.1500000000000012,17.98994974874372,0.035775006631220456
190,3.1500000000000012,18.19095477386935,0.010805434330833464
191,3.1500000000000012,18.391959798994975,0.004723016220360173
192,3.1500000000000012,18.592964824120607,0.030248904187063788
193,3.1500000000000012,18.79396984924623,0.10632561101442603
194,3.1500000000000012,18.994974874371863,0.23279030726516206
195,3.1500000000000012,19.195979899497488,0.3382449077756646
196,3.1500000000000012,19.39698492462312,0.3638772500489384
197,3.1500000000000012,19.597989949748744,0.33586734824938436
198,3.1500000000000012,19.798994974874375,0.35200786251619665
199,3.1500000000000012,20.0,0.40054192859688403
