,t,height,fid
0,3.9000000000000012,-20.0,0.16702961120174262
1,3.9000000000000012,-19.798994974874372,0.1436219435055857
2,3.9000000000000012,-19.597989949748744,0.13098492753260357
3,3.9000000000000012,-19.396984924623116,0.12747620939832985
4,3.9000000000000012,-19.195979899497488,0.13105956095067428
5,3.9000000000000012,-18.99497487437186,0.1488004672227588
6,3.9000000000000012,-18.79396984924623,0.18585096778151808
7,3.9000000000000012,-18.592964824120603,0.23365790553934576
8,3.9000000000000012,-18.391959798994975,0.29016893405249383
9,3.9000000000000012,-18.190954773869347,0.35213928485480445
10,3.9000000000000012,-17.98994974874372,0.41507897834967006
11,3.9000000000000012,-17.78894472361809,0.4753064822821323
12,3.9000000000000012,-17.587939698492463,0.5296630843543316
13,3.9000000000000012,-17.386934673366834,0.5672944024977103
14,3.9000000000000012,-17.185929648241206,0.5825845918880109
15,3.9000000000000012,-16.984924623115578,0.5873930048013474
16,3.9000000000000012,-16.78391959798995,0.585404298974207
17,3.9000000000000012,-16.582914572864322,0.578404694026579
18,3.9000000000000012,-16.381909547738694,0.571606334057168
19,3.9000000000000012,-16.180904522613066,0.5678711694405055
20,3.9000000000000012,-15.979899497487438,0.5682979337360162
21,3.9000000000000012,-15.77889447236181,0.5666444354602534
22,3.9000000000000012,-15.577889447236181,0.552465062382282
23,3.9000000000000012,-15.376884422110553,0.5283773104522737
24,3.9000000000000012,-15.175879396984925,0.4955129864751368
25,3.9000000000000012,-14.974874371859297,0.4531472989965743
26,3.9000000000000012,-14.773869346733669,0.4055852645414639
27,3.9000000000000012,-14.57286432160804,0.36205696889881
28,3.9000000000000012,-14.371859296482413,0.3303016291941562
29,3.9000000000000012,-14.170854271356784,0.31450098239822427
30,3.9000000000000012,-13.969849246231156,0.31801240765335376
31,3.9000000000000012,-13.768844221105528,0.3324945090490554
32,3.9000000000000012,-13.5678391959799,0.3447378906214486
33,3.9000000000000012,-13.366834170854272,0.3457671948430463
34,3.9000000000000012,-13.165829145728644,0.33004772972865226
35,3.9000000000000012,-12.964824120603016,0.29827919855682306
36,3.9000000000000012,-12.763819095477388,0.25791006427087687
37,3.9000000000000012,-12.56281407035176,0.21870718838730455
38,3.9000000000000012,-12.361809045226131,0.1932331559872927
39,3.9000000000000012,-12.160804020100503,0.18931777548186124
40,3.9000000000000012,-11.959798994974873,0.20880483390425233
41,3.9000000000000012,-11.758793969849245,0.2511376932396986
42,3.9000000000000012,-11.557788944723617,0.3144857929454761
43,3.9000000000000012,-11.356783919597989,0.3939146168034499
44,3.9000000000000012,-11.15577889447236,0.47980981738997475
45,3.9000000000000012,-10.954773869346733,0.5616447597440944
46,3.9000000000000012,-10.753768844221105,0.6283352444136809
47,3.9000000000000012,-10.552763819095476,0.671884005199238
48,3.9000000000000012,-10.351758793969848,0.6925764662383305
49,3.9000000000000012,-10.15075376884422,0.6964684026580389
50,3.9000000000000012,-9.949748743718592,0.6886126171552878
51,3.9000000000000012,-9.748743718592964,0.6709433509515081
52,3.9000000000000012,-9.547738693467336,0.6418422508156391
53,3.9000000000000012,-9.346733668341708,0.6009005800833631
54,3.9000000000000012,-9.14572864321608,0.5541842709978071
55,3.9000000000000012,-8.944723618090451,0.510763325604554
56,3.9000000000000012,-8.743718592964823,0.4766962965687168
57,3.9000000000000012,-8.542713567839195,0.44993762402098497
58,3.9000000000000012,-8.341708542713567,0.42370509380996424
59,3.9000000000000012,-8.140703517587939,0.39421754898771233
60,3.9000000000000012,-7.939698492462311,0.3656106287996858
61,3.9000000000000012,-7.738693467336683,0.3466295377149657
62,3.9000000000000012,-7.537688442211055,0.34201423439795664
63,3.9000000000000012,-7.3366834170854265,0.34631605075435357
64,3.9000000000000012,-7.135678391959798,0.3476361301877157
65,3.9000000000000012,-6.93467336683417,0.3392210753033669
66,3.9000000000000012,-6.733668341708542,0.32819796043951327
67,3.9000000000000012,-6.532663316582914,0.3329481982170035
68,3.9000000000000012,-6.331658291457286,0.37079092490477467
69,3.9000000000000012,-6.130653266331658,0.4457656198577639
70,3.9000000000000012,-5.92964824120603,0.5453771900806513
71,3.9000000000000012,-5.7286432160804015,0.6465628134703213
72,3.9000000000000012,-5.527638190954773,0.7262325722137548
73,3.9000000000000012,-5.326633165829145,0.7703675583942515
74,3.9000000000000012,-5.125628140703517,0.7768085650933085
75,3.9000000000000012,-4.924623115577889,0.7522762550196214
76,3.9000000000000012,-4.723618090452261,0.7078534798622352
77,3.9000000000000012,-4.522613065326633,0.6548015392665423
78,3.9000000000000012,-4.321608040201005,0.6016876002385105
79,3.9000000000000012,-4.1206030150753765,0.5540860030515216
80,3.9000000000000012,-3.9195979899497466,0.5150849528587907
81,3.9000000000000012,-3.7185929648241185,0.48583987038753335
82,3.9000000000000012,-3.5175879396984904,0.46689167017807953
83,3.9000000000000012,-3.3165829145728623,0.45848215584663976
84,3.9000000000000012,-3.115577889447234,0.4610880999922335
85,3.9000000000000012,-2.914572864321606,0.4762271977358548
86,3.9000000000000012,-2.713567839195978,0.5057895328927251
87,3.9000000000000012,-2.5125628140703498,0.5540032209790826
88,3.9000000000000012,-2.3115577889447216,0.6251084618008079
89,3.9000000000000012,-2.1105527638190935,0.7090958577211196
90,3.9000000000000012,-1.9095477386934654,0.7779240280213997
91,3.9000000000000012,-1.7085427135678373,0.8067281205908893
92,3.9000000000000012,-1.5075376884422091,0.7936986103258212
93,3.9000000000000012,-1.306532663316581,0.7565217099704793
94,3.9000000000000012,-1.105527638190953,0.7167476961164712
95,3.9000000000000012,-0.9045226130653248,0.6899770070589561
96,3.9000000000000012,-0.7035175879396967,0.6848694017353888
97,3.9000000000000012,-0.5025125628140685,0.7048654267955066
98,3.9000000000000012,-0.3015075376884404,0.7465150807456327
99,3.9000000000000012,-0.10050251256281229,0.7927481480128599
100,3.9000000000000012,0.10050251256281584,0.8156373009616505
101,3.9000000000000012,0.30150753768844396,0.8100710804246565
102,3.9000000000000012,0.5025125628140721,0.8208470916103676
103,3.9000000000000012,0.7035175879397002,0.9068509466081095
104,3.9000000000000012,0.9045226130653283,0.9504168715715214
105,3.9000000000000012,1.1055276381909565,0.5235187430617808
106,3.9000000000000012,1.3065326633165846,0.19418531904554587
107,3.9000000000000012,1.5075376884422127,0.09710158053415109
108,3.9000000000000012,1.7085427135678408,0.05562913053059864
109,3.9000000000000012,1.909547738693469,0.030262754087638427
110,3.9000000000000012,2.110552763819097,0.005299728978499156
111,3.9000000000000012,2.311557788944725,0.026447933454329713
112,3.9000000000000012,2.5125628140703533,0.12751926103235678
113,3.9000000000000012,2.7135678391959814,0.1068059227708623
114,3.9000000000000012,2.9145728643216096,0.236401280809385
115,3.9000000000000012,3.1155778894472377,0.3159251922345932
116,3.9000000000000012,3.316582914572866,0.38219681648173726
117,3.9000000000000012,3.517587939698494,0.4142528671886807
118,3.9000000000000012,3.718592964824122,0.5054072407399297
119,3.9000000000000012,3.91959798994975,0.4320861297026931
120,3.9000000000000012,4.120603015075378,0.4982180866345901
121,3.9000000000000012,4.321608040201006,0.48757950864057326
122,3.9000000000000012,4.5226130653266345,0.3979429727969468
123,3.9000000000000012,4.723618090452263,0.45535412860436014
124,3.9000000000000012,4.924623115577891,0.3740473208626631
125,3.9000000000000012,5.125628140703519,0.388807852661264
126,3.9000000000000012,5.326633165829147,0.33640057419591635
127,3.9000000000000012,5.527638190954775,0.2303263319537555
128,3.9000000000000012,5.728643216080403,0.38898227700648974
129,3.9000000000000012,5.929648241206031,0.3101624843491412
130,3.9000000000000012,6.1306532663316595,0.10114283692540046
131,3.9000000000000012,6.331658291457288,0.22034299990653997
132,3.9000000000000012,6.532663316582916,0.4013333232200405
133,3.9000000000000012,6.733668341708544,0.25724342886007084
134,3.9000000000000012,6.934673366834172,0.02890927062501561
135,3.9000000000000012,7.1356783919598,0.08820412127796495
136,3.9000000000000012,7.336683417085428,0.3215575923517327
137,3.9000000000000012,7.537688442211056,0.38851726817571275
138,3.9000000000000012,7.7386934673366845,0.2555838453678814
139,3.9000000000000012,7.939698492462313,0.06720548286527141
140,3.9000000000000012,8.14070351758794,0.010214002766405928
141,3.9000000000000012,8.341708542713569,0.09952004243513472
142,3.9000000000000012,8.542713567839197,0.23089673190681545
143,3.9000000000000012,8.743718592964825,0.33834873994527687
144,3.9000000000000012,8.944723618090453,0.2243449976648128
145,3.9000000000000012,9.145728643216081,0.07847864643758787
146,3.9000000000000012,9.34673366834171,0.03313582096142157
147,3.9000000000000012,9.547738693467338,0.01621605012835719
148,3.9000000000000012,9.748743718592966,0.09938392123788857
149,3.9000000000000012,9.949748743718594,0.19661179019214325
150,3.9000000000000012,10.150753768844222,0.163152607518419
151,3.9000000000000012,10.35175879396985,0.1125475340669548
152,3.9000000000000012,10.552763819095478,0.1467221312148393
153,3.9000000000000012,10.753768844221106,0.2028261718938782
154,3.9000000000000012,10.954773869346734,0.15748763502278282
155,3.9000000000000012,11.155778894472363,0.1165734407710019
156,3.9000000000000012,11.35678391959799,0.1136017078300738
157,3.9000000000000012,11.557788944723619,0.08367598567611433
158,3.9000000000000012,11.758793969849247,0.04251801206188977
159,3.9000000000000012,11.959798994974875,0.08668864080501824
160,3.9000000000000012,12.160804020100507,0.17968106743370704
161,3.9000000000000012,12.361809045226131,0.3325658375801111
162,3.9000000000000012,12.562814070351763,0.5154413511800563
163,3.9000000000000012,12.763819095477388,0.483438345410477
164,3.9000000000000012,12.96482412060302,0.3053814926747353
165,3.9000000000000012,13.165829145728644,0.16105605847186427
166,3.9000000000000012,13.366834170854275,0.1084658192545168
167,3.9000000000000012,13.5678391959799,0.04596746151758262
168,3.9000000000000012,13.768844221105532,0.009452345535603228
169,3.9000000000000012,13.969849246231156,0.058953321087537244
170,3.9000000000000012,14.170854271356788,0.19368163325448945
171,3.9000000000000012,14.371859296482413,0.33240952598813867
172,3.9000000000000012,14.572864321608044,0.34341382750086985
173,3.9000000000000012,14.773869346733669,0.3402451128981003
174,3.9000000000000012,14.9748743718593,0.4233579903571304
175,3.9000000000000012,15.175879396984925,0.466346125564008
176,3.9000000000000012,15.376884422110557,0.4739983163012165
177,3.9000000000000012,15.577889447236181,0.3540190266020949
178,3.9000000000000012,15.778894472361813,0.13434037677015448
179,3.9000000000000012,15.979899497487438,0.014782149684818564
180,3.9000000000000012,16.18090452261307,0.050873041864476554
181,3.9000000000000012,16.381909547738694,0.09065651523440814
182,3.9000000000000012,16.582914572864325,0.13321334161251766
183,3.9000000000000012,16.78391959798995,0.14732079162154266
184,3.9000000000000012,16.98492462311558,0.12789527802666315
185,3.9000000000000012,17.185929648241206,0.12904626082001971
186,3.9000000000000012,17.386934673366838,0.27378568419115623
187,3.9000000000000012,17.587939698492463,0.5041325959230477
188,3.9000000000000012,17.788944723618094,0.5667995030560722
189,3.9000000000000012,17.98994974874372,0.522407902689195
190,3.9000000000000012,18.19095477386935,0.44255488714318886
191,3.9000000000000012,18.391959798994975,0.34770915975455213
192,3.9000000000000012,18.592964824120607,0.2539822723435342
193,3.9000000000000012,18.79396984924623,0.1396602260771762
194,3.9000000000000012,18.994974874371863,0.025118248527371344
195,3.9000000000000012,19.195979899497488,0.04077552905947847
196,3.9000000000000012,19.39698492462312,0.10510377296266209
197,3.9000000000000012,19.597989949748744,0.11025941532213142
198,3.9000000000000012,19.798994974874375,0.06776640807998045
199,3.9000000000000012,20.0,0.021692686800234402
