,t,height,fid
0,3.450000000000001,-20.0,0.44254575773801946
1,3.450000000000001,-19.798994974874372,0.40281168197125733
2,3.450000000000001,-19.597989949748744,0.36228720093266864
3,3.450000000000001,-19.396984924623116,0.32710883469079954
4,3.450000000000001,-19.195979899497488,0.30942564500793046
5,3.450000000000001,-18.99497487437186,0.3061777902221087
6,3.450000000000001,-18.79396984924623,0.3101623536395829
7,3.450000000000001,-18.592964824120603,0.3183618278593072
8,3.450000000000001,-18.391959798994975,0.3290969926580413
9,3.450000000000001,-18.190954773869347,0.3379491636803292
10,3.450000000000001,-17.98994974874372,0.3432293798453813
11,3.450000000000001,-17.78894472361809,0.33941247472585007
12,3.450000000000001,-17.587939698492463,0.326654085898278
13,3.450000000000001,-17.386934673366834,0.3104527092827931
14,3.450000000000001,-17.185929648241206,0.2887531969641951
15,3.450000000000001,-16.984924623115578,0.2582700040766738
16,3.450000000000001,-16.78391959798995,0.22264102075094683
17,3.450000000000001,-16.582914572864322,0.18787283478908254
18,3.450000000000001,-16.381909547738694,0.1605955499661218
19,3.450000000000001,-16.180904522613066,0.14394371870026224
20,3.450000000000001,-15.979899497487438,0.14311179940726967
21,3.450000000000001,-15.77889447236181,0.16037739502190845
22,3.450000000000001,-15.577889447236181,0.19320405323526668
23,3.450000000000001,-15.376884422110553,0.24056709354787723
24,3.450000000000001,-15.175879396984925,0.30073591797037363
25,3.450000000000001,-14.974874371859297,0.3663851357876147
26,3.450000000000001,-14.773869346733669,0.42931993345678465
27,3.450000000000001,-14.57286432160804,0.48583202994551095
28,3.450000000000001,-14.371859296482413,0.5332504654269072
29,3.450000000000001,-14.170854271356784,0.5734152604724717
30,3.450000000000001,-13.969849246231156,0.6089720598733449
31,3.450000000000001,-13.768844221105528,0.6371666353524631
32,3.450000000000001,-13.5678391959799,0.6568370060025245
33,3.450000000000001,-13.366834170854272,0.6678656775895798
34,3.450000000000001,-13.165829145728644,0.6680609117460763
35,3.450000000000001,-12.964824120603016,0.6552970773279619
36,3.450000000000001,-12.763819095477388,0.6281107485923716
37,3.450000000000001,-12.56281407035176,0.5917322734646371
38,3.450000000000001,-12.361809045226131,0.5537158185711675
39,3.450000000000001,-12.160804020100503,0.5193039980182439
40,3.450000000000001,-11.959798994974873,0.4916530311596846
41,3.450000000000001,-11.758793969849245,0.47153015699727063
42,3.450000000000001,-11.557788944723617,0.45500376837321443
43,3.450000000000001,-11.356783919597989,0.4353968698710731
44,3.450000000000001,-11.15577889447236,0.4095067757387081
45,3.450000000000001,-10.954773869346733,0.3785532093610904
46,3.450000000000001,-10.753768844221105,0.3472187353514615
47,3.450000000000001,-10.552763819095476,0.32297343195009653
48,3.450000000000001,-10.351758793969848,0.31081488983245686
49,3.450000000000001,-10.15075376884422,0.31044842052906346
50,3.450000000000001,-9.949748743718592,0.3171492717068092
51,3.450000000000001,-9.748743718592964,0.32303899046589485
52,3.450000000000001,-9.547738693467336,0.3212724656555748
53,3.450000000000001,-9.346733668341708,0.30897017643155156
54,3.450000000000001,-9.14572864321608,0.28946059540017327
55,3.450000000000001,-8.944723618090451,0.2721936819540426
56,3.450000000000001,-8.743718592964823,0.26938297103441083
57,3.450000000000001,-8.542713567839195,0.29103284701400883
58,3.450000000000001,-8.341708542713567,0.3407913835712887
59,3.450000000000001,-8.140703517587939,0.4145655875043096
60,3.450000000000001,-7.939698492462311,0.5019397871540577
61,3.450000000000001,-7.738693467336683,0.5897194795128835
62,3.450000000000001,-7.537688442211055,0.6659674021556118
63,3.450000000000001,-7.3366834170854265,0.7220188021258152
64,3.450000000000001,-7.135678391959798,0.7530555825220512
65,3.450000000000001,-6.93467336683417,0.7587720724828161
66,3.450000000000001,-6.733668341708542,0.7430632320668158
67,3.450000000000001,-6.532663316582914,0.7121036171611776
68,3.450000000000001,-6.331658291457286,0.6719323678201726
69,3.450000000000001,-6.130653266331658,0.6273098212372142
70,3.450000000000001,-5.92964824120603,0.5823445740320624
71,3.450000000000001,-5.7286432160804015,0.540590755210938
72,3.450000000000001,-5.527638190954773,0.5039984154594856
73,3.450000000000001,-5.326633165829145,0.4728923879292623
74,3.450000000000001,-5.125628140703517,0.44758502357189006
75,3.450000000000001,-4.924623115577889,0.4288523520319127
76,3.450000000000001,-4.723618090452261,0.4166062628876931
77,3.450000000000001,-4.522613065326633,0.41007915331555
78,3.450000000000001,-4.321608040201005,0.4098702554705514
79,3.450000000000001,-4.1206030150753765,0.41752840749714776
80,3.450000000000001,-3.9195979899497466,0.4330959918166534
81,3.450000000000001,-3.7185929648241185,0.45673961037120625
82,3.450000000000001,-3.5175879396984904,0.49343506818864985
83,3.450000000000001,-3.3165829145728623,0.5507712838252121
84,3.450000000000001,-3.115577889447234,0.6281717458483005
85,3.450000000000001,-2.914572864321606,0.7102717088995657
86,3.450000000000001,-2.713567839195978,0.774124064727428
87,3.450000000000001,-2.5125628140703498,0.8034998610891638
88,3.450000000000001,-2.3115577889447216,0.7968876652440375
89,3.450000000000001,-2.1105527638190935,0.7647305129290703
90,3.450000000000001,-1.9095477386934654,0.7215247139465224
91,3.450000000000001,-1.7085427135678373,0.6796407678765918
92,3.450000000000001,-1.5075376884422091,0.6472097287437973
93,3.450000000000001,-1.306532663316581,0.6288280472151602
94,3.450000000000001,-1.105527638190953,0.62706370379357
95,3.450000000000001,-0.9045226130653248,0.643431122419163
96,3.450000000000001,-0.7035175879396967,0.6778754938630643
97,3.450000000000001,-0.5025125628140685,0.7257934698072707
98,3.450000000000001,-0.3015075376884404,0.7738616512276788
99,3.450000000000001,-0.10050251256281229,0.8034685461042324
100,3.450000000000001,0.10050251256281584,0.8089815997309736
101,3.450000000000001,0.30150753768844396,0.8123855628548289
102,3.450000000000001,0.5025125628140721,0.8540837993952007
103,3.450000000000001,0.7035175879397002,0.9530435253768095
104,3.450000000000001,0.9045226130653283,0.9503972654363032
105,3.450000000000001,1.1055276381909565,0.5669615003849489
106,3.450000000000001,1.3065326633165846,0.24812062275092706
107,3.450000000000001,1.5075376884422127,0.13274197194253642
108,3.450000000000001,1.7085427135678408,0.07896647155785723
109,3.450000000000001,1.909547738693469,0.04858897701563865
110,3.450000000000001,2.110552763819097,0.02941548554439092
111,3.450000000000001,2.311557788944725,0.03197758660162265
112,3.450000000000001,2.5125628140703533,0.04185609804345402
113,3.450000000000001,2.7135678391959814,0.0031209077314274494
114,3.450000000000001,2.9145728643216096,0.10521575910027536
115,3.450000000000001,3.1155778894472377,0.09411377705832244
116,3.450000000000001,3.316582914572866,0.21507006315790983
117,3.450000000000001,3.517587939698494,0.20651785262456707
118,3.450000000000001,3.718592964824122,0.37269709355044073
119,3.450000000000001,3.91959798994975,0.3077966769776546
120,3.450000000000001,4.120603015075378,0.4244798621306342
121,3.450000000000001,4.321608040201006,0.4644851139528761
122,3.450000000000001,4.5226130653266345,0.3989172926877976
123,3.450000000000001,4.723618090452263,0.45825528587118225
124,3.450000000000001,4.924623115577891,0.4832933542030356
125,3.450000000000001,5.125628140703519,0.43837716964563483
126,3.450000000000001,5.326633165829147,0.3774573108543969
127,3.450000000000001,5.527638190954775,0.4380839429999177
128,3.450000000000001,5.728643216080403,0.4119458671308066
129,3.450000000000001,5.929648241206031,0.3290673127144433
130,3.450000000000001,6.1306532663316595,0.3873848628329821
131,3.450000000000001,6.331658291457288,0.33130711519228245
132,3.450000000000001,6.532663316582916,0.21533245848132618
133,3.450000000000001,6.733668341708544,0.3155988643833834
134,3.450000000000001,6.934673366834172,0.40646238461908596
135,3.450000000000001,7.1356783919598,0.2478193549198578
136,3.450000000000001,7.336683417085428,0.09106132689309189
137,3.450000000000001,7.537688442211056,0.16661433331911407
138,3.450000000000001,7.7386934673366845,0.3572557798040664
139,3.450000000000001,7.939698492462313,0.38713123700855046
140,3.450000000000001,8.14070351758794,0.20904558589467404
141,3.450000000000001,8.341708542713569,0.03138227032843211
142,3.450000000000001,8.542713567839197,0.041162496921090704
143,3.450000000000001,8.743718592964825,0.20162394496785468
144,3.450000000000001,8.944723618090453,0.3689540736364328
145,3.450000000000001,9.145728643216081,0.36665320607877805
146,3.450000000000001,9.34673366834171,0.28720335525637064
147,3.450000000000001,9.547738693467338,0.14740475767272737
148,3.450000000000001,9.748743718592966,0.016434054671216114
149,3.450000000000001,9.949748743718594,0.01708495915635354
150,3.450000000000001,10.150753768844222,0.07286058697253082
151,3.450000000000001,10.35175879396985,0.17633592405427123
152,3.450000000000001,10.552763819095478,0.3121591592758776
153,3.450000000000001,10.753768844221106,0.32459684096519453
154,3.450000000000001,10.954773869346734,0.19777041890803418
155,3.450000000000001,11.155778894472363,0.09566530682160392
156,3.450000000000001,11.35678391959799,0.06700681695089523
157,3.450000000000001,11.557788944723619,0.040400325717654256
158,3.450000000000001,11.758793969849247,0.0312507587596077
159,3.450000000000001,11.959798994974875,0.08643804069946714
160,3.450000000000001,12.160804020100507,0.1527850927665138
161,3.450000000000001,12.361809045226131,0.166099224270143
162,3.450000000000001,12.562814070351763,0.1275400330476971
163,3.450000000000001,12.763819095477388,0.08793690277960221
164,3.450000000000001,12.96482412060302,0.14517772559672582
165,3.450000000000001,13.165829145728644,0.22516221898882394
166,3.450000000000001,13.366834170854275,0.22824945135613006
167,3.450000000000001,13.5678391959799,0.20034285363624463
168,3.450000000000001,13.768844221105532,0.1703860742780787
169,3.450000000000001,13.969849246231156,0.13157284447774792
170,3.450000000000001,14.170854271356788,0.08181945992431733
171,3.450000000000001,14.371859296482413,0.04219000641094991
172,3.450000000000001,14.572864321608044,0.027788556774684316
173,3.450000000000001,14.773869346733669,0.041413930587506975
174,3.450000000000001,14.9748743718593,0.05924106008192638
175,3.450000000000001,15.175879396984925,0.12900668873681526
176,3.450000000000001,15.376884422110557,0.3024525217169571
177,3.450000000000001,15.577889447236181,0.4717803406039282
178,3.450000000000001,15.778894472361813,0.5399434664100495
179,3.450000000000001,15.979899497487438,0.4611314779887134
180,3.450000000000001,16.18090452261307,0.32744421068044716
181,3.450000000000001,16.381909547738694,0.27695063730468195
182,3.450000000000001,16.582914572864325,0.2440020404383992
183,3.450000000000001,16.78391959798995,0.15664630458455442
184,3.450000000000001,16.98492462311558,0.06956891675436695
185,3.450000000000001,17.185929648241206,0.01332108600489919
186,3.450000000000001,17.386934673366838,0.011928516106052908
187,3.450000000000001,17.587939698492463,0.08445372557894686
188,3.450000000000001,17.788944723618094,0.17454314324081777
189,3.450000000000001,17.98994974874372,0.20386035126660706
190,3.450000000000001,18.19095477386935,0.19503472937170185
191,3.450000000000001,18.391959798994975,0.22154617646762187
192,3.450000000000001,18.592964824120607,0.24871054941919785
193,3.450000000000001,18.79396984924623,0.28584397152003627
194,3.450000000000001,18.994974874371863,0.37474269847607006
195,3.450000000000001,19.195979899497488,0.5043759740134948
196,3.450000000000001,19.39698492462312,0.5924753218412775
197,3.450000000000001,19.597989949748744,0.5085803362405427
198,3.450000000000001,19.798994974874375,0.29831468163068137
199,3.450000000000001,20.0,0.15027589579298664
