,t,height,fid
0,3.6500000000000012,-20.0,0.5275908320563356
1,3.6500000000000012,-19.798994974874372,0.5253632509194787
2,3.6500000000000012,-19.597989949748744,0.5238052358239083
3,3.6500000000000012,-19.396984924623116,0.5276171343686893
4,3.6500000000000012,-19.195979899497488,0.5387876541933193
5,3.6500000000000012,-18.99497487437186,0.5558427960285303
6,3.6500000000000012,-18.79396984924623,0.5740574970851586
7,3.6500000000000012,-18.592964824120603,0.5817297129227018
8,3.6500000000000012,-18.391959798994975,0.5773563612877045
9,3.6500000000000012,-18.190954773869347,0.5682692570507413
10,3.6500000000000012,-17.98994974874372,0.547647640399499
11,3.6500000000000012,-17.78894472361809,0.51159720266488
12,3.6500000000000012,-17.587939698492463,0.4653612654755402
13,3.6500000000000012,-17.386934673366834,0.4167218065429024
14,3.6500000000000012,-17.185929648241206,0.3721133394655751
15,3.6500000000000012,-16.984924623115578,0.3380697303811378
16,3.6500000000000012,-16.78391959798995,0.31470614186173274
17,3.6500000000000012,-16.582914572864322,0.3079755075437348
18,3.6500000000000012,-16.381909547738694,0.31758379497079126
19,3.6500000000000012,-16.180904522613066,0.33212878459406714
20,3.6500000000000012,-15.979899497487438,0.3431349678860844
21,3.6500000000000012,-15.77889447236181,0.3458226656818922
22,3.6500000000000012,-15.577889447236181,0.33916741783362164
23,3.6500000000000012,-15.376884422110553,0.3212154468240877
24,3.6500000000000012,-15.175879396984925,0.2946579487290181
25,3.6500000000000012,-14.974874371859297,0.2644931898234928
26,3.6500000000000012,-14.773869346733669,0.2313626708940315
27,3.6500000000000012,-14.57286432160804,0.19968313786728045
28,3.6500000000000012,-14.371859296482413,0.17676112548878684
29,3.6500000000000012,-14.170854271356784,0.16699879479101323
30,3.6500000000000012,-13.969849246231156,0.17329032613310602
31,3.6500000000000012,-13.768844221105528,0.19917337047150874
32,3.6500000000000012,-13.5678391959799,0.2452249573731461
33,3.6500000000000012,-13.366834170854272,0.310504666886129
34,3.6500000000000012,-13.165829145728644,0.3880384028578646
35,3.6500000000000012,-12.964824120603016,0.4655598095952877
36,3.6500000000000012,-12.763819095477388,0.5344299493956028
37,3.6500000000000012,-12.56281407035176,0.5891575398439745
38,3.6500000000000012,-12.361809045226131,0.628689022755435
39,3.6500000000000012,-12.160804020100503,0.6538755502206762
40,3.6500000000000012,-11.959798994974873,0.6684366056628753
41,3.6500000000000012,-11.758793969849245,0.6760998925453269
42,3.6500000000000012,-11.557788944723617,0.6749279615017526
43,3.6500000000000012,-11.356783919597989,0.6609782853150826
44,3.6500000000000012,-11.15577889447236,0.6334519147776672
45,3.6500000000000012,-10.954773869346733,0.5953696199104063
46,3.6500000000000012,-10.753768844221105,0.5524476162362364
47,3.6500000000000012,-10.552763819095476,0.5130553219226112
48,3.6500000000000012,-10.351758793969848,0.48240354940489866
49,3.6500000000000012,-10.15075376884422,0.45912045809199536
50,3.6500000000000012,-9.949748743718592,0.4381214584694257
51,3.6500000000000012,-9.748743718592964,0.41332265573914184
52,3.6500000000000012,-9.547738693467336,0.3831550928994053
53,3.6500000000000012,-9.346733668341708,0.35292177828559357
54,3.6500000000000012,-9.14572864321608,0.3310684639988226
55,3.6500000000000012,-8.944723618090451,0.32330489486030445
56,3.6500000000000012,-8.743718592964823,0.3271434624156091
57,3.6500000000000012,-8.542713567839195,0.33331972811557764
58,3.6500000000000012,-8.341708542713567,0.33199162773636987
59,3.6500000000000012,-8.140703517587939,0.31985790955765053
60,3.6500000000000012,-7.939698492462311,0.3030927882465406
61,3.6500000000000012,-7.738693467336683,0.2952350943312469
62,3.6500000000000012,-7.537688442211055,0.3108109842259081
63,3.6500000000000012,-7.3366834170854265,0.35813958829145714
64,3.6500000000000012,-7.135678391959798,0.43511020124207983
65,3.6500000000000012,-6.93467336683417,0.529457593651327
66,3.6500000000000012,-6.733668341708542,0.623360516080417
67,3.6500000000000012,-6.532663316582914,0.7003399316962167
68,3.6500000000000012,-6.331658291457286,0.7499689069490514
69,3.6500000000000012,-6.130653266331658,0.7688279132076022
70,3.6500000000000012,-5.92964824120603,0.7594983640141347
71,3.6500000000000012,-5.7286432160804015,0.7288727467388557
72,3.6500000000000012,-5.527638190954773,0.6855167089888222
73,3.6500000000000012,-5.326633165829145,0.6368270625786541
74,3.6500000000000012,-5.125628140703517,0.5882810087095813
75,3.6500000000000012,-4.924623115577889,0.5439662765440463
76,3.6500000000000012,-4.723618090452261,0.5062363340685039
77,3.6500000000000012,-4.522613065326633,0.47577628555015844
78,3.6500000000000012,-4.321608040201005,0.4530497518377311
79,3.6500000000000012,-4.1206030150753765,0.43843647029272365
80,3.6500000000000012,-3.9195979899497466,0.4316331792493574
81,3.6500000000000012,-3.7185929648241185,0.4330543578977643
82,3.6500000000000012,-3.5175879396984904,0.4441326297878885
83,3.6500000000000012,-3.3165829145728623,0.4655897480454745
84,3.6500000000000012,-3.115577889447234,0.49979068463716725
85,3.6500000000000012,-2.914572864321606,0.5533647004634268
86,3.6500000000000012,-2.713567839195978,0.6287298402842078
87,3.6500000000000012,-2.5125628140703498,0.712119080956054
88,3.6500000000000012,-2.3115577889447216,0.777607405123421
89,3.6500000000000012,-2.1105527638190935,0.8055327042168957
90,3.6500000000000012,-1.9095477386934654,0.7947458501745793
91,3.6500000000000012,-1.7085427135678373,0.7589735731470098
92,3.6500000000000012,-1.5075376884422091,0.715789087599704
93,3.6500000000000012,-1.306532663316581,0.6789588189295739
94,3.6500000000000012,-1.105527638190953,0.6568256145074877
95,3.6500000000000012,-0.9045226130653248,0.6538678143269865
96,3.6500000000000012,-0.7035175879396967,0.6721714700904375
97,3.6500000000000012,-0.5025125628140685,0.7104765476127052
98,3.6500000000000012,-0.3015075376884404,0.7595222168785241
99,3.6500000000000012,-0.10050251256281229,0.7988825870427967
100,3.6500000000000012,0.10050251256281584,0.8110717346288505
101,3.6500000000000012,0.30150753768844396,0.8088101225345696
102,3.6500000000000012,0.5025125628140721,0.8372004599834627
103,3.6500000000000012,0.7035175879397002,0.933176683875869
104,3.6500000000000012,0.9045226130653283,0.9518354399050559
105,3.6500000000000012,1.1055276381909565,0.5473982649249904
106,3.6500000000000012,1.3065326633165846,0.22228075357905483
107,3.6500000000000012,1.5075376884422127,0.11508492435921565
108,3.6500000000000012,1.7085427135678408,0.06677454873261245
109,3.6500000000000012,1.909547738693469,0.03859885784960345
110,3.6500000000000012,2.110552763819097,0.01745396324404703
111,3.6500000000000012,2.311557788944725,0.02780239266095517
112,3.6500000000000012,2.5125628140703533,0.07053093945794066
113,3.6500000000000012,2.7135678391959814,0.030299929464496556
114,3.6500000000000012,2.9145728643216096,0.15465897902863457
115,3.6500000000000012,3.1155778894472377,0.1872579460285764
116,3.6500000000000012,3.316582914572866,0.2907294175595921
117,3.6500000000000012,3.517587939698494,0.3088041791988361
118,3.6500000000000012,3.718592964824122,0.44709275714102475
119,3.6500000000000012,3.91959798994975,0.37769382458471773
120,3.6500000000000012,4.120603015075378,0.4809363234135143
121,3.6500000000000012,4.321608040201006,0.48471333696167085
122,3.6500000000000012,4.5226130653266345,0.4265011676805885
123,3.6500000000000012,4.723618090452263,0.44967833471182045
124,3.6500000000000012,4.924623115577891,0.4838780613042718
125,3.6500000000000012,5.125628140703519,0.3776415171977943
126,3.6500000000000012,5.326633165829147,0.3945442355954705
127,3.6500000000000012,5.527638190954775,0.38445420037107547
128,3.6500000000000012,5.728643216080403,0.30086594756522406
129,3.6500000000000012,5.929648241206031,0.3942554889404077
130,3.6500000000000012,6.1306532663316595,0.3175733445892119
131,3.6500000000000012,6.331658291457288,0.1578742704718732
132,3.6500000000000012,6.532663316582916,0.26509092925536487
133,3.6500000000000012,6.733668341708544,0.4090696947251336
134,3.6500000000000012,6.934673366834172,0.2504787553004902
135,3.6500000000000012,7.1356783919598,0.05746021208964132
136,3.6500000000000012,7.336683417085428,0.12963573855565463
137,3.6500000000000012,7.537688442211056,0.33135744341429885
138,3.6500000000000012,7.7386934673366845,0.4059022381791713
139,3.6500000000000012,7.939698492462313,0.22552023468276078
140,3.6500000000000012,8.14070351758794,0.04114044929170189
141,3.6500000000000012,8.341708542713569,0.015957043840848537
142,3.6500000000000012,8.542713567839197,0.17479252103172513
143,3.6500000000000012,8.743718592964825,0.2955969395217119
144,3.6500000000000012,8.944723618090453,0.34752632724155985
145,3.6500000000000012,9.145728643216081,0.31521123886239927
146,3.6500000000000012,9.34673366834171,0.1352940158670963
147,3.6500000000000012,9.547738693467338,0.016363419576759398
148,3.6500000000000012,9.748743718592966,0.001401749504914371
149,3.6500000000000012,9.949748743718594,0.05139151945887264
150,3.6500000000000012,10.150753768844222,0.18936296627976132
151,3.6500000000000012,10.35175879396985,0.2763577994475949
152,3.6500000000000012,10.552763819095478,0.1968450565145856
153,3.6500000000000012,10.753768844221106,0.117215342909477
154,3.6500000000000012,10.954773869346734,0.10488534539934043
155,3.6500000000000012,11.155778894472363,0.10428308525253188
156,3.6500000000000012,11.35678391959799,0.07395282594874165
157,3.6500000000000012,11.557788944723619,0.069385659382651
158,3.6500000000000012,11.758793969849247,0.10892576700216576
159,3.6500000000000012,11.959798994974875,0.13646920191684972
160,3.6500000000000012,12.160804020100507,0.09184726730157976
161,3.6500000000000012,12.361809045226131,0.07620226200920291
162,3.6500000000000012,12.562814070351763,0.172652702609431
163,3.6500000000000012,12.763819095477388,0.2616514123822199
164,3.6500000000000012,12.96482412060302,0.3199274456061476
165,3.6500000000000012,13.165829145728644,0.3520959005621568
166,3.6500000000000012,13.366834170854275,0.2795702646438748
167,3.6500000000000012,13.5678391959799,0.1476534110924802
168,3.6500000000000012,13.768844221105532,0.06367652085959927
169,3.6500000000000012,13.969849246231156,0.03494499379328018
170,3.6500000000000012,14.170854271356788,0.03076978277496651
171,3.6500000000000012,14.371859296482413,0.018621035959134384
172,3.6500000000000012,14.572864321608044,0.06679869527468724
173,3.6500000000000012,14.773869346733669,0.2124934767450145
174,3.6500000000000012,14.9748743718593,0.3977099776762515
175,3.6500000000000012,15.175879396984925,0.5054322829542409
176,3.6500000000000012,15.376884422110557,0.44777715120102063
177,3.6500000000000012,15.577889447236181,0.4002701715247089
178,3.6500000000000012,15.778894472361813,0.42330094814200175
179,3.6500000000000012,15.979899497487438,0.3772140476998945
180,3.6500000000000012,16.18090452261307,0.2711395847814342
181,3.6500000000000012,16.381909547738694,0.1395683599656214
182,3.6500000000000012,16.582914572864325,0.022687224313028623
183,3.6500000000000012,16.78391959798995,0.021566090927030407
184,3.6500000000000012,16.98492462311558,0.10846422200179803
185,3.6500000000000012,17.185929648241206,0.15411927306630113
186,3.6500000000000012,17.386934673366838,0.16021357807588646
187,3.6500000000000012,17.587939698492463,0.18152579537034952
188,3.6500000000000012,17.788944723618094,0.18105045480893447
189,3.6500000000000012,17.98994974874372,0.19926020303331674
190,3.6500000000000012,18.19095477386935,0.28425576832458155
191,3.6500000000000012,18.391959798994975,0.46528220897551276
192,3.6500000000000012,18.592964824120607,0.6124208643071387
193,3.6500000000000012,18.79396984924623,0.548885880880858
194,3.6500000000000012,18.994974874371863,0.3925184277711863
195,3.6500000000000012,19.195979899497488,0.268931111701248
196,3.6500000000000012,19.39698492462312,0.1611027435180922
197,3.6500000000000012,19.597989949748744,0.08045576784354612
198,3.6500000000000012,19.798994974874375,0.026611215290051223
199,3.6500000000000012,20.0,0.01750167554208079
