,t,height,fid
0,3.050000000000001,-20.0,0.24819526148569762
1,3.050000000000001,-19.798994974874372,0.28319176599349455
2,3.050000000000001,-19.597989949748744,0.3260087367592586
3,3.050000000000001,-19.396984924623116,0.37339495609290047
4,3.050000000000001,-19.195979899497488,0.4186153283242764
5,3.050000000000001,-18.99497487437186,0.4615427351138889
6,3.050000000000001,-18.79396984924623,0.5036588422856563
7,3.050000000000001,-18.592964824120603,0.546583326183641
8,3.050000000000001,-18.391959798994975,0.5873187177942405
9,3.050000000000001,-18.190954773869347,0.6186290979778354
10,3.050000000000001,-17.98994974874372,0.6393238524060122
11,3.050000000000001,-17.78894472361809,0.649024844504065
12,3.050000000000001,-17.587939698492463,0.6434839212963501
13,3.050000000000001,-17.386934673366834,0.6245616699024398
14,3.050000000000001,-17.185929648241206,0.5995510560209932
15,3.050000000000001,-16.984924623115578,0.5755221567632535
16,3.050000000000001,-16.78391959798995,0.5523539808607127
17,3.050000000000001,-16.582914572864322,0.529791643225722
18,3.050000000000001,-16.381909547738694,0.5111284970393385
19,3.050000000000001,-16.180904522613066,0.49675392724034484
20,3.050000000000001,-15.979899497487438,0.48648061750290594
21,3.050000000000001,-15.77889447236181,0.48007349859937287
22,3.050000000000001,-15.577889447236181,0.47285882109603383
23,3.050000000000001,-15.376884422110553,0.4585239301957839
24,3.050000000000001,-15.175879396984925,0.43695545131503816
25,3.050000000000001,-14.974874371859297,0.40999591387100903
26,3.050000000000001,-14.773869346733669,0.3795022951389985
27,3.050000000000001,-14.57286432160804,0.3480943477872424
28,3.050000000000001,-14.371859296482413,0.31803231823791295
29,3.050000000000001,-14.170854271356784,0.29430756107023764
30,3.050000000000001,-13.969849246231156,0.2815175901361347
31,3.050000000000001,-13.768844221105528,0.2795327449693362
32,3.050000000000001,-13.5678391959799,0.2856583254805155
33,3.050000000000001,-13.366834170854272,0.2960926764426617
34,3.050000000000001,-13.165829145728644,0.3066631118508617
35,3.050000000000001,-12.964824120603016,0.3114490974158767
36,3.050000000000001,-12.763819095477388,0.3063614003184245
37,3.050000000000001,-12.56281407035176,0.2916770022802538
38,3.050000000000001,-12.361809045226131,0.27030776187147937
39,3.050000000000001,-12.160804020100503,0.24629813413712387
40,3.050000000000001,-11.959798994974873,0.22561941349139444
41,3.050000000000001,-11.758793969849245,0.21410205502740237
42,3.050000000000001,-11.557788944723617,0.21579677550648724
43,3.050000000000001,-11.356783919597989,0.23401591681654216
44,3.050000000000001,-11.15577889447236,0.2703086927401409
45,3.050000000000001,-10.954773869346733,0.32336567748944867
46,3.050000000000001,-10.753768844221105,0.38964595717506567
47,3.050000000000001,-10.552763819095476,0.46305051609338543
48,3.050000000000001,-10.351758793969848,0.5365949683951922
49,3.050000000000001,-10.15075376884422,0.6037947956554264
50,3.050000000000001,-9.949748743718592,0.6591193670112896
51,3.050000000000001,-9.748743718592964,0.6990873286874267
52,3.050000000000001,-9.547738693467336,0.722559531719738
53,3.050000000000001,-9.346733668341708,0.7309635563511523
54,3.050000000000001,-9.14572864321608,0.7266501356137917
55,3.050000000000001,-8.944723618090451,0.7114670780080999
56,3.050000000000001,-8.743718592964823,0.6867854560044531
57,3.050000000000001,-8.542713567839195,0.6547555317342196
58,3.050000000000001,-8.341708542713567,0.6185141043683033
59,3.050000000000001,-8.140703517587939,0.5813927167217767
60,3.050000000000001,-7.939698492462311,0.5460449357801729
61,3.050000000000001,-7.738693467336683,0.513564944998351
62,3.050000000000001,-7.537688442211055,0.48352333637056333
63,3.050000000000001,-7.3366834170854265,0.4555375084507799
64,3.050000000000001,-7.135678391959798,0.4304353920841348
65,3.050000000000001,-6.93467336683417,0.4097241356007224
66,3.050000000000001,-6.733668341708542,0.3940962116088236
67,3.050000000000001,-6.532663316582914,0.38249760616082185
68,3.050000000000001,-6.331658291457286,0.3732503001510277
69,3.050000000000001,-6.130653266331658,0.3661479637183291
70,3.050000000000001,-5.92964824120603,0.36303437566006336
71,3.050000000000001,-5.7286432160804015,0.3658277250952898
72,3.050000000000001,-5.527638190954773,0.3740826084393577
73,3.050000000000001,-5.326633165829145,0.385279864097229
74,3.050000000000001,-5.125628140703517,0.3983911210679951
75,3.050000000000001,-4.924623115577889,0.41727820924060954
76,3.050000000000001,-4.723618090452261,0.44983574295934536
77,3.050000000000001,-4.522613065326633,0.5024526811270599
78,3.050000000000001,-4.321608040201005,0.5739345697713227
79,3.050000000000001,-4.1206030150753765,0.6537932389500527
80,3.050000000000001,-3.9195979899497466,0.726301157295114
81,3.050000000000001,-3.7185929648241185,0.7773392639501779
82,3.050000000000001,-3.5175879396984904,0.7996444430782058
83,3.050000000000001,-3.3165829145728623,0.7940511250772787
84,3.050000000000001,-3.115577889447234,0.767247568934138
85,3.050000000000001,-2.914572864321606,0.7282234397988533
86,3.050000000000001,-2.713567839195978,0.6853614790223018
87,3.050000000000001,-2.5125628140703498,0.6449769402368477
88,3.050000000000001,-2.3115577889447216,0.6111354381565481
89,3.050000000000001,-2.1105527638190935,0.5861641292592067
90,3.050000000000001,-1.9095477386934654,0.5713574541279419
91,3.050000000000001,-1.7085427135678373,0.5675873215599461
92,3.050000000000001,-1.5075376884422091,0.5756967736005936
93,3.050000000000001,-1.306532663316581,0.5965794734956198
94,3.050000000000001,-1.105527638190953,0.6307033223291743
95,3.050000000000001,-0.9045226130653248,0.676603748072055
96,3.050000000000001,-0.7035175879396967,0.7282576522449007
97,3.050000000000001,-0.5025125628140685,0.7738529474152419
98,3.050000000000001,-0.3015075376884404,0.8011471534372296
99,3.050000000000001,-0.10050251256281229,0.8084505956398752
100,3.050000000000001,0.10050251256281584,0.8099331536890638
101,3.050000000000001,0.30150753768844396,0.8302303920489394
102,3.050000000000001,0.5025125628140721,0.8933689479512185
103,3.050000000000001,0.7035175879397002,0.9841238734577608
104,3.050000000000001,0.9045226130653283,0.9406446885622927
105,3.050000000000001,1.1055276381909565,0.6067625349210869
106,3.050000000000001,1.3065326633165846,0.3087569173511788
107,3.050000000000001,1.5075376884422127,0.1773988109736118
108,3.050000000000001,1.7085427135678408,0.11174052498687051
109,3.050000000000001,1.909547738693469,0.07456469985194435
110,3.050000000000001,2.110552763819097,0.0524131631411552
111,3.050000000000001,2.311557788944725,0.040602077544801156
112,3.050000000000001,2.5125628140703533,0.026355619593119252
113,3.050000000000001,2.7135678391959814,0.014767362433724904
114,3.050000000000001,2.9145728643216096,0.04479824755459134
115,3.050000000000001,3.1155778894472377,0.0013497051176357357
116,3.050000000000001,3.316582914572866,0.09457773996512628
117,3.050000000000001,3.517587939698494,0.03781228604459818
118,3.050000000000001,3.718592964824122,0.18475886551297074
119,3.050000000000001,3.91959798994975,0.14477382295355254
120,3.050000000000001,4.120603015075378,0.22331959724047554
121,3.050000000000001,4.321608040201006,0.33482053182304855
122,3.050000000000001,4.5226130653266345,0.27385441868133364
123,3.050000000000001,4.723618090452263,0.342709351801726
124,3.050000000000001,4.924623115577891,0.44080190679108555
125,3.050000000000001,5.125628140703519,0.4036807677103616
126,3.050000000000001,5.326633165829147,0.36903546060555553
127,3.050000000000001,5.527638190954775,0.4305657303415245
128,3.050000000000001,5.728643216080403,0.4616881266632345
129,3.050000000000001,5.929648241206031,0.43711015440366413
130,3.050000000000001,6.1306532663316595,0.39607562524916634
131,3.050000000000001,6.331658291457288,0.3555454102832933
132,3.050000000000001,6.532663316582916,0.4089110625148339
133,3.050000000000001,6.733668341708544,0.438504537005339
134,3.050000000000001,6.934673366834172,0.33582009701584725
135,3.050000000000001,7.1356783919598,0.3089902562242993
136,3.050000000000001,7.336683417085428,0.37792363288281466
137,3.050000000000001,7.537688442211056,0.3532439703963486
138,3.050000000000001,7.7386934673366845,0.23037554619337425
139,3.050000000000001,7.939698492462313,0.207377675484644
140,3.050000000000001,8.14070351758794,0.33436948025437735
141,3.050000000000001,8.341708542713569,0.4085777824291544
142,3.050000000000001,8.542713567839197,0.3015147226249427
143,3.050000000000001,8.743718592964825,0.13426367694144717
144,3.050000000000001,8.944723618090453,0.07182195120924426
145,3.050000000000001,9.145728643216081,0.17092220936832486
146,3.050000000000001,9.34673366834171,0.32605128280531315
147,3.050000000000001,9.547738693467338,0.4030428699321699
148,3.050000000000001,9.748743718592966,0.3445681549571614
149,3.050000000000001,9.949748743718594,0.16768149657350973
150,3.050000000000001,10.150753768844222,0.037349143787195414
151,3.050000000000001,10.35175879396985,0.012183008837233842
152,3.050000000000001,10.552763819095478,0.09170774460237396
153,3.050000000000001,10.753768844221106,0.24784422406014
154,3.050000000000001,10.954773869346734,0.34307105423191286
155,3.050000000000001,11.155778894472363,0.349368162954576
156,3.050000000000001,11.35678391959799,0.3384229730763658
157,3.050000000000001,11.557788944723619,0.2835916373999723
158,3.050000000000001,11.758793969849247,0.1480370758717121
159,3.050000000000001,11.959798994974875,0.032266624335442064
160,3.050000000000001,12.160804020100507,0.0007042192025396517
161,3.050000000000001,12.361809045226131,0.012972818783798416
162,3.050000000000001,12.562814070351763,0.0508577359355911
163,3.050000000000001,12.763819095477388,0.14587012258243517
164,3.050000000000001,12.96482412060302,0.26543586342230724
165,3.050000000000001,13.165829145728644,0.3292064683995048
166,3.050000000000001,13.366834170854275,0.2708553791140653
167,3.050000000000001,13.5678391959799,0.1690446735065426
168,3.050000000000001,13.768844221105532,0.11580432858311561
169,3.050000000000001,13.969849246231156,0.09914047668447067
170,3.050000000000001,14.170854271356788,0.10068893548951341
171,3.050000000000001,14.371859296482413,0.08812923330822753
172,3.050000000000001,14.572864321608044,0.058886792125070295
173,3.050000000000001,14.773869346733669,0.052477101749365845
174,3.050000000000001,14.9748743718593,0.07880817066935027
175,3.050000000000001,15.175879396984925,0.12041205273462322
176,3.050000000000001,15.376884422110557,0.1432256777178836
177,3.050000000000001,15.577889447236181,0.11225013922754047
178,3.050000000000001,15.778894472361813,0.061172401690293296
179,3.050000000000001,15.979899497487438,0.07520191474715011
180,3.050000000000001,16.18090452261307,0.13979462405106213
181,3.050000000000001,16.381909547738694,0.19983993180490703
182,3.050000000000001,16.582914572864325,0.2380811894316812
183,3.050000000000001,16.78391959798995,0.2806477578017923
184,3.050000000000001,16.98492462311558,0.3217684658047684
185,3.050000000000001,17.185929648241206,0.29515931148108027
186,3.050000000000001,17.386934673366838,0.2120279569706116
187,3.050000000000001,17.587939698492463,0.12817168564999928
188,3.050000000000001,17.788944723618094,0.06672867719304555
189,3.050000000000001,17.98994974874372,0.03493918617058919
190,3.050000000000001,18.19095477386935,0.03213071509578411
191,3.050000000000001,18.391959798994975,0.030972288188217064
192,3.050000000000001,18.592964824120607,0.015826792523914317
193,3.050000000000001,18.79396984924623,0.0069158401173486615
194,3.050000000000001,18.994974874371863,0.03304466306149995
195,3.050000000000001,19.195979899497488,0.10254110251125088
196,3.050000000000001,19.39698492462312,0.22817636326351043
197,3.050000000000001,19.597989949748744,0.36726235708040067
198,3.050000000000001,19.798994974874375,0.43196572872189953
199,3.050000000000001,20.0,0.40649067674416
