,t,height,fid
0,3.300000000000001,-20.0,0.32442079534936413
1,3.300000000000001,-19.798994974874372,0.327734608765146
2,3.300000000000001,-19.597989949748744,0.3297679189204114
3,3.300000000000001,-19.396984924623116,0.3249131068292147
4,3.300000000000001,-19.195979899497488,0.31159189736016685
5,3.300000000000001,-18.99497487437186,0.28968239112981575
6,3.300000000000001,-18.79396984924623,0.26009826125433994
7,3.300000000000001,-18.592964824120603,0.2271910998542584
8,3.300000000000001,-18.391959798994975,0.19081852498388172
9,3.300000000000001,-18.190954773869347,0.15603304695216116
10,3.300000000000001,-17.98994974874372,0.13287542429525223
11,3.300000000000001,-17.78894472361809,0.1251601009694029
12,3.300000000000001,-17.587939698492463,0.13180677434311275
13,3.300000000000001,-17.386934673366834,0.1521362848504808
14,3.300000000000001,-17.185929648241206,0.1859495569219697
15,3.300000000000001,-16.984924623115578,0.23227409514635963
16,3.300000000000001,-16.78391959798995,0.2851258362997837
17,3.300000000000001,-16.582914572864322,0.3411454868262172
18,3.300000000000001,-16.381909547738694,0.3977445074080235
19,3.300000000000001,-16.180904522613066,0.44865953402190384
20,3.300000000000001,-15.979899497487438,0.4912591082312195
21,3.300000000000001,-15.77889447236181,0.5292310205812553
22,3.300000000000001,-15.577889447236181,0.5665092791231545
23,3.300000000000001,-15.376884422110553,0.6003955689502914
24,3.300000000000001,-15.175879396984925,0.6292973845466686
25,3.300000000000001,-14.974874371859297,0.6501155407259629
26,3.300000000000001,-14.773869346733669,0.6589915757333937
27,3.300000000000001,-14.57286432160804,0.6565031263301789
28,3.300000000000001,-14.371859296482413,0.6438239099332648
29,3.300000000000001,-14.170854271356784,0.6191111132076216
30,3.300000000000001,-13.969849246231156,0.5859004271845741
31,3.300000000000001,-13.768844221105528,0.5507996569230853
32,3.300000000000001,-13.5678391959799,0.5201730201303701
33,3.300000000000001,-13.366834170854272,0.4972374173322119
34,3.300000000000001,-13.165829145728644,0.47938409668489657
35,3.300000000000001,-12.964824120603016,0.4642859665416475
36,3.300000000000001,-12.763819095477388,0.44880823748738224
37,3.300000000000001,-12.56281407035176,0.4287048797583206
38,3.300000000000001,-12.361809045226131,0.4016091891714472
39,3.300000000000001,-12.160804020100503,0.3702904794808502
40,3.300000000000001,-11.959798994974873,0.3401856651118574
41,3.300000000000001,-11.758793969849245,0.31583823135622485
42,3.300000000000001,-11.557788944723617,0.3012974007199411
43,3.300000000000001,-11.356783919597989,0.2982957327660827
44,3.300000000000001,-11.15577889447236,0.3038054657188521
45,3.300000000000001,-10.954773869346733,0.31230353947217465
46,3.300000000000001,-10.753768844221105,0.31730836176379235
47,3.300000000000001,-10.552763819095476,0.3128555564761675
48,3.300000000000001,-10.351758793969848,0.29751563717986884
49,3.300000000000001,-10.15075376884422,0.2753006741699793
50,3.300000000000001,-9.949748743718592,0.2548213173973083
51,3.300000000000001,-9.748743718592964,0.24659636644340174
52,3.300000000000001,-9.547738693467336,0.25878830387577373
53,3.300000000000001,-9.346733668341708,0.2951772767589445
54,3.300000000000001,-9.14572864321608,0.3541796582220602
55,3.300000000000001,-8.944723618090451,0.429708928813448
56,3.300000000000001,-8.743718592964823,0.5126407097912632
57,3.300000000000001,-8.542713567839195,0.5931815670160941
58,3.300000000000001,-8.341708542713567,0.6625582648748228
59,3.300000000000001,-8.140703517587939,0.7138736754516575
60,3.300000000000001,-7.939698492462311,0.7431463788496875
61,3.300000000000001,-7.738693467336683,0.7504592704586587
62,3.300000000000001,-7.537688442211055,0.7393331657384091
63,3.300000000000001,-7.3366834170854265,0.7144853857487579
64,3.300000000000001,-7.135678391959798,0.6802285430580026
65,3.300000000000001,-6.93467336683417,0.6401521758797263
66,3.300000000000001,-6.733668341708542,0.5977775899889182
67,3.300000000000001,-6.532663316582914,0.5567335488226369
68,3.300000000000001,-6.331658291457286,0.5194715481900697
69,3.300000000000001,-6.130653266331658,0.4865696407207695
70,3.300000000000001,-5.92964824120603,0.4578873355519592
71,3.300000000000001,-5.7286432160804015,0.4340760085655983
72,3.300000000000001,-5.527638190954773,0.41609900722623194
73,3.300000000000001,-5.326633165829145,0.40366149962492015
74,3.300000000000001,-5.125628140703517,0.39561190957037945
75,3.300000000000001,-4.924623115577889,0.39216875322332584
76,3.300000000000001,-4.723618090452261,0.3951137896085919
77,3.300000000000001,-4.522613065326633,0.4050775674289286
78,3.300000000000001,-4.321608040201005,0.42073439834645165
79,3.300000000000001,-4.1206030150753765,0.44283402948410955
80,3.300000000000001,-3.9195979899497466,0.4776646347333584
81,3.300000000000001,-3.7185929648241185,0.5329050385181393
82,3.300000000000001,-3.5175879396984904,0.6081162490552734
83,3.300000000000001,-3.3165829145728623,0.6900471750599475
84,3.300000000000001,-3.115577889447234,0.7584264862789857
85,3.300000000000001,-2.914572864321606,0.7971515189115316
86,3.300000000000001,-2.713567839195978,0.8016110263681768
87,3.300000000000001,-2.5125628140703498,0.7781622516469583
88,3.300000000000001,-2.3115577889447216,0.7386204609113953
89,3.300000000000001,-2.1105527638190935,0.6947040674658431
90,3.300000000000001,-1.9095477386934654,0.6551215115985884
91,3.300000000000001,-1.7085427135678373,0.625235843577076
92,3.300000000000001,-1.5075376884422091,0.6080269238870817
93,3.300000000000001,-1.306532663316581,0.6052524254196602
94,3.300000000000001,-1.105527638190953,0.6181791418667105
95,3.300000000000001,-0.9045226130653248,0.6474373907444126
96,3.300000000000001,-0.7035175879396967,0.6913182680595062
97,3.300000000000001,-0.5025125628140685,0.7422564388944406
98,3.300000000000001,-0.3015075376884404,0.7851968507224886
99,3.300000000000001,-0.10050251256281229,0.8061696340797377
100,3.300000000000001,0.10050251256281584,0.8085191625805022
101,3.300000000000001,0.30150753768844396,0.8175701386181404
102,3.300000000000001,0.5025125628140721,0.8683170673634769
103,3.300000000000001,0.7035175879397002,0.966409327175607
104,3.300000000000001,0.9045226130653283,0.9477940066928188
105,3.300000000000001,1.1055276381909565,0.5818177571268334
106,3.300000000000001,1.3065326633165846,0.26947202072096915
107,3.300000000000001,1.5075376884422127,0.14797156514359194
108,3.300000000000001,1.7085427135678408,0.08991992956183535
109,3.300000000000001,1.909547738693469,0.057426629725335916
110,3.300000000000001,2.110552763819097,0.03814563543126809
111,3.300000000000001,2.311557788944725,0.03487962335678127
112,3.300000000000001,2.5125628140703533,0.029983689625026566
113,3.300000000000001,2.7135678391959814,0.0006358058802329416
114,3.300000000000001,2.9145728643216096,0.07754592542998318
115,3.300000000000001,3.1155778894472377,0.04179420864170527
116,3.300000000000001,3.316582914572866,0.16367459258489883
117,3.300000000000001,3.517587939698494,0.1313534287827117
118,3.300000000000001,3.718592964824122,0.3051308702487956
119,3.300000000000001,3.91959798994975,0.24535101158588163
120,3.300000000000001,4.120603015075378,0.36071453419352334
121,3.300000000000001,4.321608040201006,0.42757102111716744
122,3.300000000000001,4.5226130653266345,0.3643399858908073
123,3.300000000000001,4.723618090452263,0.43129395833318557
124,3.300000000000001,4.924623115577891,0.48658156250553053
125,3.300000000000001,5.125628140703519,0.43177393824425697
126,3.300000000000001,5.326633165829147,0.40511795501393155
127,3.300000000000001,5.527638190954775,0.4204559745158055
128,3.300000000000001,5.728643216080403,0.46894409374165175
129,3.300000000000001,5.929648241206031,0.38554323477128033
130,3.300000000000001,6.1306532663316595,0.33684321495691505
131,3.300000000000001,6.331658291457288,0.39998956521223356
132,3.300000000000001,6.532663316582916,0.3395031510612573
133,3.300000000000001,6.733668341708544,0.2606227644136693
134,3.300000000000001,6.934673366834172,0.35852707170112585
135,3.300000000000001,7.1356783919598,0.385753414982831
136,3.300000000000001,7.336683417085428,0.2272868450783438
137,3.300000000000001,7.537688442211056,0.12043755934651154
138,3.300000000000001,7.7386934673366845,0.22609336503428126
139,3.300000000000001,7.939698492462313,0.3918692923797413
140,3.300000000000001,8.14070351758794,0.361096858942565
141,3.300000000000001,8.341708542713569,0.17270568180127832
142,3.300000000000001,8.542713567839197,0.03318892811220577
143,3.300000000000001,8.743718592964825,0.08522995979385034
144,3.300000000000001,8.944723618090453,0.24206214658507003
145,3.300000000000001,9.145728643216081,0.39646310329379075
146,3.300000000000001,9.34673366834171,0.3792821899387848
147,3.300000000000001,9.547738693467338,0.23850181539114776
148,3.300000000000001,9.748743718592966,0.09987325371076919
149,3.300000000000001,9.949748743718594,0.004931741876589649
150,3.300000000000001,10.150753768844222,0.04331921585593215
151,3.300000000000001,10.35175879396985,0.13981342895940121
152,3.300000000000001,10.552763819095478,0.21667577435850352
153,3.300000000000001,10.753768844221106,0.32038548222853414
154,3.300000000000001,10.954773869346734,0.3691714226932115
155,3.300000000000001,11.155778894472363,0.2700095659642337
156,3.300000000000001,11.35678391959799,0.11966522742208655
157,3.300000000000001,11.557788944723619,0.044202460930569995
158,3.300000000000001,11.758793969849247,0.01981411849273908
159,3.300000000000001,11.959798994974875,0.009636571432594889
160,3.300000000000001,12.160804020100507,0.0564286585480267
161,3.300000000000001,12.361809045226131,0.16274611947475018
162,3.300000000000001,12.562814070351763,0.21695173672709472
163,3.300000000000001,12.763819095477388,0.18373428355703164
164,3.300000000000001,12.96482412060302,0.130599511749002
165,3.300000000000001,13.165829145728644,0.10119465347701051
166,3.300000000000001,13.366834170854275,0.1423275318061047
167,3.300000000000001,13.5678391959799,0.18971478119452204
168,3.300000000000001,13.768844221105532,0.1628746188898185
169,3.300000000000001,13.969849246231156,0.11490619210555439
170,3.300000000000001,14.170854271356788,0.09311884104019379
171,3.300000000000001,14.371859296482413,0.09967563184927206
172,3.300000000000001,14.572864321608044,0.10166821468666591
173,3.300000000000001,14.773869346733669,0.06614735358027465
174,3.300000000000001,14.9748743718593,0.037013602340000784
175,3.300000000000001,15.175879396984925,0.050985984772040006
176,3.300000000000001,15.376884422110557,0.09434373084094623
177,3.300000000000001,15.577889447236181,0.14576706005062223
178,3.300000000000001,15.778894472361813,0.26342391253259584
179,3.300000000000001,15.979899497487438,0.4229252282806923
180,3.300000000000001,16.18090452261307,0.4917982977105959
181,3.300000000000001,16.381909547738694,0.44214765472056955
182,3.300000000000001,16.582914572864325,0.3129460297888321
183,3.300000000000001,16.78391959798995,0.18996432524580745
184,3.300000000000001,16.98492462311558,0.14519478819016002
185,3.300000000000001,17.185929648241206,0.11807279214305605
186,3.300000000000001,17.386934673366838,0.06558285390819174
187,3.300000000000001,17.587939698492463,0.01884580940660979
188,3.300000000000001,17.788944723618094,0.0029470453054975983
189,3.300000000000001,17.98994974874372,0.025978381906418407
190,3.300000000000001,18.19095477386935,0.10688550549441367
191,3.300000000000001,18.391959798994975,0.20886413207847832
192,3.300000000000001,18.592964824120607,0.2657130841082823
193,3.300000000000001,18.79396984924623,0.2572365396775038
194,3.300000000000001,18.994974874371863,0.2675068738074717
195,3.300000000000001,19.195979899497488,0.3175321790128306
196,3.300000000000001,19.39698492462312,0.3528021141127563
197,3.300000000000001,19.597989949748744,0.4122210224178249
198,3.300000000000001,19.798994974874375,0.4914097859356326
199,3.300000000000001,20.0,0.5374479578610619
