,t,height,fid
0,3.7000000000000015,-20.0,0.46626642248217137
1,3.7000000000000015,-19.798994974874372,0.5063418511395903
2,3.7000000000000015,-19.597989949748744,0.5306072100759903
3,3.7000000000000015,-19.396984924623116,0.5383691463387736
4,3.7000000000000015,-19.195979899497488,0.5369638066554591
5,3.7000000000000015,-18.99497487437186,0.5328695410723652
6,3.7000000000000015,-18.79396984924623,0.532856269633099
7,3.7000000000000015,-18.592964824120603,0.5414243378911657
8,3.7000000000000015,-18.391959798994975,0.5591287014703373
9,3.7000000000000015,-18.190954773869347,0.5717611639867023
10,3.7000000000000015,-17.98994974874372,0.5769412529469128
11,3.7000000000000015,-17.78894472361809,0.5784723549049743
12,3.7000000000000015,-17.587939698492463,0.5693453046535617
13,3.7000000000000015,-17.386934673366834,0.5440222726029031
14,3.7000000000000015,-17.185929648241206,0.5046380747149588
15,3.7000000000000015,-16.984924623115578,0.4557701866944895
16,3.7000000000000015,-16.78391959798995,0.40635771175766683
17,3.7000000000000015,-16.582914572864322,0.36250756728464795
18,3.7000000000000015,-16.381909547738694,0.32648744664596424
19,3.7000000000000015,-16.180904522613066,0.30808453286662696
20,3.7000000000000015,-15.979899497487438,0.3097487656472957
21,3.7000000000000015,-15.77889447236181,0.3232158930831855
22,3.7000000000000015,-15.577889447236181,0.338873251473883
23,3.7000000000000015,-15.376884422110553,0.3488943090649522
24,3.7000000000000015,-15.175879396984925,0.3483944044350002
25,3.7000000000000015,-14.974874371859297,0.3329016444090012
26,3.7000000000000015,-14.773869346733669,0.3069466786868902
27,3.7000000000000015,-14.57286432160804,0.2750620292959922
28,3.7000000000000015,-14.371859296482413,0.23973433592666027
29,3.7000000000000015,-14.170854271356784,0.20651478586722272
30,3.7000000000000015,-13.969849246231156,0.18290757142056338
31,3.7000000000000015,-13.768844221105528,0.1723649084533277
32,3.7000000000000015,-13.5678391959799,0.17859354334343516
33,3.7000000000000015,-13.366834170854272,0.20347609374017064
34,3.7000000000000015,-13.165829145728644,0.24819230267959896
35,3.7000000000000015,-12.964824120603016,0.313181013753503
36,3.7000000000000015,-12.763819095477388,0.3910981636644458
37,3.7000000000000015,-12.56281407035176,0.47120843875497803
38,3.7000000000000015,-12.361809045226131,0.543231595605266
39,3.7000000000000015,-12.160804020100503,0.600562587265302
40,3.7000000000000015,-11.959798994974873,0.6406048637891293
41,3.7000000000000015,-11.758793969849245,0.6638021727358899
42,3.7000000000000015,-11.557788944723617,0.6757257518382288
43,3.7000000000000015,-11.356783919597989,0.6798044416895233
44,3.7000000000000015,-11.15577889447236,0.6745114413729535
45,3.7000000000000015,-10.954773869346733,0.6566567951344866
46,3.7000000000000015,-10.753768844221105,0.6261488881442153
47,3.7000000000000015,-10.552763819095476,0.5855629684992228
48,3.7000000000000015,-10.351758793969848,0.5420048106630806
49,3.7000000000000015,-10.15075376884422,0.5039169067648009
50,3.7000000000000015,-9.949748743718592,0.4745194637256495
51,3.7000000000000015,-9.748743718592964,0.4515301753242842
52,3.7000000000000015,-9.547738693467336,0.4288665765256943
53,3.7000000000000015,-9.346733668341708,0.4014739546726035
54,3.7000000000000015,-9.14572864321608,0.3707284787497987
55,3.7000000000000015,-8.944723618090451,0.34377626793033084
56,3.7000000000000015,-8.743718592964823,0.3288779438899371
57,3.7000000000000015,-8.542713567839195,0.32795097392189654
58,3.7000000000000015,-8.341708542713567,0.33416624006694134
59,3.7000000000000015,-8.140703517587939,0.33645837312807053
60,3.7000000000000015,-7.939698492462311,0.32808234123978697
61,3.7000000000000015,-7.738693467336683,0.31229412414957425
62,3.7000000000000015,-7.537688442211055,0.3018204349511604
63,3.7000000000000015,-7.3366834170854265,0.3125640472007978
64,3.7000000000000015,-7.135678391959798,0.35522252033471596
65,3.7000000000000015,-6.93467336683417,0.42964526911322154
66,3.7000000000000015,-6.733668341708542,0.5242858522987407
67,3.7000000000000015,-6.532663316582914,0.6205716457700814
68,3.7000000000000015,-6.331658291457286,0.7003245329580166
69,3.7000000000000015,-6.130653266331658,0.7517338602073096
70,3.7000000000000015,-5.92964824120603,0.7709559612552657
71,3.7000000000000015,-5.7286432160804015,0.7608204011243191
72,3.7000000000000015,-5.527638190954773,0.7287131902842447
73,3.7000000000000015,-5.326633165829145,0.683762765311107
74,3.7000000000000015,-5.125628140703517,0.6338590678404482
75,3.7000000000000015,-4.924623115577889,0.5847507321987638
76,3.7000000000000015,-4.723618090452261,0.5405456123434782
77,3.7000000000000015,-4.522613065326633,0.5034693411708674
78,3.7000000000000015,-4.321608040201005,0.4741857798618359
79,3.7000000000000015,-4.1206030150753765,0.45319140887717
80,3.7000000000000015,-3.9195979899497466,0.4407147443958048
81,3.7000000000000015,-3.7185929648241185,0.43656255147625234
82,3.7000000000000015,-3.5175879396984904,0.4416137593253235
83,3.7000000000000015,-3.3165829145728623,0.45722283757632576
84,3.7000000000000015,-3.115577889447234,0.4844663707571113
85,3.7000000000000015,-2.914572864321606,0.5277342071149934
86,3.7000000000000015,-2.713567839195978,0.5931300034000724
87,3.7000000000000015,-2.5125628140703498,0.6756198665018213
88,3.7000000000000015,-2.3115577889447216,0.7527858014451928
89,3.7000000000000015,-2.1105527638190935,0.7988563457573419
90,3.7000000000000015,-1.9095477386934654,0.8035688201969873
91,3.7000000000000015,-1.7085427135678373,0.7758816199053327
92,3.7000000000000015,-1.5075376884422091,0.7338608275669455
93,3.7000000000000015,-1.306532663316581,0.6940153975722343
94,3.7000000000000015,-1.105527638190953,0.6671443735923408
95,3.7000000000000015,-0.9045226130653248,0.659175032601866
96,3.7000000000000015,-0.7035175879396967,0.6729809114334988
97,3.7000000000000015,-0.5025125628140685,0.7080904461957507
98,3.7000000000000015,-0.3015075376884404,0.7563707168942027
99,3.7000000000000015,-0.10050251256281229,0.7976459572762615
100,3.7000000000000015,0.10050251256281584,0.8118320397602113
101,3.7000000000000015,0.30150753768844396,0.8085475208142093
102,3.7000000000000015,0.5025125628140721,0.8334641007769367
103,3.7000000000000015,0.7035175879397002,0.9279804795372972
104,3.7000000000000015,0.9045226130653283,0.9518332286739909
105,3.7000000000000015,1.1055276381909565,0.5425646017009916
106,3.7000000000000015,1.3065326633165846,0.21628988875478725
107,3.7000000000000015,1.5075376884422127,0.11112946378839951
108,3.7000000000000015,1.7085427135678408,0.06416812932276013
109,3.7000000000000015,1.909547738693469,0.03649596426431622
110,3.7000000000000015,2.110552763819097,0.014581008440951336
111,3.7000000000000015,2.311557788944725,0.026906270883154493
112,3.7000000000000015,2.5125628140703533,0.08005197060426442
113,3.7000000000000015,2.7135678391959814,0.04195769966305526
114,3.7000000000000015,2.9145728643216096,0.1694137864623435
115,3.7000000000000015,3.1155778894472377,0.21286806915722384
116,3.7000000000000015,3.316582914572866,0.30988177951365986
117,3.7000000000000015,3.517587939698494,0.3326347871719602
118,3.7000000000000015,3.718592964824122,0.46210823732700634
119,3.7000000000000015,3.91959798994975,0.39142267948364295
120,3.7000000000000015,4.120603015075378,0.48972433329596243
121,3.7000000000000015,4.321608040201006,0.4864242328570698
122,3.7000000000000015,4.5226130653266345,0.4262839206787145
123,3.7000000000000015,4.723618090452263,0.44849417500667793
124,3.7000000000000015,4.924623115577891,0.4731196808992396
125,3.7000000000000015,5.125628140703519,0.3650097388293607
126,3.7000000000000015,5.326633165829147,0.40297711840298167
127,3.7000000000000015,5.527638190954775,0.34543053276986707
128,3.7000000000000015,5.728643216080403,0.3027014861464758
129,3.7000000000000015,5.929648241206031,0.4045883325668011
130,3.7000000000000015,6.1306532663316595,0.26900472293187183
131,3.7000000000000015,6.331658291457288,0.14239374144354694
132,3.7000000000000015,6.532663316582916,0.3027043641862066
133,3.7000000000000015,6.733668341708544,0.39920339400137483
134,3.7000000000000015,6.934673366834172,0.1952989069253842
135,3.7000000000000015,7.1356783919598,0.03994185027589844
136,3.7000000000000015,7.336683417085428,0.16505299959738925
137,3.7000000000000015,7.537688442211056,0.3659837246744047
138,3.7000000000000015,7.7386934673366845,0.3853759437303171
139,3.7000000000000015,7.939698492462313,0.1818960665216669
140,3.7000000000000015,8.14070351758794,0.021992307839050422
141,3.7000000000000015,8.341708542713569,0.03718048908637686
142,3.7000000000000015,8.542713567839197,0.19546052150802137
143,3.7000000000000015,8.743718592964825,0.29252045846796576
144,3.7000000000000015,8.944723618090453,0.35644136079040506
145,3.7000000000000015,9.145728643216081,0.27248129856702336
146,3.7000000000000015,9.34673366834171,0.08826383223639381
147,3.7000000000000015,9.547738693467338,0.00953720891019758
148,3.7000000000000015,9.748743718592966,0.004978994301773282
149,3.7000000000000015,9.949748743718594,0.08273475563080371
150,3.7000000000000015,10.150753768844222,0.2231373514839145
151,3.7000000000000015,10.35175879396985,0.24432556545137527
152,3.7000000000000015,10.552763819095478,0.14918136961209338
153,3.7000000000000015,10.753768844221106,0.10929167237593385
154,3.7000000000000015,10.954773869346734,0.11936619838409905
155,3.7000000000000015,11.155778894472363,0.1118458085347871
156,3.7000000000000015,11.35678391959799,0.07493864729843476
157,3.7000000000000015,11.557788944723619,0.08285181347702614
158,3.7000000000000015,11.758793969849247,0.12332709208070906
159,3.7000000000000015,11.959798994974875,0.11375046205218112
160,3.7000000000000015,12.160804020100507,0.062347370484944986
161,3.7000000000000015,12.361809045226131,0.11616651045973758
162,3.7000000000000015,12.562814070351763,0.22094487633302823
163,3.7000000000000015,12.763819095477388,0.3057966003251343
164,3.7000000000000015,12.96482412060302,0.38258072041466434
165,3.7000000000000015,13.165829145728644,0.36654495869617487
166,3.7000000000000015,13.366834170854275,0.2251390410000763
167,3.7000000000000015,13.5678391959799,0.10305591452008718
168,3.7000000000000015,13.768844221105532,0.048617797682859856
169,3.7000000000000015,13.969849246231156,0.0373932494977903
170,3.7000000000000015,14.170854271356788,0.01770224604728839
171,3.7000000000000015,14.371859296482413,0.03390197106324431
172,3.7000000000000015,14.572864321608044,0.1444923358358615
173,3.7000000000000015,14.773869346733669,0.3204871431842879
174,3.7000000000000015,14.9748743718593,0.46717822256959246
175,3.7000000000000015,15.175879396984925,0.44965954243125833
176,3.7000000000000015,15.376884422110557,0.40242259661117213
177,3.7000000000000015,15.577889447236181,0.43798168559839407
178,3.7000000000000015,15.778894472361813,0.4245073987021367
179,3.7000000000000015,15.979899497487438,0.3365814327793631
180,3.7000000000000015,16.18090452261307,0.20511772531511727
181,3.7000000000000015,16.381909547738694,0.053476704323408696
182,3.7000000000000015,16.582914572864325,0.009921894284620068
183,3.7000000000000015,16.78391959798995,0.0844317356978808
184,3.7000000000000015,16.98492462311558,0.1401942908712226
185,3.7000000000000015,17.185929648241206,0.15262701125498654
186,3.7000000000000015,17.386934673366838,0.17514099741616843
187,3.7000000000000015,17.587939698492463,0.171375176169
188,3.7000000000000015,17.788944723618094,0.17994349080820124
189,3.7000000000000015,17.98994974874372,0.2558951183324905
190,3.7000000000000015,18.19095477386935,0.4420861871094657
191,3.7000000000000015,18.391959798994975,0.6060254764649703
192,3.7000000000000015,18.592964824120607,0.5593257285822492
193,3.7000000000000015,18.79396984924623,0.42339998020561426
194,3.7000000000000015,18.994974874371863,0.30446669418073863
195,3.7000000000000015,19.195979899497488,0.19427371104872096
196,3.7000000000000015,19.39698492462312,0.10535592710085169
197,3.7000000000000015,19.597989949748744,0.036935688630168675
198,3.7000000000000015,19.798994974874375,0.013468092190272823
199,3.7000000000000015,20.0,0.06991093147936936
