,t,height,fid
0,3.9500000000000015,-20.0,0.26830929135693893
1,3.9500000000000015,-19.798994974874372,0.22949728381243303
2,3.9500000000000015,-19.597989949748744,0.19220836303866307
3,3.9500000000000015,-19.396984924623116,0.1614114272907158
4,3.9500000000000015,-19.195979899497488,0.14179130534314166
5,3.9500000000000015,-18.99497487437186,0.13252828536451355
6,3.9500000000000015,-18.79396984924623,0.1287978762225551
7,3.9500000000000015,-18.592964824120603,0.13821174147395845
8,3.9500000000000015,-18.391959798994975,0.16597316634225448
9,3.9500000000000015,-18.190954773869347,0.20821611552964803
10,3.9500000000000015,-17.98994974874372,0.2627214430632802
11,3.9500000000000015,-17.78894472361809,0.3245906041821403
12,3.9500000000000015,-17.587939698492463,0.38841884417649586
13,3.9500000000000015,-17.386934673366834,0.4509554428930668
14,3.9500000000000015,-17.185929648241206,0.5114748285938285
15,3.9500000000000015,-16.984924623115578,0.5553790956740959
16,3.9500000000000015,-16.78391959798995,0.5794934183625899
17,3.9500000000000015,-16.582914572864322,0.5908395151545899
18,3.9500000000000015,-16.381909547738694,0.5922127619817267
19,3.9500000000000015,-16.180904522613066,0.5865658953540628
20,3.9500000000000015,-15.979899497487438,0.5793769969355508
21,3.9500000000000015,-15.77889447236181,0.5736467873959271
22,3.9500000000000015,-15.577889447236181,0.5744176226230696
23,3.9500000000000015,-15.376884422110553,0.5718846203804002
24,3.9500000000000015,-15.175879396984925,0.5583283777404813
25,3.9500000000000015,-14.974874371859297,0.5351528761379348
26,3.9500000000000015,-14.773869346733669,0.5016902127270723
27,3.9500000000000015,-14.57286432160804,0.45912933840619913
28,3.9500000000000015,-14.371859296482413,0.41181430728889423
29,3.9500000000000015,-14.170854271356784,0.36919971914169375
30,3.9500000000000015,-13.969849246231156,0.3358242704118629
31,3.9500000000000015,-13.768844221105528,0.3187658618150581
32,3.9500000000000015,-13.5678391959799,0.3206051561420362
33,3.9500000000000015,-13.366834170854272,0.3331901384622546
34,3.9500000000000015,-13.165829145728644,0.3445683229577087
35,3.9500000000000015,-12.964824120603016,0.3449890833274049
36,3.9500000000000015,-12.763819095477388,0.3277305651213324
37,3.9500000000000015,-12.56281407035176,0.29508052653410294
38,3.9500000000000015,-12.361809045226131,0.25384883313610934
39,3.9500000000000015,-12.160804020100503,0.21593986291097533
40,3.9500000000000015,-11.959798994974873,0.19471151878437673
41,3.9500000000000015,-11.758793969849245,0.19713973086292785
42,3.9500000000000015,-11.557788944723617,0.22472247033512777
43,3.9500000000000015,-11.356783919597989,0.2756956537581598
44,3.9500000000000015,-11.15577889447236,0.3471399402377632
45,3.9500000000000015,-10.954773869346733,0.4314941795875984
46,3.9500000000000015,-10.753768844221105,0.5188393862131473
47,3.9500000000000015,-10.552763819095476,0.5976517007931075
48,3.9500000000000015,-10.351758793969848,0.6565331971357273
49,3.9500000000000015,-10.15075376884422,0.6899233432549386
50,3.9500000000000015,-9.949748743718592,0.7012110937031233
51,3.9500000000000015,-9.748743718592964,0.6968915471197963
52,3.9500000000000015,-9.547738693467336,0.6819594790161901
53,3.9500000000000015,-9.346733668341708,0.6569647174386833
54,3.9500000000000015,-9.14572864321608,0.6199438906741036
55,3.9500000000000015,-8.944723618090451,0.573857813729028
56,3.9500000000000015,-8.743718592964823,0.5270934545192584
57,3.9500000000000015,-8.542713567839195,0.48830145135310765
58,3.9500000000000015,-8.341708542713567,0.45878609256328584
59,3.9500000000000015,-8.140703517587939,0.4324689029083827
60,3.9500000000000015,-7.939698492462311,0.4036002852785273
61,3.9500000000000015,-7.738693467336683,0.3741795657737025
62,3.9500000000000015,-7.537688442211055,0.35276094655487616
63,3.9500000000000015,-7.3366834170854265,0.3456329866731096
64,3.9500000000000015,-7.135678391959798,0.34896747421708785
65,3.9500000000000015,-6.93467336683417,0.3510037908531294
66,3.9500000000000015,-6.733668341708542,0.34387285981652316
67,3.9500000000000015,-6.532663316582914,0.33395010481191484
68,3.9500000000000015,-6.331658291457286,0.34009567555215353
69,3.9500000000000015,-6.130653266331658,0.38045418135369485
70,3.9500000000000015,-5.92964824120603,0.4587537983860144
71,3.9500000000000015,-5.7286432160804015,0.560821349131034
72,3.9500000000000015,-5.527638190954773,0.6617873392502704
73,3.9500000000000015,-5.326633165829145,0.7379039039521389
74,3.9500000000000015,-5.125628140703517,0.7759709550475814
75,3.9500000000000015,-4.924623115577889,0.7755509802487452
76,3.9500000000000015,-4.723618090452261,0.7451040218333308
77,3.9500000000000015,-4.522613065326633,0.6968059814853526
78,3.9500000000000015,-4.321608040201005,0.6421363310460786
79,3.9500000000000015,-4.1206030150753765,0.5893653658633319
80,3.9500000000000015,-3.9195979899497466,0.5436191112537141
81,3.9500000000000015,-3.7185929648241185,0.5074464619942244
82,3.9500000000000015,-3.5175879396984904,0.4817676483387557
83,3.9500000000000015,-3.3165829145728623,0.46706205945149076
84,3.9500000000000015,-3.115577889447234,0.4636005950497573
85,3.9500000000000015,-2.914572864321606,0.4724123891763536
86,3.9500000000000015,-2.713567839195978,0.4953138406816538
87,3.9500000000000015,-2.5125628140703498,0.5352254807878117
88,3.9500000000000015,-2.3115577889447216,0.5973174343940882
89,3.9500000000000015,-2.1105527638190935,0.6788825202101036
90,3.9500000000000015,-1.9095477386934654,0.7571205729222242
91,3.9500000000000015,-1.7085427135678373,0.8019971660378497
92,3.9500000000000015,-1.5075376884422091,0.8021628234976866
93,3.9500000000000015,-1.306532663316581,0.7706837811424817
94,3.9500000000000015,-1.105527638190953,0.730309315622583
95,3.9500000000000015,-0.9045226130653248,0.6997119513192115
96,3.9500000000000015,-0.7035175879396967,0.6898824953551214
97,3.9500000000000015,-0.5025125628140685,0.7056605588105251
98,3.9500000000000015,-0.3015075376884404,0.7448608522976783
99,3.9500000000000015,-0.10050251256281229,0.791602168337174
100,3.9500000000000015,0.10050251256281584,0.816739637135883
101,3.9500000000000015,0.30150753768844396,0.8110884423125684
102,3.9500000000000015,0.5025125628140721,0.818326640899728
103,3.9500000000000015,0.7035175879397002,0.9015705661677841
104,3.9500000000000015,0.9045226130653283,0.9497218226505204
105,3.9500000000000015,1.1055276381909565,0.5188396498637098
106,3.9500000000000015,1.3065326633165846,0.18911911014496569
107,3.9500000000000015,1.5075376884422127,0.09403961251927141
108,3.9500000000000015,1.7085427135678408,0.05399440239296135
109,3.9500000000000015,1.909547738693469,0.02938430633226141
110,3.9500000000000015,2.110552763819097,0.003941513119294437
111,3.9500000000000015,2.311557788944725,0.027698596302724778
112,3.9500000000000015,2.5125628140703533,0.14166424501029962
113,3.9500000000000015,2.7135678391959814,0.1268954162013861
114,3.9500000000000015,2.9145728643216096,0.2545719015149543
115,3.9500000000000015,3.1155778894472377,0.34055213474365853
116,3.9500000000000015,3.316582914572866,0.3984166023530245
117,3.9500000000000015,3.517587939698494,0.4306396520738618
118,3.9500000000000015,3.718592964824122,0.5116020875536279
119,3.9500000000000015,3.91959798994975,0.4386550180821026
120,3.9500000000000015,4.120603015075378,0.4963015416986175
121,3.9500000000000015,4.321608040201006,0.4811167999204027
122,3.9500000000000015,4.5226130653266345,0.39401040792368786
123,3.9500000000000015,4.723618090452263,0.4464478994246652
124,3.9500000000000015,4.924623115577891,0.35362055953493965
125,3.9500000000000015,5.125628140703519,0.3996771364381732
126,3.9500000000000015,5.326633165829147,0.29599143265208777
127,3.9500000000000015,5.527638190954775,0.23151798034589227
128,3.9500000000000015,5.728643216080403,0.40412749962408595
129,3.9500000000000015,5.929648241206031,0.260445462552799
130,3.9500000000000015,6.1306532663316595,0.08560500128558003
131,3.9500000000000015,6.331658291457288,0.2596561300972502
132,3.9500000000000015,6.532663316582916,0.4017720621788834
133,3.9500000000000015,6.733668341708544,0.2091240960615061
134,3.9500000000000015,6.934673366834172,0.014109489873340639
135,3.9500000000000015,7.1356783919598,0.11672435046792914
136,3.9500000000000015,7.336683417085428,0.34922646950179453
137,3.9500000000000015,7.537688442211056,0.36531734808729144
138,3.9500000000000015,7.7386934673366845,0.23282023728476253
139,3.9500000000000015,7.939698492462313,0.04146534136918915
140,3.9500000000000015,8.14070351758794,0.017517403295103394
141,3.9500000000000015,8.341708542713569,0.10474383043776317
142,3.9500000000000015,8.542713567839197,0.260186778855856
143,3.9500000000000015,8.743718592964825,0.3158650164613445
144,3.9500000000000015,8.944723618090453,0.1672876163740663
145,3.9500000000000015,9.145728643216081,0.06677560311625956
146,3.9500000000000015,9.34673366834171,0.03131263819825188
147,3.9500000000000015,9.547738693467338,0.030856693752113057
148,3.9500000000000015,9.748743718592966,0.13422414068060845
149,3.9500000000000015,9.949748743718594,0.18450627075265708
150,3.9500000000000015,10.150753768844222,0.13743246499928766
151,3.9500000000000015,10.35175879396985,0.11222301195120868
152,3.9500000000000015,10.552763819095478,0.19292055499089938
153,3.9500000000000015,10.753768844221106,0.21576758026515924
154,3.9500000000000015,10.954773869346734,0.15927896118238963
155,3.9500000000000015,11.155778894472363,0.12776385113372407
156,3.9500000000000015,11.35678391959799,0.10442944689407449
157,3.9500000000000015,11.557788944723619,0.05095946149144554
158,3.9500000000000015,11.758793969849247,0.048982502942812985
159,3.9500000000000015,11.959798994974875,0.11441580321778064
160,3.9500000000000015,12.160804020100507,0.22899176102239016
161,3.9500000000000015,12.361809045226131,0.44696030506359197
162,3.9500000000000015,12.562814070351763,0.5517292270470242
163,3.9500000000000015,12.763819095477388,0.42600186134572404
164,3.9500000000000015,12.96482412060302,0.24373572822978018
165,3.9500000000000015,13.165829145728644,0.15722413416939346
166,3.9500000000000015,13.366834170854275,0.09180390353354256
167,3.9500000000000015,13.5678391959799,0.018169107189225455
168,3.9500000000000015,13.768844221105532,0.025849216775035634
169,3.9500000000000015,13.969849246231156,0.12601836729839422
170,3.9500000000000015,14.170854271356788,0.2765872573923186
171,3.9500000000000015,14.371859296482413,0.3233621856931803
172,3.9500000000000015,14.572864321608044,0.307176312635454
173,3.9500000000000015,14.773869346733669,0.37812462321788726
174,3.9500000000000015,14.9748743718593,0.4459516532111717
175,3.9500000000000015,15.175879396984925,0.492578796056161
176,3.9500000000000015,15.376884422110557,0.4394644865109848
177,3.9500000000000015,15.577889447236181,0.22844135093931073
178,3.9500000000000015,15.778894472361813,0.03938626867368703
179,3.9500000000000015,15.979899497487438,0.02930843949222112
180,3.9500000000000015,16.18090452261307,0.06718685307998262
181,3.9500000000000015,16.381909547738694,0.11145257158746583
182,3.9500000000000015,16.582914572864325,0.13821472690498454
183,3.9500000000000015,16.78391959798995,0.12315082864124498
184,3.9500000000000015,16.98492462311558,0.10306534546700481
185,3.9500000000000015,17.185929648241206,0.21415443544644433
186,3.9500000000000015,17.386934673366838,0.45060570476792144
187,3.9500000000000015,17.587939698492463,0.5493306005364543
188,3.9500000000000015,17.788944723618094,0.5324040584348354
189,3.9500000000000015,17.98994974874372,0.46897562250843544
190,3.9500000000000015,18.19095477386935,0.38384276332236916
191,3.9500000000000015,18.391959798994975,0.29792693642753126
192,3.9500000000000015,18.592964824120607,0.18276264770255132
193,3.9500000000000015,18.79396984924623,0.041162447790167325
194,3.9500000000000015,18.994974874371863,0.03135096210336577
195,3.9500000000000015,19.195979899497488,0.0978330417833424
196,3.9500000000000015,19.39698492462312,0.119547448195796
197,3.9500000000000015,19.597989949748744,0.08754818233627816
198,3.9500000000000015,19.798994974874375,0.03939307482720786
199,3.9500000000000015,20.0,0.00693647902871814
