,t,height,fid
0,3.4000000000000012,-20.0,0.32360213589489206
1,3.4000000000000012,-19.798994974874372,0.30767229343477326
2,3.4000000000000012,-19.597989949748744,0.30861919836873203
3,3.4000000000000012,-19.396984924623116,0.3165014552048402
4,3.4000000000000012,-19.195979899497488,0.32373815336843587
5,3.4000000000000012,-18.99497487437186,0.3304593108685245
6,3.4000000000000012,-18.79396984924623,0.33672622445925576
7,3.4000000000000012,-18.592964824120603,0.3391628860344557
8,3.4000000000000012,-18.391959798994975,0.33675356326748435
9,3.4000000000000012,-18.190954773869347,0.3265816936197152
10,3.4000000000000012,-17.98994974874372,0.30906262464359857
11,3.4000000000000012,-17.78894472361809,0.28871687644143434
12,3.4000000000000012,-17.587939698492463,0.26236198807981376
13,3.4000000000000012,-17.386934673366834,0.22795187602777645
14,3.4000000000000012,-17.185929648241206,0.19221392906153342
15,3.4000000000000012,-16.984924623115578,0.16219964165222114
16,3.4000000000000012,-16.78391959798995,0.14330111653871036
17,3.4000000000000012,-16.582914572864322,0.13736458523240924
18,3.4000000000000012,-16.381909547738694,0.1472337133237878
19,3.4000000000000012,-16.180904522613066,0.1741962302492326
20,3.4000000000000012,-15.979899497487438,0.21443016420028016
21,3.4000000000000012,-15.77889447236181,0.2664793953827421
22,3.4000000000000012,-15.577889447236181,0.32769793279751036
23,3.4000000000000012,-15.376884422110553,0.3908894701067944
24,3.4000000000000012,-15.175879396984925,0.4481392596158879
25,3.4000000000000012,-14.974874371859297,0.4986157152858749
26,3.4000000000000012,-14.773869346733669,0.5421450706375879
27,3.4000000000000012,-14.57286432160804,0.57994936294093
28,3.4000000000000012,-14.371859296482413,0.6138858531533599
29,3.4000000000000012,-14.170854271356784,0.6410506273180765
30,3.4000000000000012,-13.969849246231156,0.6582101135858437
31,3.4000000000000012,-13.768844221105528,0.6662424718251868
32,3.4000000000000012,-13.5678391959799,0.6630900117013153
33,3.4000000000000012,-13.366834170854272,0.6468759333067701
34,3.4000000000000012,-13.165829145728644,0.6180209728262743
35,3.4000000000000012,-12.964824120603016,0.5812402696471293
36,3.4000000000000012,-12.763819095477388,0.5450103966704595
37,3.4000000000000012,-12.56281407035176,0.5136359362437748
38,3.4000000000000012,-12.361809045226131,0.4888889583295448
39,3.4000000000000012,-12.160804020100503,0.4703120308298033
40,3.4000000000000012,-11.959798994974873,0.45455500085397466
41,3.4000000000000012,-11.758793969849245,0.4352848922839256
42,3.4000000000000012,-11.557788944723617,0.4093408726738276
43,3.4000000000000012,-11.356783919597989,0.37858222988935225
44,3.4000000000000012,-11.15577889447236,0.34754279886215644
45,3.4000000000000012,-10.954773869346733,0.32240136156104343
46,3.4000000000000012,-10.753768844221105,0.3085459892221402
47,3.4000000000000012,-10.552763819095476,0.3063565416808979
48,3.4000000000000012,-10.351758793969848,0.3121128862890395
49,3.4000000000000012,-10.15075376884422,0.3193070972101431
50,3.4000000000000012,-9.949748743718592,0.3205993751882938
51,3.4000000000000012,-9.748743718592964,0.3117609148951017
52,3.4000000000000012,-9.547738693467336,0.29352865874807005
53,3.4000000000000012,-9.346733668341708,0.27294962285438734
54,3.4000000000000012,-9.14572864321608,0.2611670803890443
55,3.4000000000000012,-8.944723618090451,0.2691405773955166
56,3.4000000000000012,-8.743718592964823,0.303295183387361
57,3.4000000000000012,-8.542713567839195,0.3633250170094845
58,3.4000000000000012,-8.341708542713567,0.4424004434980406
59,3.4000000000000012,-8.140703517587939,0.5294459082540753
60,3.4000000000000012,-7.939698492462311,0.6125943676915296
61,3.4000000000000012,-7.738693467336683,0.681866760245881
62,3.4000000000000012,-7.537688442211055,0.7301525207167536
63,3.4000000000000012,-7.3366834170854265,0.7539587231852312
64,3.4000000000000012,-7.135678391959798,0.7542235781924235
65,3.4000000000000012,-6.93467336683417,0.7354463525788734
66,3.4000000000000012,-6.733668341708542,0.7034583831033444
67,3.4000000000000012,-6.532663316582914,0.6634537052855478
68,3.4000000000000012,-6.331658291457286,0.6195845570799555
69,3.4000000000000012,-6.130653266331658,0.5757462994950517
70,3.4000000000000012,-5.92964824120603,0.5352517771078148
71,3.4000000000000012,-5.7286432160804015,0.49968993980788934
72,3.4000000000000012,-5.527638190954773,0.46919161687688116
73,3.4000000000000012,-5.326633165829145,0.44411016594708336
74,3.4000000000000012,-5.125628140703517,0.4253019565859347
75,3.4000000000000012,-4.924623115577889,0.41268417307529254
76,3.4000000000000012,-4.723618090452261,0.4053474659393725
77,3.4000000000000012,-4.522613065326633,0.40367816245528004
78,3.4000000000000012,-4.321608040201005,0.4093242346684308
79,3.4000000000000012,-4.1206030150753765,0.422545316996404
80,3.4000000000000012,-3.9195979899497466,0.4427227448099344
81,3.4000000000000012,-3.7185929648241185,0.4731685195904763
82,3.4000000000000012,-3.5175879396984904,0.5217227321385304
83,3.4000000000000012,-3.3165829145728623,0.592093987529653
84,3.4000000000000012,-3.115577889447234,0.6746926242760184
85,3.4000000000000012,-2.914572864321606,0.7486906528913229
86,3.4000000000000012,-2.713567839195978,0.7943032936821574
87,3.4000000000000012,-2.5125628140703498,0.803664355252969
88,3.4000000000000012,-2.3115577889447216,0.7822784686452036
89,3.4000000000000012,-2.1105527638190935,0.7429939920062079
90,3.4000000000000012,-1.9095477386934654,0.6990466235549245
91,3.4000000000000012,-1.7085427135678373,0.6602747613075848
92,3.4000000000000012,-1.5075376884422091,0.6326608529008798
93,3.4000000000000012,-1.306532663316581,0.6195088969637172
94,3.4000000000000012,-1.105527638190953,0.6227705574739185
95,3.4000000000000012,-0.9045226130653248,0.643622979326473
96,3.4000000000000012,-0.7035175879396967,0.6815141763791249
97,3.4000000000000012,-0.5025125628140685,0.73089210743796
98,3.4000000000000012,-0.3015075376884404,0.7776656137842428
99,3.4000000000000012,-0.10050251256281229,0.8044591591714841
100,3.4000000000000012,0.10050251256281584,0.8087179962627282
101,3.4000000000000012,0.30150753768844396,0.8138872945449661
102,3.4000000000000012,0.5025125628140721,0.8587094943236447
103,3.4000000000000012,0.7035175879397002,0.9576796229866037
104,3.4000000000000012,0.9045226130653283,0.9496740249928131
105,3.4000000000000012,1.1055276381909565,0.571899419566282
106,3.4000000000000012,1.3065326633165846,0.2550504334218161
107,3.4000000000000012,1.5075376884422127,0.13762488345460047
108,3.4000000000000012,1.7085427135678408,0.08244540984224157
109,3.4000000000000012,1.909547738693469,0.05141764927788446
110,3.4000000000000012,2.110552763819097,0.03236683053077593
111,3.4000000000000012,2.311557788944725,0.03297214853551818
112,3.4000000000000012,2.5125628140703533,0.03700520184535131
113,3.4000000000000012,2.7135678391959814,0.0008441357628334119
114,3.4000000000000012,2.9145728643216096,0.09518474133700243
115,3.4000000000000012,3.1155778894472377,0.07459195466434285
116,3.4000000000000012,3.316582914572866,0.19721626234165573
117,3.4000000000000012,3.517587939698494,0.18072516351596746
118,3.4000000000000012,3.718592964824122,0.35103099190432024
119,3.4000000000000012,3.91959798994975,0.28751975159730925
120,3.4000000000000012,4.120603015075378,0.4052921256080523
121,3.4000000000000012,4.321608040201006,0.4540002074192656
122,3.4000000000000012,4.5226130653266345,0.3889156933730146
123,3.4000000000000012,4.723618090452263,0.4524745083851263
124,3.4000000000000012,4.924623115577891,0.4844031325497851
125,3.4000000000000012,5.125628140703519,0.4401476355547902
126,3.4000000000000012,5.326633165829147,0.38745311725643555
127,3.4000000000000012,5.527638190954775,0.4296177029044748
128,3.4000000000000012,5.728643216080403,0.44269463784476426
129,3.4000000000000012,5.929648241206031,0.3365604778673291
130,3.4000000000000012,6.1306532663316595,0.37106499348960365
131,3.4000000000000012,6.331658291457288,0.37049054022739053
132,3.4000000000000012,6.532663316582916,0.24580409379309345
133,3.4000000000000012,6.733668341708544,0.28349991186744755
134,3.4000000000000012,6.934673366834172,0.40542927880547835
135,3.4000000000000012,7.1356783919598,0.30611657411512594
136,3.4000000000000012,7.336683417085428,0.12266001631403038
137,3.4000000000000012,7.537688442211056,0.13385314555552558
138,3.4000000000000012,7.7386934673366845,0.32035178532001946
139,3.4000000000000012,7.939698492462313,0.40110063644621213
140,3.4000000000000012,8.14070351758794,0.2671672667893947
141,3.4000000000000012,8.341708542713569,0.06363918870066744
142,3.4000000000000012,8.542713567839197,0.028926060300991836
143,3.4000000000000012,8.743718592964825,0.15301041934711626
144,3.4000000000000012,8.944723618090453,0.34242582888777323
145,3.4000000000000012,9.145728643216081,0.39382142845854723
146,3.4000000000000012,9.34673366834171,0.3062936845430048
147,3.4000000000000012,9.547738693467338,0.18177286204116103
148,3.4000000000000012,9.748743718592966,0.03914050976863046
149,3.4000000000000012,9.949748743718594,0.009046409324249445
150,3.4000000000000012,10.150753768844222,0.0708194470456596
151,3.4000000000000012,10.35175879396985,0.14830240076006368
152,3.4000000000000012,10.552763819095478,0.27863836378700013
153,3.4000000000000012,10.753768844221106,0.35359498697945674
154,3.4000000000000012,10.954773869346734,0.27254243765752273
155,3.4000000000000012,11.155778894472363,0.12975316495996125
156,3.4000000000000012,11.35678391959799,0.06739908943780448
157,3.4000000000000012,11.557788944723619,0.0419345333897516
158,3.4000000000000012,11.758793969849247,0.020757263032042977
159,3.4000000000000012,11.959798994974875,0.05159558558394768
160,3.4000000000000012,12.160804020100507,0.1378489733163061
161,3.4000000000000012,12.361809045226131,0.1799928597892382
162,3.4000000000000012,12.562814070351763,0.1613939377021957
163,3.4000000000000012,12.763819095477388,0.1097010599473815
164,3.4000000000000012,12.96482412060302,0.10066516240540177
165,3.4000000000000012,13.165829145728644,0.17700715636098588
166,3.4000000000000012,13.366834170854275,0.22075121909165724
167,3.4000000000000012,13.5678391959799,0.19344518060939392
168,3.4000000000000012,13.768844221105532,0.1568497884067189
169,3.4000000000000012,13.969849246231156,0.132032211848915
170,3.4000000000000012,14.170854271356788,0.10948007771185676
171,3.4000000000000012,14.371859296482413,0.07263428715455232
172,3.4000000000000012,14.572864321608044,0.03824553227211416
173,3.4000000000000012,14.773869346733669,0.03161696545539181
174,3.4000000000000012,14.9748743718593,0.05444862940626238
175,3.4000000000000012,15.175879396984925,0.08355756270127941
176,3.4000000000000012,15.376884422110557,0.1769260258096961
177,3.4000000000000012,15.577889447236181,0.35794134162781993
178,3.4000000000000012,15.778894472361813,0.4986375205598932
179,3.4000000000000012,15.979899497487438,0.5215958405855109
180,3.4000000000000012,16.18090452261307,0.41513964626007754
181,3.4000000000000012,16.381909547738694,0.28069496183628967
182,3.4000000000000012,16.582914572864325,0.23070527983234865
183,3.4000000000000012,16.78391959798995,0.19545346451285814
184,3.4000000000000012,16.98492462311558,0.11718598101071598
185,3.4000000000000012,17.185929648241206,0.04494731349474346
186,3.4000000000000012,17.386934673366838,0.006304740191000869
187,3.4000000000000012,17.587939698492463,0.0178698294351395
188,3.4000000000000012,17.788944723618094,0.09479558814421157
189,3.4000000000000012,17.98994974874372,0.18655450488200187
190,3.4000000000000012,18.19095477386935,0.2213244060533024
191,3.4000000000000012,18.391959798994975,0.21073898668874982
192,3.4000000000000012,18.592964824120607,0.23562927844740342
193,3.4000000000000012,18.79396984924623,0.27204837494844647
194,3.4000000000000012,18.994974874371863,0.3080606582528675
195,3.4000000000000012,19.195979899497488,0.3913041786274619
196,3.4000000000000012,19.39698492462312,0.5032964769597384
197,3.4000000000000012,19.597989949748744,0.5778986243171811
198,3.4000000000000012,19.798994974874375,0.49892771718843565
199,3.4000000000000012,20.0,0.2892466457389254
