,t,height,fid
0,3.800000000000001,-20.0,0.15570377278558095
1,3.800000000000001,-19.798994974874372,0.19693836001060888
2,3.800000000000001,-19.597989949748744,0.25412468490378326
3,3.800000000000001,-19.396984924623116,0.3137124022774818
4,3.800000000000001,-19.195979899497488,0.3741628831541902
5,3.800000000000001,-18.99497487437186,0.43662100496801803
6,3.800000000000001,-18.79396984924623,0.49238336378016456
7,3.800000000000001,-18.592964824120603,0.5355592632662145
8,3.800000000000001,-18.391959798994975,0.5622340387175931
9,3.800000000000001,-18.190954773869347,0.571109096577755
10,3.800000000000001,-17.98994974874372,0.5639925448464664
11,3.800000000000001,-17.78894472361809,0.5557424652135389
12,3.800000000000001,-17.587939698492463,0.554731605103996
13,3.800000000000001,-17.386934673366834,0.5546778610254807
14,3.800000000000001,-17.185929648241206,0.5575096738988619
15,3.800000000000001,-16.984924623115578,0.5643003100168977
16,3.800000000000001,-16.78391959798995,0.5692261459949457
17,3.800000000000001,-16.582914572864322,0.5656616304111448
18,3.800000000000001,-16.381909547738694,0.546883643436846
19,3.800000000000001,-16.180904522613066,0.5127163486601958
20,3.800000000000001,-15.979899497487438,0.47121407837193574
21,3.800000000000001,-15.77889447236181,0.4225134273642681
22,3.800000000000001,-15.577889447236181,0.37198616325829187
23,3.800000000000001,-15.376884422110553,0.33194550900101166
24,3.800000000000001,-15.175879396984925,0.31052780564850796
25,3.800000000000001,-14.974874371859297,0.3085837374954852
26,3.800000000000001,-14.773869346733669,0.3207941051401595
27,3.800000000000001,-14.57286432160804,0.33955004236881264
28,3.800000000000001,-14.371859296482413,0.3505313872206538
29,3.800000000000001,-14.170854271356784,0.3461858083545571
30,3.800000000000001,-13.969849246231156,0.32660083111892046
31,3.800000000000001,-13.768844221105528,0.29410186220207374
32,3.800000000000001,-13.5678391959799,0.25408513574078795
33,3.800000000000001,-13.366834170854272,0.21657775078980723
34,3.800000000000001,-13.165829145728644,0.18947013043458802
35,3.800000000000001,-12.964824120603016,0.1798472520118219
36,3.800000000000001,-12.763819095477388,0.19018915068688813
37,3.800000000000001,-12.56281407035176,0.220068974290082
38,3.800000000000001,-12.361809045226131,0.27068077813093383
39,3.800000000000001,-12.160804020100503,0.3398310841687187
40,3.800000000000001,-11.959798994974873,0.42098472334388876
41,3.800000000000001,-11.758793969849245,0.5031048907522033
42,3.800000000000001,-11.557788944723617,0.5763791489675781
43,3.800000000000001,-11.356783919597989,0.6323653933224409
44,3.800000000000001,-11.15577889447236,0.6670229021900685
45,3.800000000000001,-10.954773869346733,0.6834135213835882
46,3.800000000000001,-10.753768844221105,0.6878435923558347
47,3.800000000000001,-10.552763819095476,0.6825310746099174
48,3.800000000000001,-10.351758793969848,0.6667139304758246
49,3.800000000000001,-10.15075376884422,0.6388035960835041
50,3.800000000000001,-9.949748743718592,0.5991185638742161
51,3.800000000000001,-9.748743718592964,0.553998337031743
52,3.800000000000001,-9.547738693467336,0.5123036612884527
53,3.800000000000001,-9.346733668341708,0.4791826133975849
54,3.800000000000001,-9.14572864321608,0.45359197338914403
55,3.800000000000001,-8.944723618090451,0.429200740820125
56,3.800000000000001,-8.743718592964823,0.4012109766114307
57,3.800000000000001,-8.542713567839195,0.3710697813192291
58,3.800000000000001,-8.341708542713567,0.34649559292397786
59,3.800000000000001,-8.140703517587939,0.33501553280325286
60,3.800000000000001,-7.939698492462311,0.33654458606864146
61,3.800000000000001,-7.738693467336683,0.34180385658467843
62,3.800000000000001,-7.537688442211055,0.33975984871860626
63,3.800000000000001,-7.3366834170854265,0.3277112798467042
64,3.800000000000001,-7.135678391959798,0.31556736671601854
65,3.800000000000001,-6.93467336683417,0.32088259678396347
66,3.800000000000001,-6.733668341708542,0.3582627856528009
67,3.800000000000001,-6.532663316582914,0.43050596576666295
68,3.800000000000001,-6.331658291457286,0.5265756095705671
69,3.800000000000001,-6.130653266331658,0.6261730213364826
70,3.800000000000001,-5.92964824120603,0.7083279978251733
71,3.800000000000001,-5.7286432160804015,0.7592469387296283
72,3.800000000000001,-5.527638190954773,0.7750423032098931
73,3.800000000000001,-5.326633165829145,0.7598583752851606
74,3.800000000000001,-5.125628140703517,0.7226521248847668
75,3.800000000000001,-4.924623115577889,0.6737279777221985
76,3.800000000000001,-4.723618090452261,0.6216268634978696
77,3.800000000000001,-4.522613065326633,0.5723045260402516
78,3.800000000000001,-4.321608040201005,0.5296099011849259
79,3.800000000000001,-4.1206030150753765,0.4952899644937496
80,3.800000000000001,-3.9195979899497466,0.4699442415368434
81,3.800000000000001,-3.7185929648241185,0.45401105854985535
82,3.800000000000001,-3.5175879396984904,0.4475054323488862
83,3.800000000000001,-3.3165829145728623,0.4509790569765435
84,3.800000000000001,-3.115577889447234,0.4659239852144567
85,3.800000000000001,-2.914572864321606,0.4938190771167387
86,3.800000000000001,-2.713567839195978,0.5387978850265247
87,3.800000000000001,-2.5125628140703498,0.6062834014280489
88,3.800000000000001,-2.3115577889447216,0.6896374355761655
89,3.800000000000001,-2.1105527638190935,0.7640552037944822
90,3.800000000000001,-1.9095477386934654,0.8033593226108237
91,3.800000000000001,-1.7085427135678373,0.8002535704366974
92,3.800000000000001,-1.5075376884422091,0.7675991096969362
93,3.800000000000001,-1.306532663316581,0.7255378229736618
94,3.800000000000001,-1.105527638190953,0.6905924059554853
95,3.800000000000001,-0.9045226130653248,0.6727811158026773
96,3.800000000000001,-0.7035175879396967,0.6772336669212996
97,3.800000000000001,-0.5025125628140685,0.7051978511846627
98,3.800000000000001,-0.3015075376884404,0.7508382957697106
99,3.800000000000001,-0.10050251256281229,0.7951602396438245
100,3.800000000000001,0.10050251256281584,0.8135968791918713
101,3.800000000000001,0.30150753768844396,0.808795393484661
102,3.800000000000001,0.5025125628140721,0.8266677174497784
103,3.800000000000001,0.7035175879397002,0.9174483664017868
104,3.800000000000001,0.9045226130653283,0.9514026754180998
105,3.800000000000001,1.1055276381909565,0.5329797822479164
106,3.800000000000001,1.3065326633165846,0.20486755547995922
107,3.800000000000001,1.5075376884422127,0.10375848377740933
108,3.800000000000001,1.7085427135678408,0.05951080695369068
109,3.800000000000001,1.909547738693469,0.03289342623380418
110,3.800000000000001,2.110552763819097,0.009346295062664675
111,3.800000000000001,2.311557788944725,0.025829834617910545
112,3.800000000000001,2.5125628140703533,0.10192615487672671
113,3.800000000000001,2.7135678391959814,0.07096217141005984
114,3.800000000000001,2.9145728643216096,0.2015108573145504
115,3.800000000000001,3.1155778894472377,0.26481753897616056
116,3.800000000000001,3.316582914572866,0.3472289086683268
117,3.800000000000001,3.517587939698494,0.3765004287054564
118,3.800000000000001,3.718592964824122,0.48732266975706573
119,3.800000000000001,3.91959798994975,0.41438222380758327
120,3.800000000000001,4.120603015075378,0.49895579680423674
121,3.800000000000001,4.321608040201006,0.48960175635713993
122,3.800000000000001,4.5226130653266345,0.41419590326527944
123,3.800000000000001,4.723618090452263,0.45420203140340737
124,3.800000000000001,4.924623115577891,0.42886914723476965
125,3.800000000000001,5.125628140703519,0.36487559426477595
126,3.800000000000001,5.326633165829147,0.3928529545073018
127,3.800000000000001,5.527638190954775,0.26895522809891526
128,3.800000000000001,5.728643216080403,0.3405346521128845
129,3.800000000000001,5.929648241206031,0.3841634949535378
130,3.800000000000001,6.1306532663316595,0.16917437923768372
131,3.800000000000001,6.331658291457288,0.15797103548027772
132,3.800000000000001,6.532663316582916,0.37120306983174234
133,3.800000000000001,6.733668341708544,0.3415708439907654
134,3.800000000000001,6.934673366834172,0.09407024776032573
135,3.800000000000001,7.1356783919598,0.048620678791041434
136,3.800000000000001,7.336683417085428,0.24027274012927893
137,3.800000000000001,7.537688442211056,0.4107795073516896
138,3.800000000000001,7.7386934673366845,0.31246635318339827
139,3.800000000000001,7.939698492462313,0.12127699029565438
140,3.800000000000001,8.14070351758794,0.0017629752640013212
141,3.800000000000001,8.341708542713569,0.08389153922522226
142,3.800000000000001,8.542713567839197,0.201838464838414
143,3.800000000000001,8.743718592964825,0.3201473674132054
144,3.800000000000001,8.944723618090453,0.3294841653577625
145,3.800000000000001,9.145728643216081,0.15646046607268266
146,3.800000000000001,9.34673366834171,0.039013747884882655
147,3.800000000000001,9.547738693467338,0.008168632149841766
148,3.800000000000001,9.748743718592966,0.03444945916725207
149,3.800000000000001,9.949748743718594,0.16056032967864733
150,3.800000000000001,10.150753768844222,0.22549775679018055
151,3.800000000000001,10.35175879396985,0.15597128924181394
152,3.800000000000001,10.552763819095478,0.1119934687508063
153,3.800000000000001,10.753768844221106,0.1388091391981487
154,3.800000000000001,10.954773869346734,0.1574403862000139
155,3.800000000000001,11.155778894472363,0.10763583638231895
156,3.800000000000001,11.35678391959799,0.08918501621581269
157,3.800000000000001,11.557788944723619,0.11397715352365806
158,3.800000000000001,11.758793969849247,0.09774875698971774
159,3.800000000000001,11.959798994974875,0.05143371961184214
160,3.800000000000001,12.160804020100507,0.10521166237730888
161,3.800000000000001,12.361809045226131,0.20730563546859243
162,3.800000000000001,12.562814070351763,0.3254789895514098
163,3.800000000000001,12.763819095477388,0.4587139794580448
164,3.800000000000001,12.96482412060302,0.42830861245217555
165,3.800000000000001,13.165829145728644,0.2603652123418279
166,3.800000000000001,13.366834170854275,0.12379790408371912
167,3.800000000000001,13.5678391959799,0.07156878493969587
168,3.800000000000001,13.768844221105532,0.0425728390634228
169,3.800000000000001,13.969849246231156,0.01039823854292135
170,3.800000000000001,14.170854271356788,0.0472955614190395
171,3.800000000000001,14.371859296482413,0.168405033098034
172,3.800000000000001,14.572864321608044,0.3420291478026532
173,3.800000000000001,14.773869346733669,0.41475086274931794
174,3.800000000000001,14.9748743718593,0.379642760044658
175,3.800000000000001,15.175879396984925,0.41148762598329214
176,3.800000000000001,15.376884422110557,0.46639350499670423
177,3.800000000000001,15.577889447236181,0.44088074135850414
178,3.800000000000001,15.778894472361813,0.35798007512689306
179,3.800000000000001,15.979899497487438,0.17403528897872494
180,3.800000000000001,16.18090452261307,0.025227628230839492
181,3.800000000000001,16.381909547738694,0.03358599846962581
182,3.800000000000001,16.582914572864325,0.10151144139521438
183,3.800000000000001,16.78391959798995,0.1295014702096583
184,3.800000000000001,16.98492462311558,0.1606644274401596
185,3.800000000000001,17.185929648241206,0.15839536945451774
186,3.800000000000001,17.386934673366838,0.14762978493858156
187,3.800000000000001,17.587939698492463,0.19279179296315355
188,3.800000000000001,17.788944723618094,0.3740047929808169
189,3.800000000000001,17.98994974874372,0.5736879080323467
190,3.800000000000001,18.19095477386935,0.5736914792061242
191,3.800000000000001,18.391959798994975,0.4811365665118421
192,3.800000000000001,18.592964824120607,0.3769390321183634
193,3.800000000000001,18.79396984924623,0.2695235578588463
194,3.800000000000001,18.994974874371863,0.17136305378353148
195,3.800000000000001,19.195979899497488,0.07481967741570457
196,3.800000000000001,19.39698492462312,0.011850212042511412
197,3.800000000000001,19.597989949748744,0.058092382352750487
198,3.800000000000001,19.798994974874375,0.10799112457645013
199,3.800000000000001,20.0,0.08335739068255252
