,t,height,fid
0,3.7500000000000013,-20.0,0.3094592956185424
1,3.7500000000000013,-19.798994974874372,0.36952819022454353
2,3.7500000000000013,-19.597989949748744,0.4247169805276076
3,3.7500000000000013,-19.396984924623116,0.47886549191061084
4,3.7500000000000013,-19.195979899497488,0.5204901867323847
5,3.7500000000000013,-18.99497487437186,0.5452521258789154
6,3.7500000000000013,-18.79396984924623,0.554228100078009
7,3.7500000000000013,-18.592964824120603,0.5510764614806393
8,3.7500000000000013,-18.391959798994975,0.5427923572335407
9,3.7500000000000013,-18.190954773869347,0.5399636972696452
10,3.7500000000000013,-17.98994974874372,0.5489183640204278
11,3.7500000000000013,-17.78894472361809,0.5578307564000132
12,3.7500000000000013,-17.587939698492463,0.5657250854459797
13,3.7500000000000013,-17.386934673366834,0.5737067137412124
14,3.7500000000000013,-17.185929648241206,0.5749325830098432
15,3.7500000000000013,-16.984924623115578,0.5620862426390479
16,3.7500000000000013,-16.78391959798995,0.5336624575252289
17,3.7500000000000013,-16.582914572864322,0.49043008261338983
18,3.7500000000000013,-16.381909547738694,0.44252005083449886
19,3.7500000000000013,-16.180904522613066,0.3932051285569856
20,3.7500000000000013,-15.979899497487438,0.3469467098864693
21,3.7500000000000013,-15.77889447236181,0.3161095264908636
22,3.7500000000000013,-15.577889447236181,0.3059786054599147
23,3.7500000000000013,-15.376884422110553,0.31352275495694376
24,3.7500000000000013,-15.175879396984925,0.32956253969203286
25,3.7500000000000013,-14.974874371859297,0.34595539817458687
26,3.7500000000000013,-14.773869346733669,0.35228880405317525
27,3.7500000000000013,-14.57286432160804,0.3420700566789073
28,3.7500000000000013,-14.371859296482413,0.3186345116439321
29,3.7500000000000013,-14.170854271356784,0.2857943341792579
30,3.7500000000000013,-13.969849246231156,0.24753849152447144
31,3.7500000000000013,-13.768844221105528,0.2120744149061622
32,3.7500000000000013,-13.5678391959799,0.1867359738328171
33,3.7500000000000013,-13.366834170854272,0.1762979705385347
34,3.7500000000000013,-13.165829145728644,0.18412954974816603
35,3.7500000000000013,-12.964824120603016,0.21045874792402114
36,3.7500000000000013,-12.763819095477388,0.25692729969821093
37,3.7500000000000013,-12.56281407035176,0.323055895144937
38,3.7500000000000013,-12.361809045226131,0.4020562267972551
39,3.7500000000000013,-12.160804020100503,0.48362745640799604
40,3.7500000000000013,-11.959798994974873,0.5569211707793469
41,3.7500000000000013,-11.758793969849245,0.6150583837845887
42,3.7500000000000013,-11.557788944723617,0.6534383736661056
43,3.7500000000000013,-11.356783919597989,0.6740146197707909
44,3.7500000000000013,-11.15577889447236,0.682574444084776
45,3.7500000000000013,-10.954773869346733,0.6825134790279658
46,3.7500000000000013,-10.753768844221105,0.6721266118991738
47,3.7500000000000013,-10.552763819095476,0.649708779511577
48,3.7500000000000013,-10.351758793969848,0.6149359135236953
49,3.7500000000000013,-10.15075376884422,0.5716145405572535
50,3.7500000000000013,-9.949748743718592,0.5284132183453113
51,3.7500000000000013,-9.748743718592964,0.4923337793187468
52,3.7500000000000013,-9.547738693467336,0.46483272428038275
53,3.7500000000000013,-9.346733668341708,0.4417696316423573
54,3.7500000000000013,-9.14572864321608,0.41658531679382976
55,3.7500000000000013,-8.944723618090451,0.38706213930639916
56,3.7500000000000013,-8.743718592964823,0.357639906200003
57,3.7500000000000013,-8.542713567839195,0.337021848510566
58,3.7500000000000013,-8.341708542713567,0.33062410989816565
59,3.7500000000000013,-8.140703517587939,0.3350148071835561
60,3.7500000000000013,-7.939698492462311,0.3394750481666277
61,3.7500000000000013,-7.738693467336683,0.33459415648882734
62,3.7500000000000013,-7.537688442211055,0.32053348802604004
63,3.7500000000000013,-7.3366834170854265,0.3087419666104923
64,3.7500000000000013,-7.135678391959798,0.3161107027047992
65,3.7500000000000013,-6.93467336683417,0.3554306596564414
66,3.7500000000000013,-6.733668341708542,0.4282008056047145
67,3.7500000000000013,-6.532663316582914,0.5233359878587021
68,3.7500000000000013,-6.331658291457286,0.6214843364073747
69,3.7500000000000013,-6.130653266331658,0.7029858465095251
70,3.7500000000000013,-5.92964824120603,0.7548682859851796
71,3.7500000000000013,-5.7286432160804015,0.7730956108355342
72,3.7500000000000013,-5.527638190954773,0.761008973785743
73,3.7500000000000013,-5.326633165829145,0.7266887941545769
74,3.7500000000000013,-5.125628140703517,0.6798506871166046
75,3.7500000000000013,-4.924623115577889,0.6287728601500395
76,3.7500000000000013,-4.723618090452261,0.5793715258291833
77,3.7500000000000013,-4.522613065326633,0.5356831040663712
78,3.7500000000000013,-4.321608040201005,0.49972526726493577
79,3.7500000000000013,-4.1206030150753765,0.4721291339080545
80,3.7500000000000013,-3.9195979899497466,0.4533857979012939
81,3.7500000000000013,-3.7185929648241185,0.4435808242207804
82,3.7500000000000013,-3.5175879396984904,0.4428053070997698
83,3.7500000000000013,-3.3165829145728623,0.45233371029593306
84,3.7500000000000013,-3.115577889447234,0.4734150503116707
85,3.7500000000000013,-2.914572864321606,0.508291365673011
86,3.7500000000000013,-2.713567839195978,0.5629951181838628
87,3.7500000000000013,-2.5125628140703498,0.6394858021537903
88,3.7500000000000013,-2.3115577889447216,0.722630884257223
89,3.7500000000000013,-2.1105527638190935,0.7847643139550685
90,3.7500000000000013,-1.9095477386934654,0.8066275387923608
91,3.7500000000000013,-1.7085427135678373,0.789936030376417
92,3.7500000000000013,-1.5075376884422091,0.7513403783301933
93,3.7500000000000013,-1.306532663316581,0.7096474528077192
94,3.7500000000000013,-1.105527638190953,0.6784434036318356
95,3.7500000000000013,-0.9045226130653248,0.6654960247858228
96,3.7500000000000013,-0.7035175879396967,0.6746732489490872
97,3.7500000000000013,-0.5025125628140685,0.7063268575135496
98,3.7500000000000013,-0.3015075376884404,0.7534660347600358
99,3.7500000000000013,-0.10050251256281229,0.7964006214995116
100,3.7500000000000013,0.10050251256281584,0.8126760959086928
101,3.7500000000000013,0.30150753768844396,0.8085424330109253
102,3.7500000000000013,0.5025125628140721,0.8299492162939974
103,3.7500000000000013,0.7035175879397002,0.9227314958788616
104,3.7500000000000013,0.9045226130653283,0.9516884113255154
105,3.7500000000000013,1.1055276381909565,0.5377577584354705
106,3.7500000000000013,1.3065326633165846,0.21048574619820856
107,3.7500000000000013,1.5075376884422127,0.10735445867468595
108,3.7500000000000013,1.7085427135678408,0.06174528445448594
109,3.7500000000000013,1.909547738693469,0.034586424702375704
110,3.7500000000000013,2.110552763819097,0.01185536539023599
111,3.7500000000000013,2.311557788944725,0.026214535833615174
112,3.7500000000000013,2.5125628140703533,0.09051855838102532
113,3.7500000000000013,2.7135678391959814,0.05554016598834667
114,3.7500000000000013,2.9145728643216096,0.18505802215348843
115,3.7500000000000013,3.1155778894472377,0.23881603888113437
116,3.7500000000000013,3.316582914572866,0.328772479459728
117,3.7500000000000013,3.517587939698494,0.3552650734656162
118,3.7500000000000013,3.718592964824122,0.4755487627411971
119,3.7500000000000013,3.91959798994975,0.4036004142523853
120,3.7500000000000013,4.120603015075378,0.49579263529400647
121,3.7500000000000013,4.321608040201006,0.48810449027420943
122,3.7500000000000013,4.5226130653266345,0.421857491808181
123,3.7500000000000013,4.723618090452263,0.45043021441012715
124,3.7500000000000013,4.924623115577891,0.4542556342403387
125,3.7500000000000013,5.125628140703519,0.3606213363030991
126,3.7500000000000013,5.326633165829147,0.40356030039471175
127,3.7500000000000013,5.527638190954775,0.3048046580782213
128,3.7500000000000013,5.728643216080403,0.3174050874328273
129,3.7500000000000013,5.929648241206031,0.4017036692494902
130,3.7500000000000013,6.1306532663316595,0.21746323008887172
131,3.7500000000000013,6.331658291457288,0.14302860433777795
132,3.7500000000000013,6.532663316582916,0.34000270057956333
133,3.7500000000000013,6.733668341708544,0.3751355174359831
134,3.7500000000000013,6.934673366834172,0.1421622806376706
135,3.7500000000000013,7.1356783919598,0.03822951454879935
136,3.7500000000000013,7.336683417085428,0.201404161624285
137,3.7500000000000013,7.537688442211056,0.3952956131562125
138,3.7500000000000013,7.7386934673366845,0.3507256695983687
139,3.7500000000000013,7.939698492462313,0.14857220658044595
140,3.7500000000000013,8.14070351758794,0.008176139388131408
141,3.7500000000000013,8.341708542713569,0.06296081432556713
142,3.7500000000000013,8.542713567839197,0.20084187925125885
143,3.7500000000000013,8.743718592964825,0.30084924660377693
144,3.7500000000000013,8.944723618090453,0.3548973110847576
145,3.7500000000000013,9.145728643216081,0.21474057982953973
146,3.7500000000000013,9.34673366834171,0.05559248581935887
147,3.7500000000000013,9.547738693467338,0.008153527102105563
148,3.7500000000000013,9.748743718592966,0.015410547413346415
149,3.7500000000000013,9.949748743718594,0.1207497516882691
150,3.7500000000000013,10.150753768844222,0.238247496664538
151,3.7500000000000013,10.35175879396985,0.1966870316437284
152,3.7500000000000013,10.552763819095478,0.12311574533328384
153,3.7500000000000013,10.753768844221106,0.11514017405365004
154,3.7500000000000013,10.954773869346734,0.1409837376776287
155,3.7500000000000013,11.155778894472363,0.11200809403413173
156,3.7500000000000013,11.35678391959799,0.07850108302771881
157,3.7500000000000013,11.557788944723619,0.10039991907391838
158,3.7500000000000013,11.758793969849247,0.12250306474331113
159,3.7500000000000013,11.959798994974875,0.0753225166280903
160,3.7500000000000013,12.160804020100507,0.07024111680666868
161,3.7500000000000013,12.361809045226131,0.16417366448377518
162,3.7500000000000013,12.562814070351763,0.2654406019408425
163,3.7500000000000013,12.763819095477388,0.3731876723716908
164,3.7500000000000013,12.96482412060302,0.435665582865014
165,3.7500000000000013,13.165829145728644,0.3246551025580478
166,3.7500000000000013,13.366834170854275,0.1675946120435709
167,3.7500000000000013,13.5678391959799,0.07571795441779049
168,3.7500000000000013,13.768844221105532,0.050121968120454455
169,3.7500000000000013,13.969849246231156,0.025564841666571504
170,3.7500000000000013,14.170854271356788,0.015376504972518034
171,3.7500000000000013,14.371859296482413,0.08867791083126654
172,3.7500000000000013,14.572864321608044,0.24136119375874723
173,3.7500000000000013,14.773869346733669,0.4109035339512867
174,3.7500000000000013,14.9748743718593,0.4385597576429332
175,3.7500000000000013,15.175879396984925,0.3943097904087745
176,3.7500000000000013,15.376884422110557,0.4334464749356158
177,3.7500000000000013,15.577889447236181,0.45580205885124936
178,3.7500000000000013,15.778894472361813,0.3958643219248717
179,3.7500000000000013,15.979899497487438,0.2805835902933172
180,3.7500000000000013,16.18090452261307,0.10366401660943338
181,3.7500000000000013,16.381909547738694,0.008821553374311529
182,3.7500000000000013,16.582914572864325,0.058353847404622
183,3.7500000000000013,16.78391959798995,0.12287834393415747
184,3.7500000000000013,16.98492462311558,0.14280182864912921
185,3.7500000000000013,17.185929648241206,0.16868233332693855
186,3.7500000000000013,17.386934673366838,0.1640435179700457
187,3.7500000000000013,17.587939698492463,0.16252005314999948
188,3.7500000000000013,17.788944723618094,0.22521314445594537
189,3.7500000000000013,17.98994974874372,0.4119481984001028
190,3.7500000000000013,18.19095477386935,0.5935775815868717
191,3.7500000000000013,18.391959798994975,0.5681332529635985
192,3.7500000000000013,18.592964824120607,0.4535057621865077
193,3.7500000000000013,18.79396984924623,0.34086083077110724
194,3.7500000000000013,18.994974874371863,0.23080212268566075
195,3.7500000000000013,19.195979899497488,0.1357988421327443
196,3.7500000000000013,19.39698492462312,0.052771955176615544
197,3.7500000000000013,19.597989949748744,0.01136047031329595
198,3.7500000000000013,19.798994974874375,0.06467085783163172
199,3.7500000000000013,20.0,0.10633525290303254
