,t,height,fid
0,4.000000000000001,-20.0,0.37545039861154206
1,4.000000000000001,-19.798994974874372,0.3396335361800756
2,4.000000000000001,-19.597989949748744,0.30200862954876045
3,4.000000000000001,-19.396984924623116,0.26126226452385354
4,4.000000000000001,-19.195979899497488,0.21990937209973735
5,4.000000000000001,-18.99497487437186,0.18266059983438437
6,4.000000000000001,-18.79396984924623,0.15674985546859133
7,4.000000000000001,-18.592964824120603,0.14229911259802758
8,4.000000000000001,-18.391959798994975,0.13217939732411751
9,4.000000000000001,-18.190954773869347,0.1338047069393494
10,4.000000000000001,-17.98994974874372,0.15150643411106998
11,4.000000000000001,-17.78894472361809,0.18614407832444516
12,4.000000000000001,-17.587939698492463,0.23712483639497547
13,4.000000000000001,-17.386934673366834,0.2994987252457344
14,4.000000000000001,-17.185929648241206,0.36547766759232025
15,4.000000000000001,-16.984924623115578,0.43338641970247177
16,4.000000000000001,-16.78391959798995,0.4996607625917991
17,4.000000000000001,-16.582914572864322,0.549344152480271
18,4.000000000000001,-16.381909547738694,0.5801664287406925
19,4.000000000000001,-16.180904522613066,0.595392536093863
20,4.000000000000001,-15.979899497487438,0.5977138491193108
21,4.000000000000001,-15.77889447236181,0.5923528718361599
22,4.000000000000001,-15.577889447236181,0.5824154066269447
23,4.000000000000001,-15.376884422110553,0.5759524405494891
24,4.000000000000001,-15.175879396984925,0.576911668680342
25,4.000000000000001,-14.974874371859297,0.5748149136198094
26,4.000000000000001,-14.773869346733669,0.5638307524312499
27,4.000000000000001,-14.57286432160804,0.5416510414744403
28,4.000000000000001,-14.371859296482413,0.5078711302627091
29,4.000000000000001,-14.170854271356784,0.46306372109462396
30,4.000000000000001,-13.969849246231156,0.41546883843854565
31,4.000000000000001,-13.768844221105528,0.37213850512462565
32,4.000000000000001,-13.5678391959799,0.3381944280561884
33,4.000000000000001,-13.366834170854272,0.32152774253186267
34,4.000000000000001,-13.165829145728644,0.3233433963259056
35,4.000000000000001,-12.964824120603016,0.33502457520024176
36,4.000000000000001,-12.763819095477388,0.34584529714860945
37,4.000000000000001,-12.56281407035176,0.3437382007787336
38,4.000000000000001,-12.361809045226131,0.32387396437039806
39,4.000000000000001,-12.160804020100503,0.2887695934554396
40,4.000000000000001,-11.959798994974873,0.2464485888546157
41,4.000000000000001,-11.758793969849245,0.21167450276783292
42,4.000000000000001,-11.557788944723617,0.19710930388991219
43,4.000000000000001,-11.356783919597989,0.2091244337626967
44,4.000000000000001,-11.15577889447236,0.24716685042129602
45,4.000000000000001,-10.954773869346733,0.3087585626060441
46,4.000000000000001,-10.753768844221105,0.38810926801371637
47,4.000000000000001,-10.552763819095476,0.47645642773800084
48,4.000000000000001,-10.351758793969848,0.5629414629617066
49,4.000000000000001,-10.15075376884422,0.6350916754081346
50,4.000000000000001,-9.949748743718592,0.6824767581335421
51,4.000000000000001,-9.748743718592964,0.7036706546078342
52,4.000000000000001,-9.547738693467336,0.7042458952181131
53,4.000000000000001,-9.346733668341708,0.6914001904355299
54,4.000000000000001,-9.14572864321608,0.6689523791793813
55,4.000000000000001,-8.944723618090451,0.6354827141442692
56,4.000000000000001,-8.743718592964823,0.5913466561562682
57,4.000000000000001,-8.542713567839195,0.5428911286065674
58,4.000000000000001,-8.341708542713567,0.4999049161081231
59,4.000000000000001,-8.140703517587939,0.4670139231578837
60,4.000000000000001,-7.939698492462311,0.4398748925527446
61,4.000000000000001,-7.738693467336683,0.4114660464619775
62,4.000000000000001,-7.537688442211055,0.3816941230031336
63,4.000000000000001,-7.3366834170854265,0.3585667469552067
64,4.000000000000001,-7.135678391959798,0.3495028200453153
65,4.000000000000001,-6.93467336683417,0.3519444186363196
66,4.000000000000001,-6.733668341708542,0.3542794890280923
67,4.000000000000001,-6.532663316582914,0.34803838564043316
68,4.000000000000001,-6.331658291457286,0.33947211230437574
69,4.000000000000001,-6.130653266331658,0.34815759697093607
70,4.000000000000001,-5.92964824120603,0.39264583491260746
71,4.000000000000001,-5.7286432160804015,0.47551049759389463
72,4.000000000000001,-5.527638190954773,0.5801685261963297
73,4.000000000000001,-5.326633165829145,0.6797839201092476
74,4.000000000000001,-5.125628140703517,0.7504462234585619
75,4.000000000000001,-4.924623115577889,0.7805644267734345
76,4.000000000000001,-4.723618090452261,0.772020164718031
77,4.000000000000001,-4.522613065326633,0.7352101350911426
78,4.000000000000001,-4.321608040201005,0.6832641045383614
79,4.000000000000001,-4.1206030150753765,0.6275965383341239
80,4.000000000000001,-3.9195979899497466,0.5759552515159766
81,4.000000000000001,-3.7185929648241185,0.5328424911600744
82,4.000000000000001,-3.5175879396984904,0.5002383271168263
83,4.000000000000001,-3.3165829145728623,0.4788945386699732
84,4.000000000000001,-3.115577889447234,0.46922144678791333
85,4.000000000000001,-2.914572864321606,0.47177962244444993
86,4.000000000000001,-2.713567839195978,0.4881579952138393
87,4.000000000000001,-2.5125628140703498,0.5206627975961926
88,4.000000000000001,-2.3115577889447216,0.5737349156054796
89,4.000000000000001,-2.1105527638190935,0.6494924472750763
90,4.000000000000001,-1.9095477386934654,0.7326201850933711
91,4.000000000000001,-1.7085427135678373,0.7919232785538777
92,4.000000000000001,-1.5075376884422091,0.806767657453881
93,4.000000000000001,-1.306532663316581,0.7832700875941698
94,4.000000000000001,-1.105527638190953,0.743830241163527
95,4.000000000000001,-0.9045226130653248,0.7100540220811734
96,4.000000000000001,-0.7035175879396967,0.6956375308062459
97,4.000000000000001,-0.5025125628140685,0.7070872663252589
98,4.000000000000001,-0.3015075376884404,0.7435660661924579
99,4.000000000000001,-0.10050251256281229,0.790512514199771
100,4.000000000000001,0.10050251256281584,0.81788417884074
101,4.000000000000001,0.30150753768844396,0.8123531453541597
102,4.000000000000001,0.5025125628140721,0.8160770710055119
103,4.000000000000001,0.7035175879397002,0.8963238855570029
104,4.000000000000001,0.9045226130653283,0.9488958949709967
105,4.000000000000001,1.1055276381909565,0.5141975454877941
106,4.000000000000001,1.3065326633165846,0.18423489514474545
107,4.000000000000001,1.5075376884422127,0.09115489941277605
108,4.000000000000001,1.7085427135678408,0.052572888964884296
109,4.000000000000001,1.909547738693469,0.028840497044821185
110,4.000000000000001,2.110552763819097,0.0031548598660436264
111,4.000000000000001,2.311557788944725,0.02974281547852352
112,4.000000000000001,2.5125628140703533,0.156664179462307
113,4.000000000000001,2.7135678391959814,0.14817352356734867
114,4.000000000000001,2.9145728643216096,0.2730267821040533
115,4.000000000000001,3.1155778894472377,0.36428025652726026
116,4.000000000000001,3.316582914572866,0.4136172767692919
117,4.000000000000001,3.517587939698494,0.44534429733787106
118,4.000000000000001,3.718592964824122,0.5160369075130157
119,4.000000000000001,3.91959798994975,0.44310603093592205
120,4.000000000000001,4.120603015075378,0.4948252552014598
121,4.000000000000001,4.321608040201006,0.46985868219222754
122,4.000000000000001,4.5226130653266345,0.3945165360649301
123,4.000000000000001,4.723618090452263,0.42888861467029815
124,4.000000000000001,4.924623115577891,0.3423244492459306
125,4.000000000000001,5.125628140703519,0.4038007945802147
126,4.000000000000001,5.326633165829147,0.25343485776009284
127,4.000000000000001,5.527638190954775,0.24518987131718797
128,4.000000000000001,5.728643216080403,0.40873957173127445
129,4.000000000000001,5.929648241206031,0.20865669853992497
130,4.000000000000001,6.1306532663316595,0.08313559744061931
131,4.000000000000001,6.331658291457288,0.2974454872695193
132,4.000000000000001,6.532663316582916,0.39489222139209507
133,4.000000000000001,6.733668341708544,0.16147671708211345
134,4.000000000000001,6.934673366834172,0.007791856843590765
135,4.000000000000001,7.1356783919598,0.1518235448337901
136,4.000000000000001,7.336683417085428,0.3594744192727323
137,4.000000000000001,7.537688442211056,0.34707787448320854
138,4.000000000000001,7.7386934673366845,0.2049130662968024
139,4.000000000000001,7.939698492462313,0.02132270819928005
140,4.000000000000001,8.14070351758794,0.02251367605695137
141,4.000000000000001,8.341708542713569,0.11859705746157054
142,4.000000000000001,8.542713567839197,0.2845932674308016
143,4.000000000000001,8.743718592964825,0.27525177248357147
144,4.000000000000001,8.944723618090453,0.12276379352124535
145,4.000000000000001,9.145728643216081,0.06499080247858076
146,4.000000000000001,9.34673366834171,0.030588314211756607
147,4.000000000000001,9.547738693467338,0.055176933429811
148,4.000000000000001,9.748743718592966,0.15540237819839972
149,4.000000000000001,9.949748743718594,0.16603995299825366
150,4.000000000000001,10.150753768844222,0.11474657021213241
151,4.000000000000001,10.35175879396985,0.13923748216284135
152,4.000000000000001,10.552763819095478,0.23683485295156045
153,4.000000000000001,10.753768844221106,0.2196023713598288
154,4.000000000000001,10.954773869346734,0.16876067219092974
155,4.000000000000001,11.155778894472363,0.1299210014509556
156,4.000000000000001,11.35678391959799,0.07553582370199752
157,4.000000000000001,11.557788944723619,0.03608518193201932
158,4.000000000000001,11.758793969849247,0.06621021577864891
159,4.000000000000001,11.959798994974875,0.14202945899753297
160,4.000000000000001,12.160804020100507,0.3212726068143379
161,4.000000000000001,12.361809045226131,0.5412607157096406
162,4.000000000000001,12.562814070351763,0.5303301027685919
163,4.000000000000001,12.763819095477388,0.35418088789235
164,4.000000000000001,12.96482412060302,0.21795862070632552
165,4.000000000000001,13.165829145728644,0.15424559432033547
166,4.000000000000001,13.366834170854275,0.05361489688116931
167,4.000000000000001,13.5678391959799,0.011020807872225041
168,4.000000000000001,13.768844221105532,0.06880379440474314
169,4.000000000000001,13.969849246231156,0.2131449346498553
170,4.000000000000001,14.170854271356788,0.29904904592027903
171,4.000000000000001,14.371859296482413,0.2837737325466631
172,4.000000000000001,14.572864321608044,0.32773935310478125
173,4.000000000000001,14.773869346733669,0.40946310998488883
174,4.000000000000001,14.9748743718593,0.48008396563934974
175,4.000000000000001,15.175879396984925,0.5008166525965791
176,4.000000000000001,15.376884422110557,0.33730201902574664
177,4.000000000000001,15.577889447236181,0.09810617201517705
178,4.000000000000001,15.778894472361813,0.02015425731609113
179,4.000000000000001,15.979899497487438,0.045087427949626745
180,4.000000000000001,16.18090452261307,0.08498393647846561
181,4.000000000000001,16.381909547738694,0.12395026146453149
182,4.000000000000001,16.582914572864325,0.12014407787474066
183,4.000000000000001,16.78391959798995,0.08516748977706702
184,4.000000000000001,16.98492462311558,0.15332077267986102
185,4.000000000000001,17.185929648241206,0.38320480076089414
186,4.000000000000001,17.386934673366838,0.5188104712168734
187,4.000000000000001,17.587939698492463,0.5323614091313149
188,4.000000000000001,17.788944723618094,0.48878896138966466
189,4.000000000000001,17.98994974874372,0.4156189726629667
190,4.000000000000001,18.19095477386935,0.34075315446317955
191,4.000000000000001,18.391959798994975,0.2322415575409342
192,4.000000000000001,18.592964824120607,0.06616073811537718
193,4.000000000000001,18.79396984924623,0.023594851193029558
194,4.000000000000001,18.994974874371863,0.08591616945629661
195,4.000000000000001,19.195979899497488,0.12332336744111834
196,4.000000000000001,19.39698492462312,0.10538518815433555
197,4.000000000000001,19.597989949748744,0.060228780118557555
198,4.000000000000001,19.798994974874375,0.016945021658284314
199,4.000000000000001,20.0,0.0032150824917802807
