,t,height,fid
0,4.050000000000002,-20.0,0.40467775121758753
1,4.050000000000002,-19.798994974874372,0.41155336147948673
2,4.050000000000002,-19.597989949748744,0.39698131895053634
3,4.050000000000002,-19.396984924623116,0.36855857869966163
4,4.050000000000002,-19.195979899497488,0.3322712871029006
5,4.050000000000002,-18.99497487437186,0.2908959992750534
6,4.050000000000002,-18.79396984924623,0.24625256481811084
7,4.050000000000002,-18.592964824120603,0.2032092122472043
8,4.050000000000002,-18.391959798994975,0.1725191453915665
9,4.050000000000002,-18.190954773869347,0.15411505702939762
10,4.050000000000002,-17.98994974874372,0.14090084349221313
11,4.050000000000002,-17.78894472361809,0.13735859293501215
12,4.050000000000002,-17.587939698492463,0.1462915432588188
13,4.050000000000002,-17.386934673366834,0.17152039592523466
14,4.050000000000002,-17.185929648241206,0.2154502050899075
15,4.050000000000002,-16.984924623115578,0.27496374348234465
16,4.050000000000002,-16.78391959798995,0.34134140059241985
17,4.050000000000002,-16.582914572864322,0.4154621783798882
18,4.050000000000002,-16.381909547738694,0.4882226378862498
19,4.050000000000002,-16.180904522613066,0.5461559287159852
20,4.050000000000002,-15.979899497487438,0.5847096548765779
21,4.050000000000002,-15.77889447236181,0.6042292005209083
22,4.050000000000002,-15.577889447236181,0.6078423463081968
23,4.050000000000002,-15.376884422110553,0.6007534187268931
24,4.050000000000002,-15.175879396984925,0.5862074569515662
25,4.050000000000002,-14.974874371859297,0.5774879251086504
26,4.050000000000002,-14.773869346733669,0.5761056579836079
27,4.050000000000002,-14.57286432160804,0.5741070033147296
28,4.050000000000002,-14.371859296482413,0.5652801904357323
29,4.050000000000002,-14.170854271356784,0.5452006401857652
30,4.050000000000002,-13.969849246231156,0.5108597645712082
31,4.050000000000002,-13.768844221105528,0.46474052378996106
32,4.050000000000002,-13.5678391959799,0.41678458855986744
33,4.050000000000002,-13.366834170854272,0.37229763125318377
34,4.050000000000002,-13.165829145728644,0.3387071111534349
35,4.050000000000002,-12.964824120603016,0.32358142696124553
36,4.050000000000002,-12.763819095477388,0.3257396250555597
37,4.050000000000002,-12.56281407035176,0.33777684941473013
38,4.050000000000002,-12.361809045226131,0.3468738817708327
39,4.050000000000002,-12.160804020100503,0.3413777162897255
40,4.050000000000002,-11.959798994974873,0.3179158729194402
41,4.050000000000002,-11.758793969849245,0.2791921405271827
42,4.050000000000002,-11.557788944723617,0.23709118492856043
43,4.050000000000002,-11.356783919597989,0.20746627140708598
44,4.050000000000002,-11.15577889447236,0.20301061746902818
45,4.050000000000002,-10.954773869346733,0.2273539930211886
46,4.050000000000002,-10.753768844221105,0.2785046272268075
47,4.050000000000002,-10.552763819095476,0.35127246979628196
48,4.050000000000002,-10.351758793969848,0.4376586510070622
49,4.050000000000002,-10.15075376884422,0.527712049582378
50,4.050000000000002,-9.949748743718592,0.6096227450992125
51,4.050000000000002,-9.748743718592964,0.6702977484993213
52,4.050000000000002,-9.547738693467336,0.7031023413291488
53,4.050000000000002,-9.346733668341708,0.7104993243873368
54,4.050000000000002,-9.14572864321608,0.70013903435173
55,4.050000000000002,-8.944723618090451,0.6790102179358036
56,4.050000000000002,-8.743718592964823,0.6479315412569363
57,4.050000000000002,-8.542713567839195,0.6060542742460111
58,4.050000000000002,-8.341708542713567,0.5572660549891014
59,4.050000000000002,-8.140703517587939,0.5110845660547338
60,4.050000000000002,-7.939698492462311,0.47471781599165325
61,4.050000000000002,-7.738693467336683,0.4461359162930528
62,4.050000000000002,-7.537688442211055,0.4179174228103316
63,4.050000000000002,-7.3366834170854265,0.38805409126964446
64,4.050000000000002,-7.135678391959798,0.36381364004669875
65,4.050000000000002,-6.93467336683417,0.3534190259062695
66,4.050000000000002,-6.733668341708542,0.3551839612109026
67,4.050000000000002,-6.532663316582914,0.3575560919481114
68,4.050000000000002,-6.331658291457286,0.3518797405230703
69,4.050000000000002,-6.130653266331658,0.3449927120771012
70,4.050000000000002,-5.92964824120603,0.35748104162639827
71,4.050000000000002,-5.7286432160804015,0.4077667435607057
72,4.050000000000002,-5.527638190954773,0.49625014190183964
73,4.050000000000002,-5.326633165829145,0.6031975028351894
74,4.050000000000002,-5.125628140703517,0.6998502268007322
75,4.050000000000002,-4.924623115577889,0.7628807015914197
76,4.050000000000002,-4.723618090452261,0.7832120069547455
77,4.050000000000002,-4.522613065326633,0.7655781641866697
78,4.050000000000002,-4.321608040201005,0.72235608645802
79,4.050000000000002,-4.1206030150753765,0.6673423427102875
80,4.050000000000002,-3.9195979899497466,0.6115395190886651
81,4.050000000000002,-3.7185929648241185,0.5619528858914953
82,4.050000000000002,-3.5175879396984904,0.5223113669316812
83,4.050000000000002,-3.3165829145728623,0.49408355709856444
84,4.050000000000002,-3.115577889447234,0.47790431239988596
85,4.050000000000002,-2.914572864321606,0.47421281689058903
86,4.050000000000002,-2.713567839195978,0.48412722823411913
87,4.050000000000002,-2.5125628140703498,0.509717772434463
88,4.050000000000002,-2.3115577889447216,0.5544098000558906
89,4.050000000000002,-2.1105527638190935,0.6224253045400693
90,4.050000000000002,-1.9095477386934654,0.7060516039220115
91,4.050000000000002,-1.7085427135678373,0.7769750235615065
92,4.050000000000002,-1.5075376884422091,0.8070962510709287
93,4.050000000000002,-1.306532663316581,0.7937462308466553
94,4.050000000000002,-1.105527638190953,0.7569851729019219
95,4.050000000000002,-0.9045226130653248,0.7208598501104556
96,4.050000000000002,-0.7035175879396967,0.7020817042525461
97,4.050000000000002,-0.5025125628140685,0.7091325199106794
98,4.050000000000002,-0.3015075376884404,0.742642050967652
99,4.050000000000002,-0.10050251256281229,0.7894905153808941
100,4.050000000000002,0.10050251256281584,0.8190609650150834
101,4.050000000000002,0.30150753768844396,0.8138592172414241
102,4.050000000000002,0.5025125628140721,0.8141055128071959
103,4.050000000000002,0.7035175879397002,0.8911260997374153
104,4.050000000000002,0.9045226130653283,0.9479422381019021
105,4.050000000000002,1.1055276381909565,0.5095944704248908
106,4.050000000000002,1.3065326633165846,0.17953118675244756
107,4.050000000000002,1.5075376884422127,0.08844732105170103
108,4.050000000000002,1.7085427135678408,0.051371719058782926
109,4.050000000000002,1.909547738693469,0.028666458477838642
110,4.050000000000002,2.110552763819097,0.0030388869871203657
111,4.050000000000002,2.311557788944725,0.03269722197778227
112,4.050000000000002,2.5125628140703533,0.17247301658911324
113,4.050000000000002,2.7135678391959814,0.17042710681849432
114,4.050000000000002,2.9145728643216096,0.29160726221212
115,4.050000000000002,3.1155778894472377,0.3869272824099003
116,4.050000000000002,3.316582914572866,0.4276755548636063
117,4.050000000000002,3.517587939698494,0.4583571713961737
118,4.050000000000002,3.718592964824122,0.519018653557252
119,4.050000000000002,3.91959798994975,0.44495467413796114
120,4.050000000000002,4.120603015075378,0.49432041327830806
121,4.050000000000002,4.321608040201006,0.45429241232251855
122,4.050000000000002,4.5226130653266345,0.3988462172346563
123,4.050000000000002,4.723618090452263,0.4032277931197817
124,4.050000000000002,4.924623115577891,0.3411905400345425
125,4.050000000000002,5.125628140703519,0.39802678837520505
126,4.050000000000002,5.326633165829147,0.21359382132208918
127,4.050000000000002,5.527638190954775,0.2681880650131738
128,4.050000000000002,5.728643216080403,0.4011598123695979
129,4.050000000000002,5.929648241206031,0.15924010512522108
130,4.050000000000002,6.1306532663316595,0.09347029426165851
131,4.050000000000002,6.331658291457288,0.33058721976306177
132,4.050000000000002,6.532663316582916,0.3798961280509258
133,4.050000000000002,6.733668341708544,0.11929538209164817
134,4.050000000000002,6.934673366834172,0.007832205962363021
135,4.050000000000002,7.1356783919598,0.1889747022229668
136,4.050000000000002,7.336683417085428,0.35494965249861105
137,4.050000000000002,7.537688442211056,0.3351828497103099
138,4.050000000000002,7.7386934673366845,0.16891444979873463
139,4.050000000000002,7.939698492462313,0.008852596430899648
140,4.050000000000002,8.14070351758794,0.025770067429185077
141,4.050000000000002,8.341708542713569,0.14447829368913612
142,4.050000000000002,8.542713567839197,0.29371053811144027
143,4.050000000000002,8.743718592964825,0.2238191648291901
144,4.050000000000002,8.944723618090453,0.0986053167084424
145,4.050000000000002,9.145728643216081,0.06502538071300484
146,4.050000000000002,9.34673366834171,0.03446853237360113
147,4.050000000000002,9.547738693467338,0.08441700650324219
148,4.050000000000002,9.748743718592966,0.1606641771923857
149,4.050000000000002,9.949748743718594,0.14598713143025976
150,4.050000000000002,10.150753768844222,0.10332296591457031
151,4.050000000000002,10.35175879396985,0.19050337945851176
152,4.050000000000002,10.552763819095478,0.2635238095576062
153,4.050000000000002,10.753768844221106,0.22880083818487054
154,4.050000000000002,10.954773869346734,0.1772082578847947
155,4.050000000000002,11.155778894472363,0.1122797504107555
156,4.050000000000002,11.35678391959799,0.04664189157917121
157,4.050000000000002,11.557788944723619,0.03901345221367946
158,4.050000000000002,11.758793969849247,0.08333643832413011
159,4.050000000000002,11.959798994974875,0.19161588645900082
160,4.050000000000002,12.160804020100507,0.44169616041343057
161,4.050000000000002,12.361809045226131,0.5764959241458663
162,4.050000000000002,12.562814070351763,0.4731604057929722
163,4.050000000000002,12.763819095477388,0.29736128745902124
164,4.050000000000002,12.96482412060302,0.22332684072702774
165,4.050000000000002,13.165829145728644,0.11956439161007591
166,4.050000000000002,13.366834170854275,0.022380756580386026
167,4.050000000000002,13.5678391959799,0.027866555750002537
168,4.050000000000002,13.768844221105532,0.14477997961476308
169,4.050000000000002,13.969849246231156,0.26589053873784374
170,4.050000000000002,14.170854271356788,0.27031706110879444
171,4.050000000000002,14.371859296482413,0.2817938291229511
172,4.050000000000002,14.572864321608044,0.3637774674283272
173,4.050000000000002,14.773869346733669,0.442383886767939
174,4.050000000000002,14.9748743718593,0.5253020351567099
175,4.050000000000002,15.175879396984925,0.44211166609706454
176,4.050000000000002,15.376884422110557,0.1925830500160162
177,4.050000000000002,15.577889447236181,0.03400452227760424
178,4.050000000000002,15.778894472361813,0.029439319358825895
179,4.050000000000002,15.979899497487438,0.057116056564901055
180,4.050000000000002,16.18090452261307,0.10331208237451778
181,4.050000000000002,16.381909547738694,0.11591607529298943
182,4.050000000000002,16.582914572864325,0.07725478166819999
183,4.050000000000002,16.78391959798995,0.09803644539629235
184,4.050000000000002,16.98492462311558,0.30340139827656043
185,4.050000000000002,17.185929648241206,0.4727485685569597
186,4.050000000000002,17.386934673366838,0.5196661240810198
187,4.050000000000002,17.587939698492463,0.49991364339263605
188,4.050000000000002,17.788944723618094,0.44117808538345704
189,4.050000000000002,17.98994974874372,0.3797696013615432
190,4.050000000000002,18.19095477386935,0.286373154660889
191,4.050000000000002,18.391959798994975,0.10211175203718527
192,4.050000000000002,18.592964824120607,0.02024977949482842
193,4.050000000000002,18.79396984924623,0.07003986395393144
194,4.050000000000002,18.994974874371863,0.12014217388762742
195,4.050000000000002,19.195979899497488,0.11875039077041465
196,4.050000000000002,19.39698492462312,0.08187263307026607
197,4.050000000000002,19.597989949748744,0.03171354618044491
198,4.050000000000002,19.798994974874375,0.0006967730165038925
199,4.050000000000002,20.0,0.0028278474772949575
