,t,height,fid
0,1.0,-20.0,0.011812734918963721
1,1.0,-19.798994974874372,0.012767564228313114
2,1.0,-19.597989949748744,0.013862287275631666
3,1.0,-19.396984924623116,0.015119395637731282
4,1.0,-19.195979899497488,0.016541728496597644
5,1.0,-18.99497487437186,0.018106028435673275
6,1.0,-18.79396984924623,0.019770458788618675
7,1.0,-18.592964824120603,0.02148386826873914
8,1.0,-18.391959798994975,0.023189555218690663
9,1.0,-18.190954773869347,0.02483197801360683
10,1.0,-17.98994974874372,0.0263596753525313
11,1.0,-17.78894472361809,0.027727343764567404
12,1.0,-17.587939698492463,0.028904384294117114
13,1.0,-17.386934673366834,0.029873377749164178
14,1.0,-17.185929648241206,0.030632159540498968
15,1.0,-16.984924623115578,0.03119351651662887
16,1.0,-16.78391959798995,0.03158257007385261
17,1.0,-16.582914572864322,0.03183545602165532
18,1.0,-16.381909547738694,0.0319951073955986
19,1.0,-16.180904522613066,0.032109679421043896
20,1.0,-15.979899497487438,0.03222865788283273
21,1.0,-15.77889447236181,0.03240036822454191
22,1.0,-15.577889447236181,0.03267022003222781
23,1.0,-15.376884422110553,0.033078219153703604
24,1.0,-15.175879396984925,0.03366027266184119
25,1.0,-14.974874371859297,0.03444551357556696
26,1.0,-14.773869346733669,0.03545783390518991
27,1.0,-14.57286432160804,0.0367147519666881
28,1.0,-14.371859296482413,0.038230944663472086
29,1.0,-14.170854271356784,0.0400169973498749
30,1.0,-13.969849246231156,0.04208060671835078
31,1.0,-13.768844221105528,0.044426362524629726
32,1.0,-13.5678391959799,0.04706073440215262
33,1.0,-13.366834170854272,0.049987611867688894
34,1.0,-13.165829145728644,0.0532134571871295
35,1.0,-12.964824120603016,0.056744173815789035
36,1.0,-12.763819095477388,0.06058899513870323
37,1.0,-12.56281407035176,0.0647583021358795
38,1.0,-12.361809045226131,0.06926685627176463
39,1.0,-12.160804020100503,0.07412801625703479
40,1.0,-11.959798994974873,0.07936180296627408
41,1.0,-11.758793969849245,0.08499170745462813
42,1.0,-11.557788944723617,0.09104338184837893
43,1.0,-11.356783919597989,0.09754383995307576
44,1.0,-11.15577889447236,0.10452861427124184
45,1.0,-10.954773869346733,0.11203392145050366
46,1.0,-10.753768844221105,0.12010215476828716
47,1.0,-10.552763819095476,0.12877814877335472
48,1.0,-10.351758793969848,0.1381144429155033
49,1.0,-10.15075376884422,0.1481666161568574
50,1.0,-9.949748743718592,0.15899388765589084
51,1.0,-9.748743718592964,0.17066583095058813
52,1.0,-9.547738693467336,0.18324906933337695
53,1.0,-9.346733668341708,0.1968296431532481
54,1.0,-9.14572864321608,0.2114800940800751
55,1.0,-8.944723618090451,0.22729313693130448
56,1.0,-8.743718592964823,0.24435364750053779
57,1.0,-8.542713567839195,0.26274995832281295
58,1.0,-8.341708542713567,0.2825703468295013
59,1.0,-8.140703517587939,0.3038876063098912
60,1.0,-7.939698492462311,0.3267688145353146
61,1.0,-7.738693467336683,0.35125131589741654
62,1.0,-7.537688442211055,0.37734018023539234
63,1.0,-7.3366834170854265,0.405003068353832
64,1.0,-7.135678391959798,0.4341387566044918
65,1.0,-6.93467336683417,0.46458277154568256
66,1.0,-6.733668341708542,0.49608102364779916
67,1.0,-6.532663316582914,0.528299228557278
68,1.0,-6.331658291457286,0.56081582138682
69,1.0,-6.130653266331658,0.5931368279837649
70,1.0,-5.92964824120603,0.6247110521241973
71,1.0,-5.7286432160804015,0.6549698390649298
72,1.0,-5.527638190954773,0.6833644052519491
73,1.0,-5.326633165829145,0.7093964184305067
74,1.0,-5.125628140703517,0.7326596185359138
75,1.0,-4.924623115577889,0.7528665750787062
76,1.0,-4.723618090452261,0.7698675852800321
77,1.0,-4.522613065326633,0.7836350403813374
78,1.0,-4.321608040201005,0.7942731073189859
79,1.0,-4.1206030150753765,0.8019833408395154
80,1.0,-3.9195979899497466,0.8070442635106859
81,1.0,-3.7185929648241185,0.809783493280138
82,1.0,-3.5175879396984904,0.8105522087894069
83,1.0,-3.3165829145728623,0.8097027820693816
84,1.0,-3.115577889447234,0.8075731025225146
85,1.0,-2.914572864321606,0.804474718935879
86,1.0,-2.713567839195978,0.8006863761720333
87,1.0,-2.5125628140703498,0.7964513547503883
88,1.0,-2.3115577889447216,0.7919773007305054
89,1.0,-2.1105527638190935,0.7874385774421571
90,1.0,-1.9095477386934654,0.7829790533126559
91,1.0,-1.7085427135678373,0.77871753942037
92,1.0,-1.5075376884422091,0.7747454920472532
93,1.0,-1.306532663316581,0.7711394803714399
94,1.0,-1.105527638190953,0.7679589114164938
95,1.0,-0.9045226130653248,0.7652486595650123
96,1.0,-0.7035175879396967,0.7630463762408318
97,1.0,-0.5025125628140685,0.7613776227677967
98,1.0,-0.3015075376884404,0.7602620007461577
99,1.0,-0.10050251256281229,0.7597135184205487
100,1.0,0.10050251256281584,0.7597403579582531
101,1.0,0.30150753768844396,0.7603465104583864
102,1.0,0.5025125628140721,0.7615311319633318
103,1.0,0.7035175879397002,0.7632884131400358
104,1.0,0.9045226130653283,0.7656063711760207
105,1.0,1.1055276381909565,0.7684678832380881
106,1.0,1.3065326633165846,0.7718434474571201
107,1.0,1.5075376884422127,0.7756970861261384
108,1.0,1.7085427135678408,0.7799778506154443
109,1.0,1.909547738693469,0.7846172741662438
110,1.0,2.110552763819097,0.7895315753182554
111,1.0,2.311557788944725,0.7946083068649782
112,1.0,2.5125628140703533,0.7997082508775449
113,1.0,2.7135678391959814,0.804659242488404
114,1.0,2.9145728643216096,0.8092523700707602
115,1.0,3.1155778894472377,0.8132387247116485
116,1.0,3.316582914572866,0.8163291787091294
117,1.0,3.517587939698494,0.8181956198620959
118,1.0,3.718592964824122,0.8184781241613649
119,1.0,3.91959798994975,0.8167949924393837
120,1.0,4.120603015075378,0.8127615927438154
121,1.0,4.321608040201006,0.8060122870519496
122,1.0,4.5226130653266345,0.7962297788264447
123,1.0,4.723618090452263,0.7831737028878042
124,1.0,4.924623115577891,0.7667139301684106
125,1.0,5.125628140703519,0.7468456968964078
126,1.0,5.326633165829147,0.7237217537021048
127,1.0,5.527638190954775,0.6976228561266651
128,1.0,5.728643216080403,0.6689747348807842
129,1.0,5.929648241206031,0.6383032578274911
130,1.0,6.1306532663316595,0.6061913578290796
131,1.0,6.331658291457288,0.5732492764528505
132,1.0,6.532663316582916,0.5400662650124679
133,1.0,6.733668341708544,0.5071655719199946
134,1.0,6.934673366834172,0.4750023707842912
135,1.0,7.1356783919598,0.4439316569707294
136,1.0,7.336683417085428,0.41421360110639716
137,1.0,7.537688442211056,0.386024966962186
138,1.0,7.7386934673366845,0.3594667134408357
139,1.0,7.939698492462313,0.33457115790952946
140,1.0,8.14070351758794,0.31132757461341526
141,1.0,8.341708542713569,0.28969463336246304
142,1.0,8.542713567839197,0.2696031193397617
143,1.0,8.743718592964825,0.25096983573561493
144,1.0,8.944723618090453,0.23370593624050431
145,1.0,9.145728643216081,0.21771680655003453
146,1.0,9.34673366834171,0.20291301019236732
147,1.0,9.547738693467338,0.18920573934434395
148,1.0,9.748743718592966,0.17650808343046384
149,1.0,9.949748743718594,0.16474080533325283
150,1.0,10.150753768844222,0.1538290153224763
151,1.0,10.35175879396985,0.14370662888429298
152,1.0,10.552763819095478,0.1343066772998749
153,1.0,10.753768844221106,0.1255755655222801
154,1.0,10.954773869346734,0.11745788492834368
155,1.0,11.155778894472363,0.10990679697666506
156,1.0,11.35678391959799,0.10287739196581695
157,1.0,11.557788944723619,0.09633087712416517
158,1.0,11.758793969849247,0.0902328209310618
159,1.0,11.959798994974875,0.08454706625290621
160,1.0,12.160804020100507,0.07924867788616398
161,1.0,12.361809045226131,0.07431144341336335
162,1.0,12.562814070351763,0.06971092555872911
163,1.0,12.763819095477388,0.06542677287863474
164,1.0,12.96482412060302,0.06144335154189877
165,1.0,13.165829145728644,0.05774419219900321
166,1.0,13.366834170854275,0.05431513435730714
167,1.0,13.5678391959799,0.051143720713706
168,1.0,13.768844221105532,0.04822162617919993
169,1.0,13.969849246231156,0.045537150234389284
170,1.0,14.170854271356788,0.04308367785755108
171,1.0,14.371859296482413,0.0408516336800189
172,1.0,14.572864321608044,0.038832015599353266
173,1.0,14.773869346733669,0.037016471738455195
174,1.0,14.9748743718593,0.035393724395234444
175,1.0,15.175879396984925,0.033950531283232256
176,1.0,15.376884422110557,0.0326734020236526
177,1.0,15.577889447236181,0.031543885455808586
178,1.0,15.778894472361813,0.03054336793933931
179,1.0,15.979899497487438,0.029649203593926306
180,1.0,16.18090452261307,0.028836458070029016
181,1.0,16.381909547738694,0.0280786415965371
182,1.0,16.582914572864325,0.027349949047170856
183,1.0,16.78391959798995,0.026621793290055696
184,1.0,16.98492462311558,0.02587121226735966
185,1.0,17.185929648241206,0.02507692365774485
186,1.0,17.386934673366838,0.02422247341540974
187,1.0,17.587939698492463,0.023297692756245252
188,1.0,17.788944723618094,0.022299412170933834
189,1.0,17.98994974874372,0.02123249421407641
190,1.0,18.19095477386935,0.020108253110768467
191,1.0,18.391959798994975,0.01894451910963363
192,1.0,18.592964824120607,0.017762994125920084
193,1.0,18.79396984924623,0.01658938183059044
194,1.0,18.994974874371863,0.015449428425087857
195,1.0,19.195979899497488,0.01436887946164684
196,1.0,19.39698492462312,0.013369843147745338
197,1.0,19.597989949748744,0.01246508239724246
198,1.0,19.798994974874375,0.011649460759849808
199,1.0,20.0,0.010896364726048378
