,t,height,fid
0,2.0,-20.0,0.23757431182869473
1,2.0,-19.798994974874372,0.2447802905089481
2,2.0,-19.597989949748744,0.26391667364462457
3,2.0,-19.396984924623116,0.29024889929861847
4,2.0,-19.195979899497488,0.312016107347491
5,2.0,-18.99497487437186,0.3212828303356964
6,2.0,-18.79396984924623,0.3192697878881495
7,2.0,-18.592964824120603,0.30883677028669854
8,2.0,-18.391959798994975,0.2916231345481838
9,2.0,-18.190954773869347,0.27922162638156617
10,2.0,-17.98994974874372,0.29247322200777287
11,2.0,-17.78894472361809,0.3318427188150134
12,2.0,-17.587939698492463,0.3595098224883128
13,2.0,-17.386934673366834,0.3382624753492973
14,2.0,-17.185929648241206,0.28576535577049134
15,2.0,-16.984924623115578,0.25813893269658295
16,2.0,-16.78391959798995,0.2737986275859608
17,2.0,-16.582914572864322,0.29029854764052876
18,2.0,-16.381909547738694,0.2721280217238064
19,2.0,-16.180904522613066,0.2392595866393341
20,2.0,-15.979899497487438,0.21945305766891265
21,2.0,-15.77889447236181,0.19843907413622833
22,2.0,-15.577889447236181,0.16214391447604778
23,2.0,-15.376884422110553,0.13877646730033386
24,2.0,-15.175879396984925,0.14006784651747975
25,2.0,-14.974874371859297,0.120559347019163
26,2.0,-14.773869346733669,0.06639641805746917
27,2.0,-14.57286432160804,0.03906750736219837
28,2.0,-14.371859296482413,0.053486004455100336
29,2.0,-14.170854271356784,0.04347395610772234
30,2.0,-13.969849246231156,0.00798236631266007
31,2.0,-13.768844221105528,0.006050261876621958
32,2.0,-13.5678391959799,0.01766927390978335
33,2.0,-13.366834170854272,0.007472204644086477
34,2.0,-13.165829145728644,0.0032033479535449405
35,2.0,-12.964824120603016,0.009031538784781704
36,2.0,-12.763819095477388,0.008211967066480905
37,2.0,-12.56281407035176,0.007910795789677776
38,2.0,-12.361809045226131,0.00970840225601806
39,2.0,-12.160804020100503,0.010434801371705675
40,2.0,-11.959798994974873,0.011456250973837664
41,2.0,-11.758793969849245,0.012711218453405082
42,2.0,-11.557788944723617,0.014019783707326575
43,2.0,-11.356783919597989,0.015507290604555326
44,2.0,-11.15577889447236,0.017169032245095753
45,2.0,-10.954773869346733,0.019029389269975813
46,2.0,-10.753768844221105,0.02111540157146686
47,2.0,-10.552763819095476,0.023458357916136107
48,2.0,-10.351758793969848,0.02609238102955631
49,2.0,-10.15075376884422,0.02905516060488939
50,2.0,-9.949748743718592,0.03239203787911295
51,2.0,-9.748743718592964,0.036153181871779884
52,2.0,-9.547738693467336,0.04039383222037544
53,2.0,-9.346733668341708,0.04517897834464438
54,2.0,-9.14572864321608,0.05057876810197811
55,2.0,-8.944723618090451,0.05667417150275217
56,2.0,-8.743718592964823,0.0635540943294027
57,2.0,-8.542713567839195,0.07132393301318411
58,2.0,-8.341708542713567,0.08010449392591477
59,2.0,-8.140703517587939,0.09005076059255228
60,2.0,-7.939698492462311,0.10134978461159336
61,2.0,-7.738693467336683,0.1142543179620385
62,2.0,-7.537688442211055,0.12908730493339163
63,2.0,-7.3366834170854265,0.14627309187672716
64,2.0,-7.135678391959798,0.1663460236712485
65,2.0,-6.93467336683417,0.189968492587707
66,2.0,-6.733668341708542,0.2179462924867604
67,2.0,-6.532663316582914,0.2512226529310037
68,2.0,-6.331658291457286,0.2908422680756473
69,2.0,-6.130653266331658,0.33787537491335207
70,2.0,-5.92964824120603,0.3931861461672911
71,2.0,-5.7286432160804015,0.4570660650891346
72,2.0,-5.527638190954773,0.5286130685517582
73,2.0,-5.326633165829145,0.6051892992520607
74,2.0,-5.125628140703517,0.6822568903639121
75,2.0,-4.924623115577889,0.7540384049688054
76,2.0,-4.723618090452261,0.8149552239122674
77,2.0,-4.522613065326633,0.861145361580136
78,2.0,-4.321608040201005,0.891331701458795
79,2.0,-4.1206030150753765,0.9067060387019196
80,2.0,-3.9195979899497466,0.9100598888705536
81,2.0,-3.7185929648241185,0.90475925410282
82,2.0,-3.5175879396984904,0.8939594339625511
83,2.0,-3.3165829145728623,0.8802011727254979
84,2.0,-3.115577889447234,0.8653089972233683
85,2.0,-2.914572864321606,0.8504905375591015
86,2.0,-2.713567839195978,0.8364668301344904
87,2.0,-2.5125628140703498,0.823624004288741
88,2.0,-2.3115577889447216,0.812130543415846
89,2.0,-2.1105527638190935,0.8020170029956033
90,2.0,-1.9095477386934654,0.7932393079221043
91,2.0,-1.7085427135678373,0.785713518298639
92,2.0,-1.5075376884422091,0.7793411167678708
93,2.0,-1.306532663316581,0.7740176643319197
94,2.0,-1.105527638190953,0.7696492794958637
95,2.0,-0.9045226130653248,0.7661523912482827
96,2.0,-0.7035175879396967,0.763454860777578
97,2.0,-0.5025125628140685,0.761503145266419
98,2.0,-0.3015075376884404,0.7602557227862391
99,2.0,-0.10050251256281229,0.7596874996153068
100,2.0,0.10050251256281584,0.7597892517026553
101,2.0,0.30150753768844396,0.7605668409255304
102,2.0,0.5025125628140721,0.7620420127310155
103,2.0,0.7035175879397002,0.7642522885714901
104,2.0,0.9045226130653283,0.7672523477126396
105,2.0,1.1055276381909565,0.7711097505187541
106,2.0,1.3065326633165846,0.7759114486335281
107,2.0,1.5075376884422127,0.7817571640914879
108,2.0,1.7085427135678408,0.7887643924034736
109,2.0,1.909547738693469,0.7970555825965816
110,2.0,2.110552763819097,0.806756996562538
111,2.0,2.311557788944725,0.8179831612858208
112,2.0,2.5125628140703533,0.8308146840483742
113,2.0,2.7135678391959814,0.8452615511870567
114,2.0,2.9145728643216096,0.8611998151188602
115,2.0,3.1155778894472377,0.8782855253294336
116,2.0,3.316582914572866,0.8958215315041966
117,2.0,3.517587939698494,0.9126069852404605
118,2.0,3.718592964824122,0.9267455217047659
119,2.0,3.91959798994975,0.935534950470716
120,2.0,4.120603015075378,0.9355297922232583
121,2.0,4.321608040201006,0.9229455076588434
122,2.0,4.5226130653266345,0.8945109163421172
123,2.0,4.723618090452263,0.8486365853531054
124,2.0,4.924623115577891,0.7864397260741979
125,2.0,5.125628140703519,0.7119904402701106
126,2.0,5.326633165829147,0.6313542292616867
127,2.0,5.527638190954775,0.5508869928222521
128,2.0,5.728643216080403,0.4755810695480335
129,2.0,5.929648241206031,0.40831030980726457
130,2.0,6.1306532663316595,0.3500091379785322
131,2.0,6.331658291457288,0.3003427512957414
132,2.0,6.532663316582916,0.2583756410331471
133,2.0,6.733668341708544,0.22300065677864422
134,2.0,6.934673366834172,0.19315843152638107
135,2.0,7.1356783919598,0.16791222055126606
136,2.0,7.336683417085428,0.1464724847241221
137,2.0,7.537688442211056,0.1281869723821839
138,2.0,7.7386934673366845,0.11251953048823292
139,2.0,7.939698492462313,0.09903177080950404
140,2.0,8.14070351758794,0.08736815444853566
141,2.0,8.341708542713569,0.07724002360733047
142,2.0,8.542713567839197,0.06841388589552061
143,2.0,8.743718592964825,0.06069727092455855
144,2.0,8.944723618090453,0.05393348334503721
145,2.0,9.145728643216081,0.04799074557715947
146,2.0,9.34673366834171,0.04275931418839882
147,2.0,9.547738693467338,0.03814638496869876
148,2.0,9.748743718592966,0.03407291203741593
149,2.0,9.949748743718594,0.030469255632294537
150,2.0,10.150753768844222,0.02727888904042914
151,2.0,10.35175879396985,0.024447551899396684
152,2.0,10.552763819095478,0.021933577760895596
153,2.0,10.753768844221106,0.019698916253127263
154,2.0,10.954773869346734,0.017708904811119378
155,2.0,11.155778894472363,0.015935251959042697
156,2.0,11.35678391959799,0.014352844883196403
157,2.0,11.557788944723619,0.012933630129215631
158,2.0,11.758793969849247,0.011691994249631849
159,2.0,11.959798994974875,0.010503463397967452
160,2.0,12.160804020100507,0.00949565435668438
161,2.0,12.361809045226131,0.008909461499945728
162,2.0,12.562814070351763,0.0071449561681100416
163,2.0,12.763819095477388,0.0072061299933285465
164,2.0,12.96482412060302,0.008745662511799594
165,2.0,13.165829145728644,0.002936783012758806
166,2.0,13.366834170854275,0.005967789792961777
167,2.0,13.5678391959799,0.018417646589028804
168,2.0,13.768844221105532,0.008955673259893243
169,2.0,13.969849246231156,0.007426971041810445
170,2.0,14.170854271356788,0.043862560185622186
171,2.0,14.371859296482413,0.06279402932284142
172,2.0,14.572864321608044,0.04867239096079469
173,2.0,14.773869346733669,0.06689875172881699
174,2.0,14.9748743718593,0.12490178224322869
175,2.0,15.175879396984925,0.16012377683117435
176,2.0,15.376884422110557,0.15846856197626447
177,2.0,15.577889447236181,0.16435047987848275
178,2.0,15.778894472361813,0.1979621582875703
179,2.0,15.979899497487438,0.23885136082444736
180,2.0,16.18090452261307,0.2688904507278342
181,2.0,16.381909547738694,0.2844082645031467
182,2.0,16.582914572864325,0.2837087098624803
183,2.0,16.78391959798995,0.2742850593908722
184,2.0,16.98492462311558,0.2789125255038589
185,2.0,17.185929648241206,0.31009450813791795
186,2.0,17.386934673366838,0.34670714310950107
187,2.0,17.587939698492463,0.3554156084446075
188,2.0,17.788944723618094,0.3311365628992179
189,2.0,17.98994974874372,0.300984802010267
190,2.0,18.19095477386935,0.2906423090664571
191,2.0,18.391959798994975,0.30072126636936
192,2.0,18.592964824120607,0.3161718501556925
193,2.0,18.79396984924623,0.32522857944114286
194,2.0,18.994974874371863,0.3238152889282322
195,2.0,19.195979899497488,0.31116811545552187
196,2.0,19.39698492462312,0.28977251418846767
197,2.0,19.597989949748744,0.26698263992231613
198,2.0,19.798994974874375,0.2509280380930688
199,2.0,20.0,0.2444914280748697
