,t,height,fid
0,3.0000000000000004,-20.0,0.21663479274535027
1,3.0000000000000004,-19.798994974874372,0.27107078000757956
2,3.0000000000000004,-19.597989949748744,0.22484183946047293
3,3.0000000000000004,-19.396984924623116,0.09690494452469138
4,3.0000000000000004,-19.195979899497488,0.008480732285044241
5,3.0000000000000004,-18.99497487437186,0.038703798551431474
6,3.0000000000000004,-18.79396984924623,0.15268188403241215
7,3.0000000000000004,-18.592964824120603,0.23385127014226104
8,3.0000000000000004,-18.391959798994975,0.2028742026386875
9,3.0000000000000004,-18.190954773869347,0.07611100756513076
10,3.0000000000000004,-17.98994974874372,0.023754250014093734
11,3.0000000000000004,-17.78894472361809,0.11094609463939317
12,3.0000000000000004,-17.587939698492463,0.19544434156751875
13,3.0000000000000004,-17.386934673366834,0.14103205307564506
14,3.0000000000000004,-17.185929648241206,0.07910904702520785
15,3.0000000000000004,-16.984924623115578,0.12952403242898256
16,3.0000000000000004,-16.78391959798995,0.1997297159993321
17,3.0000000000000004,-16.582914572864322,0.1798155213896816
18,3.0000000000000004,-16.381909547738694,0.1573701324281774
19,3.0000000000000004,-16.180904522613066,0.1730356936030167
20,3.0000000000000004,-15.979899497487438,0.22129645206500867
21,3.0000000000000004,-15.77889447236181,0.2614211741746314
22,3.0000000000000004,-15.577889447236181,0.2481825418145474
23,3.0000000000000004,-15.376884422110553,0.22461349540634565
24,3.0000000000000004,-15.175879396984925,0.2566760980330025
25,3.0000000000000004,-14.974874371859297,0.31941104660685465
26,3.0000000000000004,-14.773869346733669,0.3375524065420665
27,3.0000000000000004,-14.57286432160804,0.3082876658741851
28,3.0000000000000004,-14.371859296482413,0.3056084828831069
29,3.0000000000000004,-14.170854271356784,0.35697230534682745
30,3.0000000000000004,-13.969849246231156,0.3954568492494362
31,3.0000000000000004,-13.768844221105528,0.3723896564682094
32,3.0000000000000004,-13.5678391959799,0.34533766643443226
33,3.0000000000000004,-13.366834170854272,0.3769788141630204
34,3.0000000000000004,-13.165829145728644,0.40833896863002683
35,3.0000000000000004,-12.964824120603016,0.3653152557721645
36,3.0000000000000004,-12.763819095477388,0.3244358515434974
37,3.0000000000000004,-12.56281407035176,0.3526996578069237
38,3.0000000000000004,-12.361809045226131,0.3298549065211524
39,3.0000000000000004,-12.160804020100503,0.24570538207115422
40,3.0000000000000004,-11.959798994974873,0.24747243372891334
41,3.0000000000000004,-11.758793969849245,0.21577302311782526
42,3.0000000000000004,-11.557788944723617,0.1254589871576619
43,3.0000000000000004,-11.356783919597989,0.13118353920251544
44,3.0000000000000004,-11.15577889447236,0.06645779227799206
45,3.0000000000000004,-10.954773869346733,0.04191221387380079
46,3.0000000000000004,-10.753768844221105,0.027895748505764588
47,3.0000000000000004,-10.552763819095476,0.005931762916140209
48,3.0000000000000004,-10.351758793969848,0.00808553178736607
49,3.0000000000000004,-10.15075376884422,0.001586739535197857
50,3.0000000000000004,-9.949748743718592,0.0038084839614333714
51,3.0000000000000004,-9.748743718592964,0.004253046243002172
52,3.0000000000000004,-9.547738693467336,0.00567428288071924
53,3.0000000000000004,-9.346733668341708,0.0077198362016283
54,3.0000000000000004,-9.14572864321608,0.00988235929399696
55,3.0000000000000004,-8.944723618090451,0.012414934236401018
56,3.0000000000000004,-8.743718592964823,0.015238638932504735
57,3.0000000000000004,-8.542713567839195,0.018416044189269003
58,3.0000000000000004,-8.341708542713567,0.022040103520170252
59,3.0000000000000004,-8.140703517587939,0.026246623034926253
60,3.0000000000000004,-7.939698492462311,0.0312079148763461
61,3.0000000000000004,-7.738693467336683,0.03714723434355002
62,3.0000000000000004,-7.537688442211055,0.04434276779384645
63,3.0000000000000004,-7.3366834170854265,0.05315014033870297
64,3.0000000000000004,-7.135678391959798,0.06403150823604535
65,3.0000000000000004,-6.93467336683417,0.07760255656314119
66,3.0000000000000004,-6.733668341708542,0.09469565834709665
67,3.0000000000000004,-6.532663316582914,0.11646147811698354
68,3.0000000000000004,-6.331658291457286,0.14452137787201852
69,3.0000000000000004,-6.130653266331658,0.18120615118977274
70,3.0000000000000004,-5.92964824120603,0.22990471805500745
71,3.0000000000000004,-5.7286432160804015,0.29547551232486796
72,3.0000000000000004,-5.527638190954773,0.3841486134956026
73,3.0000000000000004,-5.326633165829145,0.5006672927779526
74,3.0000000000000004,-5.125628140703517,0.6398959613576666
75,3.0000000000000004,-4.924623115577889,0.7791271298346036
76,3.0000000000000004,-4.723618090452261,0.8866637893084057
77,3.0000000000000004,-4.522613065326633,0.943593724642516
78,3.0000000000000004,-4.321608040201005,0.9537946333732796
79,3.0000000000000004,-4.1206030150753765,0.9344936848950514
80,3.0000000000000004,-3.9195979899497466,0.9028533555420754
81,3.0000000000000004,-3.7185929648241185,0.8699209099233036
82,3.0000000000000004,-3.5175879396984904,0.8409041408350132
83,3.0000000000000004,-3.3165829145728623,0.8174213619467436
84,3.0000000000000004,-3.115577889447234,0.7993660664371594
85,3.0000000000000004,-2.914572864321606,0.7859776555361935
86,3.0000000000000004,-2.713567839195978,0.7763448987533533
87,3.0000000000000004,-2.5125628140703498,0.7696140441516458
88,3.0000000000000004,-2.3115577889447216,0.7650629839003101
89,3.0000000000000004,-2.1105527638190935,0.7621066877089817
90,3.0000000000000004,-1.9095477386934654,0.7602858350230689
91,3.0000000000000004,-1.7085427135678373,0.7592507429967303
92,3.0000000000000004,-1.5075376884422091,0.7587390957244268
93,3.0000000000000004,-1.306532663316581,0.7585621026515518
94,3.0000000000000004,-1.105527638190953,0.7585859130575971
95,3.0000000000000004,-0.9045226130653248,0.7587218172631092
96,3.0000000000000004,-0.7035175879396967,0.7589124453776261
97,3.0000000000000004,-0.5025125628140685,0.7591244835756263
98,3.0000000000000004,-0.3015075376884404,0.7593394778144572
99,3.0000000000000004,-0.10050251256281229,0.759550351702319
100,3.0000000000000004,0.10050251256281584,0.7597586464836225
101,3.0000000000000004,0.30150753768844396,0.7599707308874861
102,3.0000000000000004,0.5025125628140721,0.7601999610863724
103,3.0000000000000004,0.7035175879397002,0.7604676078511026
104,3.0000000000000004,0.9045226130653283,0.7608048139969175
105,3.0000000000000004,1.1055276381909565,0.7612614977411816
106,3.0000000000000004,1.3065326633165846,0.7619102373386532
107,3.0000000000000004,1.5075376884422127,0.7628568743546076
108,3.0000000000000004,1.7085427135678408,0.7642520682706913
109,3.0000000000000004,1.909547738693469,0.7663038967010314
110,3.0000000000000004,2.110552763819097,0.7692910438391793
111,3.0000000000000004,2.311557788944725,0.7735847473301325
112,3.0000000000000004,2.5125628140703533,0.7796662465572215
113,3.0000000000000004,2.7135678391959814,0.788144875930075
114,3.0000000000000004,2.9145728643216096,0.7997815091072582
115,3.0000000000000004,3.1155778894472377,0.8154735365866209
116,3.0000000000000004,3.316582914572866,0.8362076788031699
117,3.0000000000000004,3.517587939698494,0.8628520565672293
118,3.0000000000000004,3.718592964824122,0.8956502419432889
119,3.0000000000000004,3.91959798994975,0.9330950166514593
120,3.0000000000000004,4.120603015075378,0.9698505723246029
121,3.0000000000000004,4.321608040201006,0.994128704947314
122,3.0000000000000004,4.5226130653266345,0.9869475026465693
123,3.0000000000000004,4.723618090452263,0.9285585450870109
124,3.0000000000000004,4.924623115577891,0.8137376302710726
125,3.0000000000000004,5.125628140703519,0.6634043687604082
126,3.0000000000000004,5.326633165829147,0.5135567289187984
127,3.0000000000000004,5.527638190954775,0.38972519833981256
128,3.0000000000000004,5.728643216080403,0.2969509544190924
129,3.0000000000000004,5.929648241206031,0.2292603439416189
130,3.0000000000000004,6.1306532663316595,0.17948074010247905
131,3.0000000000000004,6.331658291457288,0.14225178316112855
132,3.0000000000000004,6.532663316582916,0.11393731512659837
133,3.0000000000000004,6.733668341708544,0.09207888220948857
134,3.0000000000000004,6.934673366834172,0.0749842123107937
135,3.0000000000000004,7.1356783919598,0.06146743788038444
136,3.0000000000000004,7.336683417085428,0.050677073082638656
137,3.0000000000000004,7.537688442211056,0.04199081664560645
138,3.0000000000000004,7.7386934673366845,0.0349434447388432
139,3.0000000000000004,7.939698492462313,0.02918387324917505
140,3.0000000000000004,8.14070351758794,0.02444189462243399
141,3.0000000000000004,8.341708542713569,0.02050606975120731
142,3.0000000000000004,8.542713567839197,0.01720939644372779
143,3.0000000000000004,8.743718592964825,0.014423171437813036
144,3.0000000000000004,8.944723618090453,0.012045586788477685
145,3.0000000000000004,9.145728643216081,0.009997245631886977
146,3.0000000000000004,9.34673366834171,0.008313901665437504
147,3.0000000000000004,9.547738693467338,0.006601916092396492
148,3.0000000000000004,9.748743718592966,0.005715243255582238
149,3.0000000000000004,9.949748743718594,0.005008406313292965
150,3.0000000000000004,10.150753768844222,0.002913870115668962
151,3.0000000000000004,10.35175879396985,0.010306229107445539
152,3.0000000000000004,10.552763819095478,0.006291286510691028
153,3.0000000000000004,10.753768844221106,0.032713366442562446
154,3.0000000000000004,10.954773869346734,0.0441065011468287
155,3.0000000000000004,11.155778894472363,0.07410759538737159
156,3.0000000000000004,11.35678391959799,0.13921392913858163
157,3.0000000000000004,11.557788944723619,0.13280633043765994
158,3.0000000000000004,11.758793969849247,0.23060036532059885
159,3.0000000000000004,11.959798994974875,0.25452443027251925
160,3.0000000000000004,12.160804020100507,0.2578614036904288
161,3.0000000000000004,12.361809045226131,0.3445621434408399
162,3.0000000000000004,12.562814070351763,0.35797787708626594
163,3.0000000000000004,12.763819095477388,0.3342877617686693
164,3.0000000000000004,12.96482412060302,0.37976527910476215
165,3.0000000000000004,13.165829145728644,0.41256950011466387
166,3.0000000000000004,13.366834170854275,0.3791561712848231
167,3.0000000000000004,13.5678391959799,0.35741964447475105
168,3.0000000000000004,13.768844221105532,0.3820621210596347
169,3.0000000000000004,13.969849246231156,0.3927144840328128
170,3.0000000000000004,14.170854271356788,0.3563352788971865
171,3.0000000000000004,14.371859296482413,0.31754548567580204
172,3.0000000000000004,14.572864321608044,0.31747006701962743
173,3.0000000000000004,14.773869346733669,0.3310033520212331
174,3.0000000000000004,14.9748743718593,0.312046505789211
175,3.0000000000000004,15.175879396984925,0.26590966383015036
176,3.0000000000000004,15.376884422110557,0.23845964666662425
177,3.0000000000000004,15.577889447236181,0.2447425106687087
178,3.0000000000000004,15.778894472361813,0.24677026590963252
179,3.0000000000000004,15.979899497487438,0.2200147696797578
180,3.0000000000000004,16.18090452261307,0.18894747420892882
181,3.0000000000000004,16.381909547738694,0.16376139632775769
182,3.0000000000000004,16.582914572864325,0.1687695928101992
183,3.0000000000000004,16.78391959798995,0.19298386543555152
184,3.0000000000000004,16.98492462311558,0.1356041856069284
185,3.0000000000000004,17.185929648241206,0.08117391935915601
186,3.0000000000000004,17.386934673366838,0.14500993421808014
187,3.0000000000000004,17.587939698492463,0.20228742803763525
188,3.0000000000000004,17.788944723618094,0.11544487068364932
189,3.0000000000000004,17.98994974874372,0.020274974805058573
190,3.0000000000000004,18.19095477386935,0.07266450624578098
191,3.0000000000000004,18.391959798994975,0.20993307661105381
192,3.0000000000000004,18.592964824120607,0.25309605113398054
193,3.0000000000000004,18.79396984924623,0.16416749565485508
194,3.0000000000000004,18.994974874371863,0.04119869907470964
195,3.0000000000000004,19.195979899497488,0.010749304199219477
196,3.0000000000000004,19.39698492462312,0.10081077952729359
197,3.0000000000000004,19.597989949748744,0.22708048760234495
198,3.0000000000000004,19.798994974874375,0.2788077487721057
199,3.0000000000000004,20.0,0.23145178592279855
