,t,height,fid
0,4.0,-20.0,0.21325331740728837
1,4.0,-19.798994974874372,0.229145542875948
2,4.0,-19.597989949748744,0.194579937850564
3,4.0,-19.396984924623116,0.12510757200304753
4,4.0,-19.195979899497488,0.15391432292589052
5,4.0,-18.99497487437186,0.23658424369155073
6,4.0,-18.79396984924623,0.20335730990435782
7,4.0,-18.592964824120603,0.11836428754807037
8,4.0,-18.391959798994975,0.08777001241594364
9,4.0,-18.190954773869347,0.05993877903821141
10,4.0,-17.98994974874372,0.08649209943325455
11,4.0,-17.78894472361809,0.1242950937252505
12,4.0,-17.587939698492463,0.15005502454918845
13,4.0,-17.386934673366834,0.12016983437179794
14,4.0,-17.185929648241206,0.05577986479976098
15,4.0,-16.984924623115578,0.01555363142970483
16,4.0,-16.78391959798995,0.09117173067531703
17,4.0,-16.582914572864322,0.17522033487879032
18,4.0,-16.381909547738694,0.17816805874773575
19,4.0,-16.180904522613066,0.12144629124804064
20,4.0,-15.979899497487438,0.008987646606167422
21,4.0,-15.77889447236181,0.12634785659443687
22,4.0,-15.577889447236181,0.23696653571075177
23,4.0,-15.376884422110553,0.2322383282166095
24,4.0,-15.175879396984925,0.04337265564181069
25,4.0,-14.974874371859297,0.047189137850253846
26,4.0,-14.773869346733669,0.19728502074558343
27,4.0,-14.57286432160804,0.15241196944062657
28,4.0,-14.371859296482413,0.04366617866097262
29,4.0,-14.170854271356784,0.15552540363343423
30,4.0,-13.969849246231156,0.1545893777340872
31,4.0,-13.768844221105528,0.11381555049548328
32,4.0,-13.5678391959799,0.18877214031787296
33,4.0,-13.366834170854272,0.1802604866590546
34,4.0,-13.165829145728644,0.2034919152680584
35,4.0,-12.964824120603016,0.23246169077070292
36,4.0,-12.763819095477388,0.25586393432718485
37,4.0,-12.56281407035176,0.27125896713568315
38,4.0,-12.361809045226131,0.3045630744716978
39,4.0,-12.160804020100503,0.34173058358958963
40,4.0,-11.959798994974873,0.3377200315425856
41,4.0,-11.758793969849245,0.3830569237820022
42,4.0,-11.557788944723617,0.41873973380484053
43,4.0,-11.356783919597989,0.3748619621060633
44,4.0,-11.15577889447236,0.4750036415785547
45,4.0,-10.954773869346733,0.3837424426323642
46,4.0,-10.753768844221105,0.4509131584099153
47,4.0,-10.552763819095476,0.3794148124643798
48,4.0,-10.351758793969848,0.37478285107618464
49,4.0,-10.15075376884422,0.3078758537214181
50,4.0,-9.949748743718592,0.26652823620787386
51,4.0,-9.748743718592964,0.17091549107056025
52,4.0,-9.547738693467336,0.14553966258734327
53,4.0,-9.346733668341708,0.04667316703145932
54,4.0,-9.14572864321608,0.03233220529389528
55,4.0,-8.944723618090451,0.017712752309163558
56,4.0,-8.743718592964823,0.002504379332255212
57,4.0,-8.542713567839195,0.002226931281979547
58,4.0,-8.341708542713567,0.004277776989349625
59,4.0,-8.140703517587939,0.005591963511721812
60,4.0,-7.939698492462311,0.007040785899354334
61,4.0,-7.738693467336683,0.008947930891377845
62,4.0,-7.537688442211055,0.011479208204173814
63,4.0,-7.3366834170854265,0.01488862839492957
64,4.0,-7.135678391959798,0.019565333101395747
65,4.0,-6.93467336683417,0.026061329578596505
66,4.0,-6.733668341708542,0.03511988850324882
67,4.0,-6.532663316582914,0.04772159349009254
68,4.0,-6.331658291457286,0.06522750149034573
69,4.0,-6.130653266331658,0.08973364281286746
70,4.0,-5.92964824120603,0.12476873487037579
71,4.0,-5.7286432160804015,0.17669844481466357
72,4.0,-5.527638190954773,0.25761379884638186
73,4.0,-5.326633165829145,0.38978014048957405
74,4.0,-5.125628140703517,0.5899579652312222
75,4.0,-4.924623115577889,0.8037043991848893
76,4.0,-4.723618090452261,0.927766992653541
77,4.0,-4.522613065326633,0.9397825737533266
78,4.0,-4.321608040201005,0.8942272769630878
79,4.0,-4.1206030150753765,0.8405767988360799
80,4.0,-3.9195979899497466,0.7987714973830298
81,4.0,-3.7185929648241185,0.7716287647965868
82,4.0,-3.5175879396984904,0.7564309275766088
83,4.0,-3.3165829145728623,0.7496814564116887
84,4.0,-3.115577889447234,0.7483819158224799
85,4.0,-2.914572864321606,0.7502270021887769
86,4.0,-2.713567839195978,0.753534680734605
87,4.0,-2.5125628140703498,0.7571526566646316
88,4.0,-2.3115577889447216,0.7603553705439438
89,4.0,-2.1105527638190935,0.762758596085375
90,4.0,-1.9095477386934654,0.7642341210269894
91,4.0,-1.7085427135678373,0.7648296662724103
92,4.0,-1.5075376884422091,0.7646960947294199
93,4.0,-1.306532663316581,0.7640364490430799
94,4.0,-1.105527638190953,0.763064412686131
95,4.0,-0.9045226130653248,0.7619823522180041
96,4.0,-0.7035175879396967,0.7609648188385527
97,4.0,-0.5025125628140685,0.7601536165704897
98,4.0,-0.3015075376884404,0.7596564373377851
99,4.0,-0.10050251256281229,0.7595484216356577
100,4.0,0.10050251256281584,0.7598717747225062
101,4.0,0.30150753768844396,0.7606375529815634
102,4.0,0.5025125628140721,0.7618253546383099
103,4.0,0.7035175879397002,0.7633808548160075
104,4.0,0.9045226130653283,0.7652124848853502
105,4.0,1.1055276381909565,0.7671914466379148
106,4.0,1.3065326633165846,0.769144808607305
107,4.0,1.5075376884422127,0.7708684481805858
108,4.0,1.7085427135678408,0.772130170345233
109,4.0,1.909547738693469,0.7726988869769917
110,4.0,2.110552763819097,0.7723817959120562
111,4.0,2.311557788944725,0.7710852802120493
112,4.0,2.5125628140703533,0.7688875439881507
113,4.0,2.7135678391959814,0.7661339418870856
114,4.0,2.9145728643216096,0.7635312354436182
115,4.0,3.1155778894472377,0.7622476126411021
116,4.0,3.316582914572866,0.7640237886059332
117,4.0,3.517587939698494,0.7712921222923457
118,4.0,3.718592964824122,0.7872744127024787
119,4.0,3.91959798994975,0.815881614935246
120,4.0,4.120603015075378,0.860511911915311
121,4.0,4.321608040201006,0.9192549285435634
122,4.0,4.5226130653266345,0.9722989031512389
123,4.0,4.723618090452263,0.9665487627987666
124,4.0,4.924623115577891,0.8390545258363084
125,4.0,5.125628140703519,0.6099049072240555
126,4.0,5.326633165829147,0.39496810608302324
127,4.0,5.527638190954775,0.2566519141865787
128,4.0,5.728643216080403,0.17448172145245938
129,4.0,5.929648241206031,0.12295730243906201
130,4.0,6.1306532663316595,0.08889378360361408
131,4.0,6.331658291457288,0.06546563935292248
132,4.0,6.532663316582916,0.04888253389321048
133,4.0,6.733668341708544,0.036895085989409444
134,4.0,6.934673366834172,0.028101772127858356
135,4.0,7.1356783919598,0.02158064955174255
136,4.0,7.336683417085428,0.016698549436040867
137,4.0,7.537688442211056,0.01301062635778606
138,4.0,7.7386934673366845,0.010199868674562377
139,4.0,7.939698492462313,0.008044556797286204
140,4.0,8.14070351758794,0.00638062961848012
141,4.0,8.341708542713569,0.004848230419589276
142,4.0,8.542713567839197,0.0025578485824403058
143,4.0,8.743718592964825,0.00290382300988257
144,4.0,8.944723618090453,0.019343177853131478
145,4.0,9.145728643216081,0.03586096561809779
146,4.0,9.34673366834171,0.049552233699349406
147,4.0,9.547738693467338,0.15144999181484253
148,4.0,9.748743718592966,0.1848870229683627
149,4.0,9.949748743718594,0.2699475791067333
150,4.0,10.150753768844222,0.32586529035087586
151,4.0,10.35175879396985,0.37674347630966804
152,4.0,10.552763819095478,0.39741954167839727
153,4.0,10.753768844221106,0.4475299492115038
154,4.0,10.954773869346734,0.40474394743054004
155,4.0,11.155778894472363,0.46340006488228314
156,4.0,11.35678391959799,0.39751367505568896
157,4.0,11.557788944723619,0.40862437708971594
158,4.0,11.758793969849247,0.3925984233927123
159,4.0,11.959798994974875,0.3443247730254107
160,4.0,12.160804020100507,0.33592794869121656
161,4.0,12.361809045226131,0.312428080290473
162,4.0,12.562814070351763,0.2748997796041691
163,4.0,12.763819095477388,0.25245708861614974
164,4.0,12.96482412060302,0.2343673820847104
165,4.0,13.165829145728644,0.2095367886878795
166,4.0,13.366834170854275,0.17757320682323263
167,4.0,13.5678391959799,0.18891411776001193
168,4.0,13.768844221105532,0.11417064663819747
169,4.0,13.969849246231156,0.160720666462849
170,4.0,14.170854271356788,0.15793689793592003
171,4.0,14.371859296482413,0.03739088506576517
172,4.0,14.572864321608044,0.15723540375499687
173,4.0,14.773869346733669,0.21472056671395645
174,4.0,14.9748743718593,0.04642467394204245
175,4.0,15.175879396984925,0.04076475804423567
176,4.0,15.376884422110557,0.23613835897868687
177,4.0,15.577889447236181,0.26073697956982134
178,4.0,15.778894472361813,0.12251481474367154
179,4.0,15.979899497487438,0.014305562331354068
180,4.0,16.18090452261307,0.1145387044059871
181,4.0,16.381909547738694,0.1945386303448336
182,4.0,16.582914572864325,0.18272589681491075
183,4.0,16.78391959798995,0.08948654381065091
184,4.0,16.98492462311558,0.019594841194572384
185,4.0,17.185929648241206,0.05627230569742801
186,4.0,17.386934673366838,0.12463103661382424
187,4.0,17.587939698492463,0.15627731302651782
188,4.0,17.788944723618094,0.1313378175743281
189,4.0,17.98994974874372,0.08525555119324392
190,4.0,18.19095477386935,0.0661200820292176
191,4.0,18.391959798994975,0.09089321072758692
192,4.0,18.592964824120607,0.11356088950243028
193,4.0,18.79396984924623,0.2068682880960156
194,4.0,18.994974874371863,0.25556176626453403
195,4.0,19.195979899497488,0.15142111365738986
196,4.0,19.39698492462312,0.11604577869983213
197,4.0,19.597989949748744,0.20392038442276839
198,4.0,19.798994974874375,0.2512080191550174
199,4.0,20.0,0.21035226021422002
