,t,height,fid
0,5.000000000000001,-20.0,0.22072086832040266
1,5.000000000000001,-19.798994974874372,0.3359576508320252
2,5.000000000000001,-19.597989949748744,0.2652527071105352
3,5.000000000000001,-19.396984924623116,0.22685794887136893
4,5.000000000000001,-19.195979899497488,0.044830381116886885
5,5.000000000000001,-18.99497487437186,0.005867739164506881
6,5.000000000000001,-18.79396984924623,0.1258973349033962
7,5.000000000000001,-18.592964824120603,0.3534456848693906
8,5.000000000000001,-18.391959798994975,0.35323477904528133
9,5.000000000000001,-18.190954773869347,0.21789264015032547
10,5.000000000000001,-17.98994974874372,0.0539652978605367
11,5.000000000000001,-17.78894472361809,0.07529730452341704
12,5.000000000000001,-17.587939698492463,0.2963310540318037
13,5.000000000000001,-17.386934673366834,0.4811312809731234
14,5.000000000000001,-17.185929648241206,0.2650877741648334
15,5.000000000000001,-16.984924623115578,0.08065458091812068
16,5.000000000000001,-16.78391959798995,0.18234787306735267
17,5.000000000000001,-16.582914572864322,0.2921961862650164
18,5.000000000000001,-16.381909547738694,0.15343294361152965
19,5.000000000000001,-16.180904522613066,0.19291337661757044
20,5.000000000000001,-15.979899497487438,0.26791201876286536
21,5.000000000000001,-15.77889447236181,0.1629923180726868
22,5.000000000000001,-15.577889447236181,0.10551851252150066
23,5.000000000000001,-15.376884422110553,0.0952837553487616
24,5.000000000000001,-15.175879396984925,0.1546599621895981
25,5.000000000000001,-14.974874371859297,0.15257651679509918
26,5.000000000000001,-14.773869346733669,0.0937432146202952
27,5.000000000000001,-14.57286432160804,0.02085521720288536
28,5.000000000000001,-14.371859296482413,0.10634870459090325
29,5.000000000000001,-14.170854271356784,0.15965696943350774
30,5.000000000000001,-13.969849246231156,0.0783093632720002
31,5.000000000000001,-13.768844221105528,0.028715625492799414
32,5.000000000000001,-13.5678391959799,0.21154795612249697
33,5.000000000000001,-13.366834170854272,0.20246907339079367
34,5.000000000000001,-13.165829145728644,0.012174494083537315
35,5.000000000000001,-12.964824120603016,0.1692382337588427
36,5.000000000000001,-12.763819095477388,0.1993075919503739
37,5.000000000000001,-12.56281407035176,0.011971572364370402
38,5.000000000000001,-12.361809045226131,0.19094565108084452
39,5.000000000000001,-12.160804020100503,0.08481739758250194
40,5.000000000000001,-11.959798994974873,0.14864418101985893
41,5.000000000000001,-11.758793969849245,0.15371381377362064
42,5.000000000000001,-11.557788944723617,0.17397106196501178
43,5.000000000000001,-11.356783919597989,0.21324767500341055
44,5.000000000000001,-11.15577889447236,0.23209607100854646
45,5.000000000000001,-10.954773869346733,0.2763897748574923
46,5.000000000000001,-10.753768844221105,0.30042189660283924
47,5.000000000000001,-10.552763819095476,0.3505401184270895
48,5.000000000000001,-10.351758793969848,0.36857461567819494
49,5.000000000000001,-10.15075376884422,0.4258782553399398
50,5.000000000000001,-9.949748743718592,0.42397345010727505
51,5.000000000000001,-9.748743718592964,0.47780282045672623
52,5.000000000000001,-9.547738693467336,0.44935009896532807
53,5.000000000000001,-9.346733668341708,0.44748546831429376
54,5.000000000000001,-9.14572864321608,0.43851574483129274
55,5.000000000000001,-8.944723618090451,0.312386750348544
56,5.000000000000001,-8.743718592964823,0.2290178509779221
57,5.000000000000001,-8.542713567839195,0.1715858434937702
58,5.000000000000001,-8.341708542713567,0.09493352642110574
59,5.000000000000001,-8.140703517587939,0.03562421475000337
60,5.000000000000001,-7.939698492462311,0.010822185983856973
61,5.000000000000001,-7.738693467336683,0.004603955415080033
62,5.000000000000001,-7.537688442211055,0.004297864515994105
63,5.000000000000001,-7.3366834170854265,0.005428863086398586
64,5.000000000000001,-7.135678391959798,0.00717794054811573
65,5.000000000000001,-6.93467336683417,0.009785362553332769
66,5.000000000000001,-6.733668341708542,0.013639806583207296
67,5.000000000000001,-6.532663316582914,0.019339628269993532
68,5.000000000000001,-6.331658291457286,0.027869735799497423
69,5.000000000000001,-6.130653266331658,0.04091852639201937
70,5.000000000000001,-5.92964824120603,0.06152801090562653
71,5.000000000000001,-5.7286432160804015,0.0956122985545981
72,5.000000000000001,-5.527638190954773,0.1559839361014188
73,5.000000000000001,-5.326633165829145,0.27577535687719035
74,5.000000000000001,-5.125628140703517,0.5241964986850031
75,5.000000000000001,-4.924623115577889,0.8069246908637934
76,5.000000000000001,-4.723618090452261,0.9048951149406566
77,5.000000000000001,-4.522613065326633,0.8628787058037938
78,5.000000000000001,-4.321608040201005,0.8025968046391007
79,5.000000000000001,-4.1206030150753765,0.7669783734945012
80,5.000000000000001,-3.9195979899497466,0.7559751802238422
81,5.000000000000001,-3.7185929648241185,0.7609823657496604
82,5.000000000000001,-3.5175879396984904,0.7739427012897808
83,5.000000000000001,-3.3165829145728623,0.7886613189919891
84,5.000000000000001,-3.115577889447234,0.8009518076546854
85,5.000000000000001,-2.914572864321606,0.8086310584278772
86,5.000000000000001,-2.713567839195978,0.8112754978830125
87,5.000000000000001,-2.5125628140703498,0.8096331070731306
88,5.000000000000001,-2.3115577889447216,0.8049822609842753
89,5.000000000000001,-2.1105527638190935,0.798641453176347
90,5.000000000000001,-1.9095477386934654,0.791682840567374
91,5.000000000000001,-1.7085427135678373,0.7848616070019289
92,5.000000000000001,-1.5075376884422091,0.7786456043843688
93,5.000000000000001,-1.306532663316581,0.7732683966856114
94,5.000000000000001,-1.105527638190953,0.7688199114365968
95,5.000000000000001,-0.9045226130653248,0.7653018718596493
96,5.000000000000001,-0.7035175879396967,0.7626704259093816
97,5.000000000000001,-0.5025125628140685,0.7608648894849382
98,5.000000000000001,-0.3015075376884404,0.7598319567392321
99,5.000000000000001,-0.10050251256281229,0.7595340211764184
100,5.000000000000001,0.10050251256281584,0.7599555931514335
101,5.000000000000001,0.30150753768844396,0.7611080349108574
102,5.000000000000001,0.5025125628140721,0.7630248360935976
103,5.000000000000001,0.7035175879397002,0.765763543219429
104,5.000000000000001,0.9045226130653283,0.7693914515322702
105,5.000000000000001,1.1055276381909565,0.7739785211690541
106,5.000000000000001,1.3065326633165846,0.7795770331158107
107,5.000000000000001,1.5075376884422127,0.7861816749448297
108,5.000000000000001,1.7085427135678408,0.7936936929809137
109,5.000000000000001,1.909547738693469,0.8018462793059328
110,5.000000000000001,2.110552763819097,0.8101203430553479
111,5.000000000000001,2.311557788944725,0.8176755921779119
112,5.000000000000001,2.5125628140703533,0.8233113087558012
113,5.000000000000001,2.7135678391959814,0.8255388374097019
114,5.000000000000001,2.9145728643216096,0.8228816540070759
115,5.000000000000001,3.1155778894472377,0.8144184577767846
116,5.000000000000001,3.316582914572866,0.8005005666124443
117,5.000000000000001,3.517587939698494,0.7834073860268781
118,5.000000000000001,3.718592964824122,0.7676621708394179
119,5.000000000000001,3.91959798994975,0.7600542951095509
120,5.000000000000001,4.120603015075378,0.7696049877808875
121,5.000000000000001,4.321608040201006,0.806673701574048
122,5.000000000000001,4.5226130653266345,0.874597417866717
123,5.000000000000001,4.723618090452263,0.9335380025527621
124,5.000000000000001,4.924623115577891,0.8517093795759408
125,5.000000000000001,5.125628140703519,0.5587303466200424
126,5.000000000000001,5.326633165829147,0.2893329018238022
127,5.000000000000001,5.527638190954775,0.16262094952731826
128,5.000000000000001,5.728643216080403,0.10002183740100593
129,5.000000000000001,5.929648241206031,0.0647981372499248
130,5.000000000000001,6.1306532663316595,0.04345444418915172
131,5.000000000000001,6.331658291457288,0.02987354370237744
132,5.000000000000001,6.532663316582916,0.020928410487111984
133,5.000000000000001,6.733668341708544,0.014883454402987507
134,5.000000000000001,6.934673366834172,0.01072043808617606
135,5.000000000000001,7.1356783919598,0.007814570855417275
136,5.000000000000001,7.336683417085428,0.00575640426514398
137,5.000000000000001,7.537688442211056,0.004288328055398492
138,5.000000000000001,7.7386934673366845,0.004244360550201507
139,5.000000000000001,7.939698492462313,0.009892078440767716
140,5.000000000000001,8.14070351758794,0.03385516355854329
141,5.000000000000001,8.341708542713569,0.09325469268802217
142,5.000000000000001,8.542713567839197,0.17278696024199094
143,5.000000000000001,8.743718592964825,0.23985654639250598
144,5.000000000000001,8.944723618090453,0.332845874759366
145,5.000000000000001,9.145728643216081,0.447755091933334
146,5.000000000000001,9.34673366834171,0.4489207206063928
147,5.000000000000001,9.547738693467338,0.46482217587495755
148,5.000000000000001,9.748743718592966,0.4785390374547757
149,5.000000000000001,9.949748743718594,0.43248374457160776
150,5.000000000000001,10.150753768844222,0.4277752612760214
151,5.000000000000001,10.35175879396985,0.3741273111157542
152,5.000000000000001,10.552763819095478,0.3501179403515329
153,5.000000000000001,10.753768844221106,0.3072540881246615
154,5.000000000000001,10.954773869346734,0.2714436704348808
155,5.000000000000001,11.155778894472363,0.2417334603322022
156,5.000000000000001,11.35678391959799,0.2055551559601495
157,5.000000000000001,11.557788944723619,0.18170933129294822
158,5.000000000000001,11.758793969849247,0.15341644119331987
159,5.000000000000001,11.959798994974875,0.14667278293057862
160,5.000000000000001,12.160804020100507,0.09116838900270798
161,5.000000000000001,12.361809045226131,0.18819047553274412
162,5.000000000000001,12.562814070351763,0.009278308674092727
163,5.000000000000001,12.763819095477388,0.21426199777729127
164,5.000000000000001,12.96482412060302,0.17332991035376802
165,5.000000000000001,13.165829145728644,0.012621533822329648
166,5.000000000000001,13.366834170854275,0.21199076566546085
167,5.000000000000001,13.5678391959799,0.2176257354485322
168,5.000000000000001,13.768844221105532,0.032329807846596184
169,5.000000000000001,13.969849246231156,0.07903723108972399
170,5.000000000000001,14.170854271356788,0.17067947397748165
171,5.000000000000001,14.371859296482413,0.10778398846089532
172,5.000000000000001,14.572864321608044,0.025252313523050844
173,5.000000000000001,14.773869346733669,0.09163037788492577
174,5.000000000000001,14.9748743718593,0.1647280443184958
175,5.000000000000001,15.175879396984925,0.15275297367961319
176,5.000000000000001,15.376884422110557,0.10280481968012546
177,5.000000000000001,15.577889447236181,0.10357336966718621
178,5.000000000000001,15.778894472361813,0.16150898117793364
179,5.000000000000001,15.979899497487438,0.28613966481228853
180,5.000000000000001,16.18090452261307,0.1796703704740912
181,5.000000000000001,16.381909547738694,0.1657208204522091
182,5.000000000000001,16.582914572864325,0.29400014212429315
183,5.000000000000001,16.78391959798995,0.19318237196994947
184,5.000000000000001,16.98492462311558,0.07627452376127415
185,5.000000000000001,17.185929648241206,0.2693268837734342
186,5.000000000000001,17.386934673366838,0.48966474143543326
187,5.000000000000001,17.587939698492463,0.31334069504817125
188,5.000000000000001,17.788944723618094,0.07262987475348404
189,5.000000000000001,17.98994974874372,0.049494401948685186
190,5.000000000000001,18.19095477386935,0.22266407615238354
191,5.000000000000001,18.391959798994975,0.37233756117032435
192,5.000000000000001,18.592964824120607,0.35163795113422247
193,5.000000000000001,18.79396984924623,0.13239507289419813
194,5.000000000000001,18.994974874371863,0.0072585945720090575
195,5.000000000000001,19.195979899497488,0.04916244397489974
196,5.000000000000001,19.39698492462312,0.2180820259670907
197,5.000000000000001,19.597989949748744,0.27032018832181615
198,5.000000000000001,19.798994974874375,0.35803101575621926
199,5.000000000000001,20.0,0.20790193878686397
