,t,height,fid
0,6.000000000000001,-20.0,0.02115917187009615
1,6.000000000000001,-19.798994974874372,0.0005600541219602079
2,6.000000000000001,-19.597989949748744,0.04485246266940953
3,6.000000000000001,-19.396984924623116,0.18551251482308465
4,6.000000000000001,-19.195979899497488,0.30868241043908473
5,6.000000000000001,-18.99497487437186,0.14220421041930936
6,6.000000000000001,-18.79396984924623,0.020995772474261112
7,6.000000000000001,-18.592964824120603,0.05353671284557384
8,6.000000000000001,-18.391959798994975,0.02383239932922176
9,6.000000000000001,-18.190954773869347,0.11221601971807901
10,6.000000000000001,-17.98994974874372,0.1787035777917572
11,6.000000000000001,-17.78894472361809,0.13063935273331023
12,6.000000000000001,-17.587939698492463,0.2395709093415014
13,6.000000000000001,-17.386934673366834,0.03127751888704591
14,6.000000000000001,-17.185929648241206,0.004390354843670285
15,6.000000000000001,-16.984924623115578,0.1540200945236337
16,6.000000000000001,-16.78391959798995,0.339561344461974
17,6.000000000000001,-16.582914572864322,0.3381598856410434
18,6.000000000000001,-16.381909547738694,0.1583482216517179
19,6.000000000000001,-16.180904522613066,0.02308869809152299
20,6.000000000000001,-15.979899497487438,0.18032866559238242
21,6.000000000000001,-15.77889447236181,0.460076755471328
22,6.000000000000001,-15.577889447236181,0.212236065591957
23,6.000000000000001,-15.376884422110553,0.045737824492790055
24,6.000000000000001,-15.175879396984925,0.24826968165985175
25,6.000000000000001,-14.974874371859297,0.4654155722036497
26,6.000000000000001,-14.773869346733669,0.19646191690559753
27,6.000000000000001,-14.57286432160804,0.17527618247337598
28,6.000000000000001,-14.371859296482413,0.28532399455331003
29,6.000000000000001,-14.170854271356784,0.15847074446931558
30,6.000000000000001,-13.969849246231156,0.2900922283414825
31,6.000000000000001,-13.768844221105528,0.1926859927562625
32,6.000000000000001,-13.5678391959799,0.1191691861522806
33,6.000000000000001,-13.366834170854272,0.12677934673926114
34,6.000000000000001,-13.165829145728644,0.19473149869012535
35,6.000000000000001,-12.964824120603016,0.08185690299625908
36,6.000000000000001,-12.763819095477388,0.037800106792933684
37,6.000000000000001,-12.56281407035176,0.15420057661619213
38,6.000000000000001,-12.361809045226131,0.06338899743995721
39,6.000000000000001,-12.160804020100503,0.07286581567904671
40,6.000000000000001,-11.959798994974873,0.2092799065181333
41,6.000000000000001,-11.758793969849245,0.02157659712188133
42,6.000000000000001,-11.557788944723617,0.21909419144120462
43,6.000000000000001,-11.356783919597989,0.10763618551583079
44,6.000000000000001,-11.15577889447236,0.09849522452036401
45,6.000000000000001,-10.954773869346733,0.115873332639508
46,6.000000000000001,-10.753768844221105,0.12905795332039727
47,6.000000000000001,-10.552763819095476,0.11795920282411139
48,6.000000000000001,-10.351758793969848,0.17831148245352282
49,6.000000000000001,-10.15075376884422,0.207787581645141
50,6.000000000000001,-9.949748743718592,0.2420180559505041
51,6.000000000000001,-9.748743718592964,0.2749568573647529
52,6.000000000000001,-9.547738693467336,0.3489561915620987
53,6.000000000000001,-9.346733668341708,0.376129423665538
54,6.000000000000001,-9.14572864321608,0.42410691408720425
55,6.000000000000001,-8.944723618090451,0.4641586014957663
56,6.000000000000001,-8.743718592964823,0.4989085715737286
57,6.000000000000001,-8.542713567839195,0.5064034579202414
58,6.000000000000001,-8.341708542713567,0.4552618094112377
59,6.000000000000001,-8.140703517587939,0.3518149733021438
60,6.000000000000001,-7.939698492462311,0.21939932370182397
61,6.000000000000001,-7.738693467336683,0.09553483756455215
62,6.000000000000001,-7.537688442211055,0.014689228521044219
63,6.000000000000001,-7.3366834170854265,0.0012483790311213318
64,6.000000000000001,-7.135678391959798,0.003784695124144111
65,6.000000000000001,-6.93467336683417,0.005272737048724208
66,6.000000000000001,-6.733668341708542,0.0075699327283100595
67,6.000000000000001,-6.532663316582914,0.010707181617278731
68,6.000000000000001,-6.331658291457286,0.015122438135442624
69,6.000000000000001,-6.130653266331658,0.02191606398963508
70,6.000000000000001,-5.92964824120603,0.03345863786606673
71,6.000000000000001,-5.7286432160804015,0.054600494324558164
72,6.000000000000001,-5.527638190954773,0.09646837761979918
73,6.000000000000001,-5.326633165829145,0.1907434208870579
74,6.000000000000001,-5.125628140703517,0.47127292306088675
75,6.000000000000001,-4.924623115577889,0.7943156177988452
76,6.000000000000001,-4.723618090452261,0.8347639225790497
77,6.000000000000001,-4.522613065326633,0.7773228118499503
78,6.000000000000001,-4.321608040201005,0.7544741613194514
79,6.000000000000001,-4.1206030150753765,0.7732112282185788
80,6.000000000000001,-3.9195979899497466,0.8129626596886068
81,6.000000000000001,-3.7185929648241185,0.8523834019691201
82,6.000000000000001,-3.5175879396984904,0.8763253784611461
83,6.000000000000001,-3.3165829145728623,0.880123844331278
84,6.000000000000001,-3.115577889447234,0.8680967227023645
85,6.000000000000001,-2.914572864321606,0.8479382880010122
86,6.000000000000001,-2.713567839195978,0.8261410737661924
87,6.000000000000001,-2.5125628140703498,0.8065305985777307
88,6.000000000000001,-2.3115577889447216,0.7906779360487571
89,6.000000000000001,-2.1105527638190935,0.7787906775641517
90,6.000000000000001,-1.9095477386934654,0.7704072249881759
91,6.000000000000001,-1.7085427135678373,0.7648379732569677
92,6.000000000000001,-1.5075376884422091,0.7613819759949984
93,6.000000000000001,-1.306532663316581,0.7594273327854797
94,6.000000000000001,-1.105527638190953,0.7584810392917531
95,6.000000000000001,-0.9045226130653248,0.758179309182625
96,6.000000000000001,-0.7035175879396967,0.7582613434823334
97,6.000000000000001,-0.5025125628140685,0.7585573351587358
98,6.000000000000001,-0.3015075376884404,0.75896140121826
99,6.000000000000001,-0.10050251256281229,0.7594165854833754
100,6.000000000000001,0.10050251256281584,0.7598991253767722
101,6.000000000000001,0.30150753768844396,0.7604136796072933
102,6.000000000000001,0.5025125628140721,0.7609910909729788
103,6.000000000000001,0.7035175879397002,0.7616931442486463
104,6.000000000000001,0.9045226130653283,0.7626251062241254
105,6.000000000000001,1.1055276381909565,0.7639482556812848
106,6.000000000000001,1.3065326633165846,0.7659082075082793
107,6.000000000000001,1.5075376884422127,0.7688390569409418
108,6.000000000000001,1.7085427135678408,0.773197928170459
109,6.000000000000001,1.909547738693469,0.7795466679625211
110,6.000000000000001,2.110552763819097,0.7885358402744297
111,6.000000000000001,2.311557788944725,0.8008134096056378
112,6.000000000000001,2.5125628140703533,0.8168103861035422
113,6.000000000000001,2.7135678391959814,0.8363406709945619
114,6.000000000000001,2.9145728643216096,0.8578769180578507
115,6.000000000000001,3.1155778894472377,0.877641190026258
116,6.000000000000001,3.316582914572866,0.8890991750047296
117,6.000000000000001,3.517587939698494,0.8843966670687398
118,6.000000000000001,3.718592964824122,0.8590973279867262
119,6.000000000000001,3.91959798994975,0.8181345651460833
120,6.000000000000001,4.120603015075378,0.7774692707982858
121,6.000000000000001,4.321608040201006,0.7597816756226635
122,6.000000000000001,4.5226130653266345,0.7883234855719424
123,6.000000000000001,4.723618090452263,0.8619565095853272
124,6.000000000000001,4.924623115577891,0.8468530285576522
125,6.000000000000001,5.125628140703519,0.5157919037342389
126,6.000000000000001,5.326633165829147,0.20294198272131178
127,6.000000000000001,5.527638190954775,0.10187379066670141
128,6.000000000000001,5.728643216080403,0.05724068470919336
129,6.000000000000001,5.929648241206031,0.034344643845098284
130,6.000000000000001,6.1306532663316595,0.02155255829801045
131,6.000000000000001,6.331658291457288,0.013996884627211456
132,6.000000000000001,6.532663316582916,0.009327363116796345
133,6.000000000000001,6.733668341708544,0.006325215910568041
134,6.000000000000001,6.934673366834172,0.00433344210044225
135,6.000000000000001,7.1356783919598,0.003116447644183505
136,6.000000000000001,7.336683417085428,0.001123474964946318
137,6.000000000000001,7.537688442211056,0.013228197906082663
138,6.000000000000001,7.7386934673366845,0.0990786062036791
139,6.000000000000001,7.939698492462313,0.2321434024699012
140,6.000000000000001,8.14070351758794,0.36877285452432623
141,6.000000000000001,8.341708542713569,0.47165634568227516
142,6.000000000000001,8.542713567839197,0.5157551786359321
143,6.000000000000001,8.743718592964825,0.49627427086757786
144,6.000000000000001,8.944723618090453,0.46210529662581445
145,6.000000000000001,9.145728643216081,0.43965480889543
146,6.000000000000001,9.34673366834171,0.38223642165576965
147,6.000000000000001,9.547738693467338,0.33779303854513226
148,6.000000000000001,9.748743718592966,0.2874309755128493
149,6.000000000000001,9.949748743718594,0.23985335328599738
150,6.000000000000001,10.150753768844222,0.2076989711078926
151,6.000000000000001,10.35175879396985,0.1817122254198059
152,6.000000000000001,10.552763819095478,0.11548643767608205
153,6.000000000000001,10.753768844221106,0.13334829842764598
154,6.000000000000001,10.954773869346734,0.11869307787610184
155,6.000000000000001,11.155778894472363,0.10318817445766246
156,6.000000000000001,11.35678391959799,0.1114512475355735
157,6.000000000000001,11.557788944723619,0.22249588414662974
158,6.000000000000001,11.758793969849247,0.021459127753746608
159,6.000000000000001,11.959798994974875,0.22345057459523232
160,6.000000000000001,12.160804020100507,0.0757420014782109
161,6.000000000000001,12.361809045226131,0.06272517070609326
162,6.000000000000001,12.562814070351763,0.1589286442544784
163,6.000000000000001,12.763819095477388,0.046185284483022594
164,6.000000000000001,12.96482412060302,0.08247259644307064
165,6.000000000000001,13.165829145728644,0.19435031438219386
166,6.000000000000001,13.366834170854275,0.13715136138272216
167,6.000000000000001,13.5678391959799,0.11896458316105618
168,6.000000000000001,13.768844221105532,0.19609714657357327
169,6.000000000000001,13.969849246231156,0.29352814584571457
170,6.000000000000001,14.170854271356788,0.16054260168796428
171,6.000000000000001,14.371859296482413,0.29076647369598646
172,6.000000000000001,14.572864321608044,0.18175953467769218
173,6.000000000000001,14.773869346733669,0.1923615176543112
174,6.000000000000001,14.9748743718593,0.4803815163999229
175,6.000000000000001,15.175879396984925,0.25329112026164424
176,6.000000000000001,15.376884422110557,0.039299536003083974
177,6.000000000000001,15.577889447236181,0.2294654379173222
178,6.000000000000001,15.778894472361813,0.45334503631297945
179,6.000000000000001,15.979899497487438,0.19875244966506636
180,6.000000000000001,16.18090452261307,0.01797510396436576
181,6.000000000000001,16.381909547738694,0.15390905823114379
182,6.000000000000001,16.582914572864325,0.3510251286458036
183,6.000000000000001,16.78391959798995,0.34325113614725344
184,6.000000000000001,16.98492462311558,0.1587687052232649
185,6.000000000000001,17.185929648241206,0.004794951961316385
186,6.000000000000001,17.386934673366838,0.033069743968279136
187,6.000000000000001,17.587939698492463,0.24496066580853068
188,6.000000000000001,17.788944723618094,0.1342792057993756
189,6.000000000000001,17.98994974874372,0.1794474613830296
190,6.000000000000001,18.19095477386935,0.1241161379903876
191,6.000000000000001,18.391959798994975,0.023868042808333177
192,6.000000000000001,18.592964824120607,0.057792767374144016
193,6.000000000000001,18.79396984924623,0.015578484297629864
194,6.000000000000001,18.994974874371863,0.15013032793403722
195,6.000000000000001,19.195979899497488,0.3179005304741668
196,6.000000000000001,19.39698492462312,0.19656558006595487
197,6.000000000000001,19.597989949748744,0.04392683895185476
198,6.000000000000001,19.798994974874375,0.001094818379275151
199,6.000000000000001,20.0,0.024513884804705847
