,t,height,fid
0,7.000000000000001,-20.0,0.23451792909333447
1,7.000000000000001,-19.798994974874372,0.5094200789425793
2,7.000000000000001,-19.597989949748744,0.2870198936356483
3,7.000000000000001,-19.396984924623116,0.10472857511538587
4,7.000000000000001,-19.195979899497488,0.14247965751282668
5,7.000000000000001,-18.99497487437186,0.00760828130347672
6,7.000000000000001,-18.79396984924623,0.3186649475049396
7,7.000000000000001,-18.592964824120603,0.25231636643896377
8,7.000000000000001,-18.391959798994975,0.3738173670157099
9,7.000000000000001,-18.190954773869347,0.08812443569205691
10,7.000000000000001,-17.98994974874372,0.024477724877503937
11,7.000000000000001,-17.78894472361809,0.036162264870925456
12,7.000000000000001,-17.587939698492463,0.25551011762936837
13,7.000000000000001,-17.386934673366834,0.38952840699021773
14,7.000000000000001,-17.185929648241206,0.15116106912387647
15,7.000000000000001,-16.984924623115578,0.009554168181611186
16,7.000000000000001,-16.78391959798995,0.034406461870245764
17,7.000000000000001,-16.582914572864322,0.107172960698064
18,7.000000000000001,-16.381909547738694,0.2288099824890551
19,7.000000000000001,-16.180904522613066,0.05028274691242256
20,7.000000000000001,-15.979899497487438,0.12027689237752978
21,7.000000000000001,-15.77889447236181,0.022813367275087003
22,7.000000000000001,-15.577889447236181,0.10460815404198501
23,7.000000000000001,-15.376884422110553,0.33372490462467586
24,7.000000000000001,-15.175879396984925,0.2271185366223888
25,7.000000000000001,-14.974874371859297,0.043610974784231246
26,7.000000000000001,-14.773869346733669,0.08305420887552174
27,7.000000000000001,-14.57286432160804,0.37931385543320534
28,7.000000000000001,-14.371859296482413,0.27992003501088497
29,7.000000000000001,-14.170854271356784,0.04299211814979583
30,7.000000000000001,-13.969849246231156,0.27474278145838044
31,7.000000000000001,-13.768844221105528,0.4368887425841353
32,7.000000000000001,-13.5678391959799,0.07136722703407432
33,7.000000000000001,-13.366834170854272,0.2814180523971046
34,7.000000000000001,-13.165829145728644,0.3704901407418695
35,7.000000000000001,-12.964824120603016,0.19967237696684875
36,7.000000000000001,-12.763819095477388,0.2879133838636222
37,7.000000000000001,-12.56281407035176,0.16857948861161945
38,7.000000000000001,-12.361809045226131,0.31038215452631057
39,7.000000000000001,-12.160804020100503,0.14789722021963875
40,7.000000000000001,-11.959798994974873,0.1277830748303741
41,7.000000000000001,-11.758793969849245,0.18677666516042024
42,7.000000000000001,-11.557788944723617,0.04366412595500156
43,7.000000000000001,-11.356783919597989,0.1257309585366882
44,7.000000000000001,-11.15577889447236,0.053540377830256225
45,7.000000000000001,-10.954773869346733,0.1025527801451643
46,7.000000000000001,-10.753768844221105,0.1065671518769774
47,7.000000000000001,-10.552763819095476,0.11552252522552485
48,7.000000000000001,-10.351758793969848,0.10576331263909236
49,7.000000000000001,-10.15075376884422,0.16041531275974505
50,7.000000000000001,-9.949748743718592,0.03425062633643931
51,7.000000000000001,-9.748743718592964,0.15083098706151915
52,7.000000000000001,-9.547738693467336,0.1577589324982313
53,7.000000000000001,-9.346733668341708,0.18237945625085464
54,7.000000000000001,-9.14572864321608,0.24176324342250685
55,7.000000000000001,-8.944723618090451,0.2752230725638813
56,7.000000000000001,-8.743718592964823,0.3381481240494428
57,7.000000000000001,-8.542713567839195,0.42233637813578095
58,7.000000000000001,-8.341708542713567,0.48860334108376474
59,7.000000000000001,-8.140703517587939,0.5267936564431314
60,7.000000000000001,-7.939698492462311,0.5233279384815972
61,7.000000000000001,-7.738693467336683,0.4441985291282701
62,7.000000000000001,-7.537688442211055,0.2760071891839186
63,7.000000000000001,-7.3366834170854265,0.05433044054646215
64,7.000000000000001,-7.135678391959798,0.004204619710786633
65,7.000000000000001,-6.93467336683417,0.0016254585602232749
66,7.000000000000001,-6.733668341708542,0.0026416785580772153
67,7.000000000000001,-6.532663316582914,0.004307722495768133
68,7.000000000000001,-6.331658291457286,0.006958981658753959
69,7.000000000000001,-6.130653266331658,0.011547660140656679
70,7.000000000000001,-5.92964824120603,0.019505744955400785
71,7.000000000000001,-5.7286432160804015,0.03452608460524702
72,7.000000000000001,-5.527638190954773,0.06449838464635553
73,7.000000000000001,-5.326633165829145,0.1361226953551693
74,7.000000000000001,-5.125628140703517,0.4483395315647974
75,7.000000000000001,-4.924623115577889,0.781852613987334
76,7.000000000000001,-4.723618090452261,0.7678116936114074
77,7.000000000000001,-4.522613065326633,0.7401880009969823
78,7.000000000000001,-4.321608040201005,0.7868359843778981
79,7.000000000000001,-4.1206030150753765,0.8663412301520239
80,7.000000000000001,-3.9195979899497466,0.9207250897215323
81,7.000000000000001,-3.7185929648241185,0.9234099293059677
82,7.000000000000001,-3.5175879396984904,0.8898550147298369
83,7.000000000000001,-3.3165829145728623,0.846711398163414
84,7.000000000000001,-3.115577889447234,0.809780285972763
85,7.000000000000001,-2.914572864321606,0.7837075816646303
86,7.000000000000001,-2.713567839195978,0.7677012520749609
87,7.000000000000001,-2.5125628140703498,0.7592998699901293
88,7.000000000000001,-2.3115577889447216,0.755951542189424
89,7.000000000000001,-2.1105527638190935,0.7555323538385794
90,7.000000000000001,-1.9095477386934654,0.7564927565767858
91,7.000000000000001,-1.7085427135678373,0.7578154913422462
92,7.000000000000001,-1.5075376884422091,0.7589326334916059
93,7.000000000000001,-1.306532663316581,0.7596165253668897
94,7.000000000000001,-1.105527638190953,0.7598587685359036
95,7.000000000000001,-0.9045226130653248,0.7597796085857766
96,7.000000000000001,-0.7035175879396967,0.7595452699289805
97,7.000000000000001,-0.5025125628140685,0.759324763137391
98,7.000000000000001,-0.3015075376884404,0.7592595366979685
99,7.000000000000001,-0.10050251256281229,0.7594475832296821
100,7.000000000000001,0.10050251256281584,0.759939980047893
101,7.000000000000001,0.30150753768844396,0.7607341263008429
102,7.000000000000001,0.5025125628140721,0.7617737049587034
103,7.000000000000001,0.7035175879397002,0.7629449980885838
104,7.000000000000001,0.9045226130653283,0.7640822603536849
105,7.000000000000001,1.1055276381909565,0.7649779041847616
106,7.000000000000001,1.3065326633165846,0.765411659354026
107,7.000000000000001,1.5075376884422127,0.7652058882212887
108,7.000000000000001,1.7085427135678408,0.7643110375380935
109,7.000000000000001,1.909547738693469,0.7629135317981613
110,7.000000000000001,2.110552763819097,0.7615805522578069
111,7.000000000000001,2.311557788944725,0.7613788280286743
112,7.000000000000001,2.5125628140703533,0.7639632917478599
113,7.000000000000001,2.7135678391959814,0.7716358082024165
114,7.000000000000001,2.9145728643216096,0.7871856322110634
115,7.000000000000001,3.1155778894472377,0.8134289832049071
116,7.000000000000001,3.316582914572866,0.851642434984898
117,7.000000000000001,3.517587939698494,0.8976846858292765
118,7.000000000000001,3.718592964824122,0.9356862933150157
119,7.000000000000001,3.91959798994975,0.9374119470608053
120,7.000000000000001,4.120603015075378,0.8850264824169403
121,7.000000000000001,4.321608040201006,0.8054090260783043
122,7.000000000000001,4.5226130653266345,0.7601632399383514
123,7.000000000000001,4.723618090452263,0.7957830718528391
124,7.000000000000001,4.924623115577891,0.8278815810690496
125,7.000000000000001,5.125628140703519,0.4863889163545576
126,7.000000000000001,5.326633165829147,0.1365608779447732
127,7.000000000000001,5.527638190954775,0.06297309680897152
128,7.000000000000001,5.728643216080403,0.03297841609719709
129,7.000000000000001,5.929648241206031,0.018366522084535795
130,7.000000000000001,6.1306532663316595,0.010669875574250687
131,7.000000000000001,6.331658291457288,0.006373749777363092
132,7.000000000000001,6.532663316582916,0.003953580208649296
133,7.000000000000001,6.733668341708544,0.0024720485095977578
134,7.000000000000001,6.934673366834172,0.001617439213005642
135,7.000000000000001,7.1356783919598,0.003710593064316645
136,7.000000000000001,7.336683417085428,0.054279483108555286
137,7.000000000000001,7.537688442211056,0.29133242141153237
138,7.000000000000001,7.7386934673366845,0.46080677533710235
139,7.000000000000001,7.939698492462313,0.5226716712923741
140,7.000000000000001,8.14070351758794,0.5220788043551475
141,7.000000000000001,8.341708542713569,0.4853685146022717
142,7.000000000000001,8.542713567839197,0.42408695404678637
143,7.000000000000001,8.743718592964825,0.34593289894607754
144,7.000000000000001,8.944723618090453,0.2800633798631842
145,7.000000000000001,9.145728643216081,0.23792869490569465
146,7.000000000000001,9.34673366834171,0.18498533314066296
147,7.000000000000001,9.547738693467338,0.1634946229049174
148,7.000000000000001,9.748743718592966,0.14684217293126106
149,7.000000000000001,9.949748743718594,0.03466193773219937
150,7.000000000000001,10.150753768844222,0.16542633516494717
151,7.000000000000001,10.35175879396985,0.11607588588392245
152,7.000000000000001,10.552763819095478,0.12742543496196504
153,7.000000000000001,10.753768844221106,0.11811637871620988
154,7.000000000000001,10.954773869346734,0.11258311061934406
155,7.000000000000001,11.155778894472363,0.05946986001275171
156,7.000000000000001,11.35678391959799,0.13033100547069393
157,7.000000000000001,11.557788944723619,0.04396943640606668
158,7.000000000000001,11.758793969849247,0.19041376261064605
159,7.000000000000001,11.959798994974875,0.13615616865447722
160,7.000000000000001,12.160804020100507,0.14946961911762574
161,7.000000000000001,12.361809045226131,0.31077324086386765
162,7.000000000000001,12.562814070351763,0.17536254084446323
163,7.000000000000001,12.763819095477388,0.29261910239815203
164,7.000000000000001,12.96482412060302,0.18962699064053748
165,7.000000000000001,13.165829145728644,0.3943588541591389
166,7.000000000000001,13.366834170854275,0.27726293901972804
167,7.000000000000001,13.5678391959799,0.07322035106623402
168,7.000000000000001,13.768844221105532,0.447163720557882
169,7.000000000000001,13.969849246231156,0.27808943099203326
170,7.000000000000001,14.170854271356788,0.039234517785611815
171,7.000000000000001,14.371859296482413,0.2923255375757376
172,7.000000000000001,14.572864321608044,0.3836947704026951
173,7.000000000000001,14.773869346733669,0.08748847389729932
174,7.000000000000001,14.9748743718593,0.0439596636901155
175,7.000000000000001,15.175879396984925,0.23202015540259516
176,7.000000000000001,15.376884422110557,0.33284640608537597
177,7.000000000000001,15.577889447236181,0.11179047031497198
178,7.000000000000001,15.778894472361813,0.022002451206045198
179,7.000000000000001,15.979899497487438,0.11702054345962942
180,7.000000000000001,16.18090452261307,0.054415989488402004
181,7.000000000000001,16.381909547738694,0.2290118693385945
182,7.000000000000001,16.582914572864325,0.11442295919888587
183,7.000000000000001,16.78391959798995,0.03684903759072647
184,7.000000000000001,16.98492462311558,0.008865806435249493
185,7.000000000000001,17.185929648241206,0.14807387445895162
186,7.000000000000001,17.386934673366838,0.40783536750441396
187,7.000000000000001,17.587939698492463,0.262070544535676
188,7.000000000000001,17.788944723618094,0.03665661391500634
189,7.000000000000001,17.98994974874372,0.02157257245508206
190,7.000000000000001,18.19095477386935,0.09847593598738112
191,7.000000000000001,18.391959798994975,0.3724172279294683
192,7.000000000000001,18.592964824120607,0.2654490880080774
193,7.000000000000001,18.79396984924623,0.3152416809445473
194,7.000000000000001,18.994974874371863,0.008408734013731123
195,7.000000000000001,19.195979899497488,0.14419155342523354
196,7.000000000000001,19.39698492462312,0.10411939609440703
197,7.000000000000001,19.597989949748744,0.28853890340679866
198,7.000000000000001,19.798994974874375,0.525370115409527
199,7.000000000000001,20.0,0.24569029549280522
