,t,height,fid
0,8.0,-20.0,0.007991306684574663
1,8.0,-19.798994974874372,0.0595925305930112
2,8.0,-19.597989949748744,0.036999775532867867
3,8.0,-19.396984924623116,0.08180717416297105
4,8.0,-19.195979899497488,0.1924511585944893
5,8.0,-18.99497487437186,0.26271698469218463
6,8.0,-18.79396984924623,0.01150655340405954
7,8.0,-18.592964824120603,0.05593865066417085
8,8.0,-18.391959798994975,0.08509568692570395
9,8.0,-18.190954773869347,0.13079886326871562
10,8.0,-17.98994974874372,0.5512887008222911
11,8.0,-17.78894472361809,0.25893205214745146
12,8.0,-17.587939698492463,0.1004508117451698
13,8.0,-17.386934673366834,0.04505793683787107
14,8.0,-17.185929648241206,0.18026684844630708
15,8.0,-16.984924623115578,0.3166692239929242
16,8.0,-16.78391959798995,0.28002575089815845
17,8.0,-16.582914572864322,0.10697101176208541
18,8.0,-16.381909547738694,0.03926790782935545
19,8.0,-16.180904522613066,0.19726632980921813
20,8.0,-15.979899497487438,0.4962576893091009
21,8.0,-15.77889447236181,0.19969938586980587
22,8.0,-15.577889447236181,0.003585161321152195
23,8.0,-15.376884422110553,0.06460553085992372
24,8.0,-15.175879396984925,0.25204832350137646
25,8.0,-14.974874371859297,0.09469844601526585
26,8.0,-14.773869346733669,0.07436721400402813
27,8.0,-14.57286432160804,0.018917791873125377
28,8.0,-14.371859296482413,0.15177423287110106
29,8.0,-14.170854271356784,0.22424785938401284
30,8.0,-13.969849246231156,0.058539848009448094
31,8.0,-13.768844221105528,0.04998914514564917
32,8.0,-13.5678391959799,0.35069317426826585
33,8.0,-13.366834170854272,0.26457705225965233
34,8.0,-13.165829145728644,0.0181374637492989
35,8.0,-12.964824120603016,0.31167048622689214
36,8.0,-12.763819095477388,0.26592036458964574
37,8.0,-12.56281407035176,0.0894643101200718
38,8.0,-12.361809045226131,0.49238430281941925
39,8.0,-12.160804020100503,0.12991011877379813
40,8.0,-11.959798994974873,0.33549206926202374
41,8.0,-11.758793969849245,0.2418271245637208
42,8.0,-11.557788944723617,0.3194171185635194
43,8.0,-11.356783919597989,0.20840608023035262
44,8.0,-11.15577889447236,0.2936187827899863
45,8.0,-10.954773869346733,0.12616687223006076
46,8.0,-10.753768844221105,0.1896841342930068
47,8.0,-10.552763819095476,0.051960425184953724
48,8.0,-10.351758793969848,0.1319623687983908
49,8.0,-10.15075376884422,0.013448675394280388
50,8.0,-9.949748743718592,0.19405218129981808
51,8.0,-9.748743718592964,0.05716677108216934
52,8.0,-9.547738693467336,0.09318841656759813
53,8.0,-9.346733668341708,0.19633766094247002
54,8.0,-9.14572864321608,0.09074759902416406
55,8.0,-8.944723618090451,0.12043432119473643
56,8.0,-8.743718592964823,0.1766538735861026
57,8.0,-8.542713567839195,0.23601241347806312
58,8.0,-8.341708542713567,0.2950267226271875
59,8.0,-8.140703517587939,0.36621267975796634
60,8.0,-7.939698492462311,0.4498839746899216
61,8.0,-7.738693467336683,0.531609609452038
62,8.0,-7.537688442211055,0.5489196998824806
63,8.0,-7.3366834170854265,0.388579997344596
64,8.0,-7.135678391959798,0.10292842853394533
65,8.0,-6.93467336683417,0.003298307560338638
66,8.0,-6.733668341708542,0.00016277758295672203
67,8.0,-6.532663316582914,2.4021983583319842e-05
68,8.0,-6.331658291457286,0.0011773027452027564
69,8.0,-6.130653266331658,0.006095576644213541
70,8.0,-5.92964824120603,0.00849580982408455
71,8.0,-5.7286432160804015,0.02160247891654444
72,8.0,-5.527638190954773,0.03821215673241319
73,8.0,-5.326633165829145,0.090567112524165
74,8.0,-5.125628140703517,0.4404049723141256
75,8.0,-4.924623115577889,0.7784944018534832
76,8.0,-4.723618090452261,0.7476276986847297
77,8.0,-4.522613065326633,0.786293667660799
78,8.0,-4.321608040201005,0.8933364955257614
79,8.0,-4.1206030150753765,0.9421503695098887
80,8.0,-3.9195979899497466,0.9030268221604607
81,8.0,-3.7185929648241185,0.8376966769248942
82,8.0,-3.5175879396984904,0.7890866164525537
83,8.0,-3.3165829145728623,0.7647975149037438
84,8.0,-3.115577889447234,0.7589906165042215
85,8.0,-2.914572864321606,0.7639510027211887
86,8.0,-2.713567839195978,0.7731325218728212
87,8.0,-2.5125628140703498,0.781850956784594
88,8.0,-2.3115577889447216,0.7874793678074475
89,8.0,-2.1105527638190935,0.7892551257228133
90,8.0,-1.9095477386934654,0.7877090555509483
91,8.0,-1.7085427135678373,0.7839453912181635
92,8.0,-1.5075376884422091,0.7791277806793794
93,8.0,-1.306532663316581,0.7741593420412355
94,8.0,-1.105527638190953,0.7696357763537747
95,8.0,-0.9045226130653248,0.7658692509817043
96,8.0,-0.7035175879396967,0.7629822274642968
97,8.0,-0.5025125628140685,0.7609889889007938
98,8.0,-0.3015075376884404,0.7598539181013254
99,8.0,-0.10050251256281229,0.7595260462513532
100,8.0,0.10050251256281584,0.7599752574844598
101,8.0,0.30150753768844396,0.7611910876296591
102,8.0,0.5025125628140721,0.7631880721671647
103,8.0,0.7035175879397002,0.7659887365860445
104,8.0,0.9045226130653283,0.7695991207598152
105,8.0,1.1055276381909565,0.7739713501600659
106,8.0,1.3065326633165846,0.7789388352857234
107,8.0,1.5075376884422127,0.7841317318630415
108,8.0,1.7085427135678408,0.7889135824133165
109,8.0,1.909547738693469,0.7923292357791811
110,8.0,2.110552763819097,0.7931961527141853
111,8.0,2.311557788944725,0.7904302610822215
112,8.0,2.5125628140703533,0.7836334710500188
113,8.0,2.7135678391959814,0.7738486558620662
114,8.0,2.9145728643216096,0.7641492203562746
115,8.0,3.1155778894472377,0.7598041476583324
116,8.0,3.316582914572866,0.7680076543167894
117,8.0,3.517587939698494,0.7971246012883412
118,8.0,3.718592964824122,0.8536193455487618
119,8.0,3.91959798994975,0.9297276333925916
120,8.0,4.120603015075378,0.9781078853277487
121,8.0,4.321608040201006,0.9270369424227664
122,8.0,4.5226130653266345,0.8067000609532741
123,8.0,4.723618090452263,0.7602994393565079
124,8.0,4.924623115577891,0.8024488235799567
125,8.0,5.125628140703519,0.47568575394838875
126,8.0,5.326633165829147,0.08754736375601457
127,8.0,5.527638190954775,0.03645595648226378
128,8.0,5.728643216080403,0.020965502332130702
129,8.0,5.929648241206031,0.009411766624527213
130,8.0,6.1306532663316595,0.0066725873644751165
131,8.0,6.331658291457288,0.0014738238942676892
132,8.0,6.532663316582916,0.00014491870350999327
133,8.0,6.733668341708544,0.00011087903964123405
134,8.0,6.934673366834172,0.0038762111326273332
135,8.0,7.1356783919598,0.10862679893718696
136,8.0,7.336683417085428,0.40121202179471593
137,8.0,7.537688442211056,0.5570128292654174
138,8.0,7.7386934673366845,0.5298563111826065
139,8.0,7.939698492462313,0.45045863886586723
140,8.0,8.14070351758794,0.367694565797414
141,8.0,8.341708542713569,0.2937971721993963
142,8.0,8.542713567839197,0.22958589244789704
143,8.0,8.743718592964825,0.16837283409728837
144,8.0,8.944723618090453,0.11847570615775796
145,8.0,9.145728643216081,0.09932262147350385
146,8.0,9.34673366834171,0.2045368006850646
147,8.0,9.547738693467338,0.09523484199110377
148,8.0,9.748743718592966,0.06170842862659488
149,8.0,9.949748743718594,0.19634485507260235
150,8.0,10.150753768844222,0.014281696608342848
151,8.0,10.35175879396985,0.13551667137738585
152,8.0,10.552763819095478,0.05481810858921752
153,8.0,10.753768844221106,0.1921294427113054
154,8.0,10.954773869346734,0.12472811994045103
155,8.0,11.155778894472363,0.2836998466651452
156,8.0,11.35678391959799,0.1991524389663207
157,8.0,11.557788944723619,0.3242474991908126
158,8.0,11.758793969849247,0.24493770714806484
159,8.0,11.959798994974875,0.34595809457945664
160,8.0,12.160804020100507,0.12413648412348846
161,8.0,12.361809045226131,0.5143272003876821
162,8.0,12.562814070351763,0.08644882378965063
163,8.0,12.763819095477388,0.2721063399468116
164,8.0,12.96482412060302,0.3318932231718912
165,8.0,13.165829145728644,0.013714661443185202
166,8.0,13.366834170854275,0.28328390204252035
167,8.0,13.5678391959799,0.3598692157562483
168,8.0,13.768844221105532,0.04378844155649585
169,8.0,13.969849246231156,0.056750141410597366
170,8.0,14.170854271356788,0.2254761597700858
171,8.0,14.371859296482413,0.15602183742687423
172,8.0,14.572864321608044,0.02072367120034986
173,8.0,14.773869346733669,0.07426892263358131
174,8.0,14.9748743718593,0.09976975459551693
175,8.0,15.175879396984925,0.26323028075033894
176,8.0,15.376884422110557,0.06224746466362142
177,8.0,15.577889447236181,0.002858007070742233
178,8.0,15.778894472361813,0.1998369424584401
179,8.0,15.979899497487438,0.48905899941183834
180,8.0,16.18090452261307,0.21106913587149914
181,8.0,16.381909547738694,0.036996198415155016
182,8.0,16.582914572864325,0.11226772907233877
183,8.0,16.78391959798995,0.2856669797810585
184,8.0,16.98492462311558,0.332336100903133
185,8.0,17.185929648241206,0.18245417591486374
186,8.0,17.386934673366838,0.04992147355844855
187,8.0,17.587939698492463,0.09476349233085628
188,8.0,17.788944723618094,0.27225372692725813
189,8.0,17.98994974874372,0.5475116570628185
190,8.0,18.19095477386935,0.1375365024799861
191,8.0,18.391959798994975,0.0765280242579868
192,8.0,18.592964824120607,0.061276127162684525
193,8.0,18.79396984924623,0.013619947500420731
194,8.0,18.994974874371863,0.2786565702842849
195,8.0,19.195979899497488,0.197748803108591
196,8.0,19.39698492462312,0.08203134777255233
197,8.0,19.597989949748744,0.040608628814985316
198,8.0,19.798994974874375,0.05637856529629978
199,8.0,20.0,0.009686691050121474
