,t,height,fid
0,9.0,-20.0,0.0873630895571093
1,9.0,-19.798994974874372,0.273451713152818
2,9.0,-19.597989949748744,0.33672665182574507
3,9.0,-19.396984924623116,0.22145176226948746
4,9.0,-19.195979899497488,0.016959590732910156
5,9.0,-18.99497487437186,0.22079624251024657
6,9.0,-18.79396984924623,0.14158524254380828
7,9.0,-18.592964824120603,0.41859559693071263
8,9.0,-18.391959798994975,0.13185413456929335
9,9.0,-18.190954773869347,0.007479230324080932
10,9.0,-17.98994974874372,0.07629968205064513
11,9.0,-17.78894472361809,0.0030573292752779624
12,9.0,-17.587939698492463,0.22107731890423665
13,9.0,-17.386934673366834,0.2505797074768771
14,9.0,-17.185929648241206,0.005400172829912631
15,9.0,-16.984924623115578,0.08155934942550186
16,9.0,-16.78391959798995,0.03666147866840923
17,9.0,-16.582914572864322,0.351937540787898
18,9.0,-16.381909547738694,0.3936901374281434
19,9.0,-16.180904522613066,0.06561404834412239
20,9.0,-15.979899497487438,0.022355127714262124
21,9.0,-15.77889447236181,0.30593541859829343
22,9.0,-15.577889447236181,0.26808764229596244
23,9.0,-15.376884422110553,0.24404875098633325
24,9.0,-15.175879396984925,0.032641891678145574
25,9.0,-14.974874371859297,0.2040883542697369
26,9.0,-14.773869346733669,0.4983864439906502
27,9.0,-14.57286432160804,0.12379661197553626
28,9.0,-14.371859296482413,0.012705538965444815
29,9.0,-14.170854271356784,0.23194010735413806
30,9.0,-13.969849246231156,0.23489611051062395
31,9.0,-13.768844221105528,0.04605978348883479
32,9.0,-13.5678391959799,0.03482300202487427
33,9.0,-13.366834170854272,0.15098014827238906
34,9.0,-13.165829145728644,0.1317871002952228
35,9.0,-12.964824120603016,0.01030526461272147
36,9.0,-12.763819095477388,0.2174237488909922
37,9.0,-12.56281407035176,0.25033604031038664
38,9.0,-12.361809045226131,0.0012282305471800628
39,9.0,-12.160804020100503,0.354816140265614
40,9.0,-11.959798994974873,0.19161180465129238
41,9.0,-11.758793969849245,0.20645702368845342
42,9.0,-11.557788944723617,0.35512194968933314
43,9.0,-11.356783919597989,0.1444551960863697
44,9.0,-11.15577889447236,0.40924614053408936
45,9.0,-10.954773869346733,0.25376006666393275
46,9.0,-10.753768844221105,0.26667903032585555
47,9.0,-10.552763819095476,0.31196210199995555
48,9.0,-10.351758793969848,0.2352706289804525
49,9.0,-10.15075376884422,0.21731990799039744
50,9.0,-9.949748743718592,0.13163273100404704
51,9.0,-9.748743718592964,0.06184847679331514
52,9.0,-9.547738693467336,0.12659323363985756
53,9.0,-9.346733668341708,0.052078379420196795
54,9.0,-9.14572864321608,0.02870180140805053
55,9.0,-8.944723618090451,0.19378463317780378
56,9.0,-8.743718592964823,0.17378767813105314
57,9.0,-8.542713567839195,0.11945537276025862
58,9.0,-8.341708542713567,0.14284453671140537
59,9.0,-8.140703517587939,0.19295466547306428
60,9.0,-7.939698492462311,0.2628905679730442
61,9.0,-7.738693467336683,0.3521662992299632
62,9.0,-7.537688442211055,0.48472141619409065
63,9.0,-7.3366834170854265,0.5297095124486008
64,9.0,-7.135678391959798,0.47534007884253765
65,9.0,-6.93467336683417,0.14423883486035696
66,9.0,-6.733668341708542,0.0642361539617094
67,9.0,-6.532663316582914,0.03373979738140812
68,9.0,-6.331658291457286,0.01947532477851958
69,9.0,-6.130653266331658,0.024116831595932513
70,9.0,-5.92964824120603,0.007246144933299171
71,9.0,-5.7286432160804015,0.023649323017471822
72,9.0,-5.527638190954773,0.018782399314900375
73,9.0,-5.326633165829145,0.054576669360985826
74,9.0,-5.125628140703517,0.4434427689165756
75,9.0,-4.924623115577889,0.7695122990305954
76,9.0,-4.723618090452261,0.7694186973112486
77,9.0,-4.522613065326633,0.8928963830925716
78,9.0,-4.321608040201005,0.9568959671073471
79,9.0,-4.1206030150753765,0.8825242262618994
80,9.0,-3.9195979899497466,0.7940733912664376
81,9.0,-3.7185929648241185,0.7517352070667775
82,9.0,-3.5175879396984904,0.7513531331592446
83,9.0,-3.3165829145728623,0.7749930133204136
84,9.0,-3.115577889447234,0.8046396208096583
85,9.0,-2.914572864321606,0.8263493913640948
86,9.0,-2.713567839195978,0.8339376505611695
87,9.0,-2.5125628140703498,0.8289590367995668
88,9.0,-2.3115577889447216,0.8167508545199956
89,9.0,-2.1105527638190935,0.8024403697036678
90,9.0,-1.9095477386934654,0.7892766611826894
91,9.0,-1.7085427135678373,0.7786920685981571
92,9.0,-1.5075376884422091,0.7709396865887898
93,9.0,-1.306532663316581,0.7656877654323963
94,9.0,-1.105527638190953,0.7623959021512966
95,9.0,-0.9045226130653248,0.7605099421375385
96,9.0,-0.7035175879396967,0.7595720808359233
97,9.0,-0.5025125628140685,0.7592335129708279
98,9.0,-0.3015075376884404,0.7592562370399878
99,9.0,-0.10050251256281229,0.7594874492340388
100,9.0,0.10050251256281584,0.759849496652666
101,9.0,0.30150753768844396,0.7603228872852004
102,9.0,0.5025125628140721,0.7609519041827019
103,9.0,0.7035175879397002,0.7618432784442349
104,9.0,0.9045226130653283,0.763199977948493
105,9.0,1.1055276381909565,0.7653247921342569
106,9.0,1.3065326633165846,0.7686557608239498
107,9.0,1.5075376884422127,0.773719653046346
108,9.0,1.7085427135678408,0.7810964921532874
109,9.0,1.909547738693469,0.7912273446105961
110,9.0,2.110552763819097,0.8040488827168418
111,9.0,2.311557788944725,0.8184136457130842
112,9.0,2.5125628140703533,0.8313642143819827
113,9.0,2.7135678391959814,0.8379124330645413
114,9.0,2.9145728643216096,0.8325298375273612
115,9.0,3.1155778894472377,0.8132171548458472
116,9.0,3.316582914572866,0.7858111856095886
117,9.0,3.517587939698494,0.764370755198602
118,9.0,3.718592964824122,0.7675820309389014
119,9.0,3.91959798994975,0.8146601318597945
120,9.0,4.120603015075378,0.9111861013086061
121,9.0,4.321608040201006,0.992538217961101
122,9.0,4.5226130653266345,0.9170994835906946
123,9.0,4.723618090452263,0.7715210156865271
124,9.0,4.924623115577891,0.778321389493022
125,9.0,5.125628140703519,0.4876735401033803
126,9.0,5.326633165829147,0.053146910753865996
127,9.0,5.527638190954775,0.018502458989854215
128,9.0,5.728643216080403,0.0248449890236001
129,9.0,5.929648241206031,0.008272127925287372
130,9.0,6.1306532663316595,0.025465168127289575
131,9.0,6.331658291457288,0.020924236970161526
132,9.0,6.532663316582916,0.03654799706123412
133,9.0,6.733668341708544,0.07009339170080532
134,9.0,6.934673366834172,0.14877997793777523
135,9.0,7.1356783919598,0.47630056474018106
136,9.0,7.336683417085428,0.5432655361953769
137,9.0,7.537688442211056,0.4840509195809839
138,9.0,7.7386934673366845,0.3648743114297259
139,9.0,7.939698492462313,0.26825941739824377
140,9.0,8.14070351758794,0.19571713883526395
141,9.0,8.341708542713569,0.14662186982675918
142,9.0,8.542713567839197,0.12744235940803142
143,9.0,8.743718592964825,0.1833727599235573
144,9.0,8.944723618090453,0.19213989652016913
145,9.0,9.145728643216081,0.0332308407470383
146,9.0,9.34673366834171,0.05373468933651305
147,9.0,9.547738693467338,0.13465070228615805
148,9.0,9.748743718592966,0.06632926816807533
149,9.0,9.949748743718594,0.1343272945533117
150,9.0,10.150753768844222,0.2158609252617641
151,9.0,10.35175879396985,0.23691620316185974
152,9.0,10.552763819095478,0.31197043829936966
153,9.0,10.753768844221106,0.26481329867152165
154,9.0,10.954773869346734,0.2597110040226592
155,9.0,11.155778894472363,0.4274724669583634
156,9.0,11.35678391959799,0.15280176625029346
157,9.0,11.557788944723619,0.3549943996609029
158,9.0,11.758793969849247,0.19955411092142172
159,9.0,11.959798994974875,0.19486878301657545
160,9.0,12.160804020100507,0.3707211045203343
161,9.0,12.361809045226131,0.001221223208812207
162,9.0,12.562814070351763,0.2555797121688073
163,9.0,12.763819095477388,0.22728570108728138
164,9.0,12.96482412060302,0.011777826862948503
165,9.0,13.165829145728644,0.14434048029613478
166,9.0,13.366834170854275,0.15359951844418443
167,9.0,13.5678391959799,0.038080541051728416
168,9.0,13.768844221105532,0.04742122529106182
169,9.0,13.969849246231156,0.23064607268691326
170,9.0,14.170854271356788,0.2389823151258905
171,9.0,14.371859296482413,0.012860737802255773
172,9.0,14.572864321608044,0.1255967071248501
173,9.0,14.773869346733669,0.5121660842768853
174,9.0,14.9748743718593,0.21117882060885404
175,9.0,15.175879396984925,0.027925575787109125
176,9.0,15.376884422110557,0.2590911742896887
177,9.0,15.577889447236181,0.2795099237576815
178,9.0,15.778894472361813,0.3081423311953411
179,9.0,15.979899497487438,0.026623371939310213
180,9.0,16.18090452261307,0.061187013206149186
181,9.0,16.381909547738694,0.3975955072434168
182,9.0,16.582914572864325,0.36173610293047875
183,9.0,16.78391959798995,0.034065420684835784
184,9.0,16.98492462311558,0.08756701711570591
185,9.0,17.185929648241206,0.008117336136002221
186,9.0,17.386934673366838,0.26173379121714585
187,9.0,17.587939698492463,0.22112924987357763
188,9.0,17.788944723618094,0.0036581043878494103
189,9.0,17.98994974874372,0.07340421801616893
190,9.0,18.19095477386935,0.008001914495382248
191,9.0,18.391959798994975,0.14622734810968835
192,9.0,18.592964824120607,0.43705837408605036
193,9.0,18.79396984924623,0.14121921433125703
194,9.0,18.994974874371863,0.21953505987881763
195,9.0,19.195979899497488,0.018659047551400774
196,9.0,19.39698492462312,0.21869047747808848
197,9.0,19.597989949748744,0.345181462548177
198,9.0,19.798994974874375,0.28366102208654387
199,9.0,20.0,0.07941905526259604
