,t,height,fid
0,10.0,-20.0,0.08610060604742599
1,10.0,-19.798994974874372,0.27536097226027695
2,10.0,-19.597989949748744,0.032126132790682584
3,10.0,-19.396984924623116,0.15186548240884862
4,10.0,-19.195979899497488,0.12242217355137756
5,10.0,-18.99497487437186,0.36708832548547565
6,10.0,-18.79396984924623,0.012447228451799568
7,10.0,-18.592964824120603,0.13157509010803578
8,10.0,-18.391959798994975,0.2569528555749226
9,10.0,-18.190954773869347,0.19231385048556343
10,10.0,-17.98994974874372,0.34814102235922256
11,10.0,-17.78894472361809,0.21222433868282856
12,10.0,-17.587939698492463,0.03312543922793261
13,10.0,-17.386934673366834,0.18768650031214523
14,10.0,-17.185929648241206,0.2496795217364728
15,10.0,-16.984924623115578,0.36198310866691386
16,10.0,-16.78391959798995,0.019302124308127756
17,10.0,-16.582914572864322,0.05059302463274679
18,10.0,-16.381909547738694,0.011528026121019492
19,10.0,-16.180904522613066,0.24246706407625834
20,10.0,-15.979899497487438,0.1803455510120789
21,10.0,-15.77889447236181,0.046972343987819465
22,10.0,-15.577889447236181,0.07775602099733937
23,10.0,-15.376884422110553,0.25594053637949843
24,10.0,-15.175879396984925,0.380224846327853
25,10.0,-14.974874371859297,0.05975899142772008
26,10.0,-14.773869346733669,0.010977936168048047
27,10.0,-14.57286432160804,0.45048573675663905
28,10.0,-14.371859296482413,0.26500309021765306
29,10.0,-14.170854271356784,0.0633505324052674
30,10.0,-13.969849246231156,0.21969376587500505
31,10.0,-13.768844221105528,0.5009317888240032
32,10.0,-13.5678391959799,0.0788662459470213
33,10.0,-13.366834170854272,0.08263658534347618
34,10.0,-13.165829145728644,0.40141101655564415
35,10.0,-12.964824120603016,0.03463878744027001
36,10.0,-12.763819095477388,0.05114101288601004
37,10.0,-12.56281407035176,0.16406948869608062
38,10.0,-12.361809045226131,0.09753922773849792
39,10.0,-12.160804020100503,0.056049813515954096
40,10.0,-11.959798994974873,0.25355323317436057
41,10.0,-11.758793969849245,0.03909099490204923
42,10.0,-11.557788944723617,0.2485944267800728
43,10.0,-11.356783919597989,0.3003398722913516
44,10.0,-11.15577889447236,0.10066956145752937
45,10.0,-10.954773869346733,0.33139962208294377
46,10.0,-10.753768844221105,0.19968710718022234
47,10.0,-10.552763819095476,0.2680046624776475
48,10.0,-10.351758793969848,0.35285715935804807
49,10.0,-10.15075376884422,0.26025943183411593
50,10.0,-9.949748743718592,0.24910072253855994
51,10.0,-9.748743718592964,0.30175162262762667
52,10.0,-9.547738693467336,0.22206447974677307
53,10.0,-9.346733668341708,0.09558847990242472
54,10.0,-9.14572864321608,0.1367288420038365
55,10.0,-8.944723618090451,0.0997855907721667
56,10.0,-8.743718592964823,0.07125791883442946
57,10.0,-8.542713567839195,0.01584935240202951
58,10.0,-8.341708542713567,0.004498840500798342
59,10.0,-8.140703517587939,0.07256425653872699
60,10.0,-7.939698492462311,0.1468189532704233
61,10.0,-7.738693467336683,0.20368667365006665
62,10.0,-7.537688442211055,0.2951966052147824
63,10.0,-7.3366834170854265,0.43486623924133383
64,10.0,-7.135678391959798,0.5660408233023805
65,10.0,-6.93467336683417,0.46251143506620873
66,10.0,-6.733668341708542,0.35490693718850536
67,10.0,-6.532663316582914,0.2622993199409686
68,10.0,-6.331658291457286,0.18788052837897515
69,10.0,-6.130653266331658,0.14856028722694237
70,10.0,-5.92964824120603,0.059184917050924886
71,10.0,-5.7286432160804015,0.06725688205387005
72,10.0,-5.527638190954773,0.0199916771596176
73,10.0,-5.326633165829145,0.03959378740078399
74,10.0,-5.125628140703517,0.4782376694072595
75,10.0,-4.924623115577889,0.745826716421418
76,10.0,-4.723618090452261,0.8181757918101151
77,10.0,-4.522613065326633,0.9647474010902485
78,10.0,-4.321608040201005,0.9012722606687564
79,10.0,-4.1206030150753765,0.7882903314303662
80,10.0,-3.9195979899497466,0.7480917237293179
81,10.0,-3.7185929648241185,0.7724728326103957
82,10.0,-3.5175879396984904,0.8232860195486797
83,10.0,-3.3165829145728623,0.859774140752112
84,10.0,-3.115577889447234,0.8625911246300212
85,10.0,-2.914572864321606,0.8410718084665555
86,10.0,-2.713567839195978,0.8130848988566058
87,10.0,-2.5125628140703498,0.78955565594762
88,10.0,-2.3115577889447216,0.773697472346557
89,10.0,-2.1105527638190935,0.7647190864021024
90,10.0,-1.9095477386934654,0.7605964327754826
91,10.0,-1.7085427135678373,0.7593168876539481
92,10.0,-1.5075376884422091,0.7593544429904129
93,10.0,-1.306532663316581,0.75975050095011
94,10.0,-1.105527638190953,0.7600351268708294
95,10.0,-0.9045226130653248,0.7600657066374263
96,10.0,-0.7035175879396967,0.759900501898945
97,10.0,-0.5025125628140685,0.7596745681875757
98,10.0,-0.3015075376884404,0.7595276338380554
99,10.0,-0.10050251256281229,0.7595571584877104
100,10.0,0.10050251256281584,0.7598075539877841
101,10.0,0.30150753768844396,0.7602535969077706
102,10.0,0.5025125628140721,0.7608070340806332
103,10.0,0.7035175879397002,0.7613180553447918
104,10.0,0.9045226130653283,0.7616084310438446
105,10.0,1.1055276381909565,0.7615189289470606
106,10.0,1.3065326633165846,0.7609996605678808
107,10.0,1.5075376884422127,0.760242224658784
108,10.0,1.7085427135678408,0.7598404034057521
109,10.0,1.909547738693469,0.7609323974371301
110,10.0,2.110552763819097,0.7652765947788035
111,10.0,2.311557788944725,0.7751521466093313
112,10.0,2.5125628140703533,0.7928742747823253
113,10.0,2.7135678391959814,0.8195248775254561
114,10.0,2.9145728643216096,0.852031399319974
115,10.0,3.1155778894472377,0.8789086708822974
116,10.0,3.316582914572866,0.8803968081221986
117,10.0,3.517587939698494,0.8446282970821364
118,10.0,3.718592964824122,0.7904458657827595
119,10.0,3.91959798994975,0.7608822887912858
120,10.0,4.120603015075378,0.7979397480195112
121,10.0,4.321608040201006,0.9161600420351685
122,10.0,4.5226130653266345,0.9922824787138417
123,10.0,4.723618090452263,0.8367518436055184
124,10.0,4.924623115577891,0.762066454756208
125,10.0,5.125628140703519,0.5224424432011877
126,10.0,5.326633165829147,0.035829549268116226
127,10.0,5.527638190954775,0.018589488893110743
128,10.0,5.728643216080403,0.0678189416101928
129,10.0,5.929648241206031,0.060219936441607586
130,10.0,6.1306532663316595,0.14655338508743743
131,10.0,6.331658291457288,0.19035091259545794
132,10.0,6.532663316582916,0.26607363748936896
133,10.0,6.733668341708544,0.35623559391762966
134,10.0,6.934673366834172,0.4698367813411841
135,10.0,7.1356783919598,0.5765398556313751
136,10.0,7.336683417085428,0.4316911066333704
137,10.0,7.537688442211056,0.304135025688483
138,10.0,7.7386934673366845,0.20446443206746057
139,10.0,7.939698492462313,0.1416429194685373
140,10.0,8.14070351758794,0.0673326087439465
141,10.0,8.341708542713569,0.002737557834613113
142,10.0,8.542713567839197,0.01837719702845756
143,10.0,8.743718592964825,0.07144497511391482
144,10.0,8.944723618090453,0.10700581750630804
145,10.0,9.145728643216081,0.14202944121665093
146,10.0,9.34673366834171,0.1006069809095786
147,10.0,9.547738693467338,0.22280643506822437
148,10.0,9.748743718592966,0.296989319556716
149,10.0,9.949748743718594,0.24903613683328496
150,10.0,10.150753768844222,0.26894908240806664
151,10.0,10.35175879396985,0.37865755172680776
152,10.0,10.552763819095478,0.2790736997830034
153,10.0,10.753768844221106,0.2060205227760905
154,10.0,10.954773869346734,0.33679544413503837
155,10.0,11.155778894472363,0.10168442804438686
156,10.0,11.35678391959799,0.3012791227807304
157,10.0,11.557788944723619,0.2513262249215536
158,10.0,11.758793969849247,0.0399620802764427
159,10.0,11.959798994974875,0.2607037537073426
160,10.0,12.160804020100507,0.05763303623294093
161,10.0,12.361809045226131,0.10429796487850357
162,10.0,12.562814070351763,0.1771610965228112
163,10.0,12.763819095477388,0.055803198640676455
164,10.0,12.96482412060302,0.03432152989334857
165,10.0,13.165829145728644,0.41574722787538787
166,10.0,13.366834170854275,0.0828515535227392
167,10.0,13.5678391959799,0.07623049140813695
168,10.0,13.768844221105532,0.509166809027956
169,10.0,13.969849246231156,0.22713503273326371
170,10.0,14.170854271356788,0.06444857180190447
171,10.0,14.371859296482413,0.2644678759736196
172,10.0,14.572864321608044,0.4613160952549405
173,10.0,14.773869346733669,0.010700881332957107
174,10.0,14.9748743718593,0.05468521883002933
175,10.0,15.175879396984925,0.3907521717601441
176,10.0,15.376884422110557,0.2714867155523466
177,10.0,15.577889447236181,0.07205138180015432
178,10.0,15.778894472361813,0.04318176038876234
179,10.0,15.979899497487438,0.18703288889172429
180,10.0,16.18090452261307,0.23740307296464963
181,10.0,16.381909547738694,0.011391092305446526
182,10.0,16.582914572864325,0.05362902123190347
183,10.0,16.78391959798995,0.017784176084233785
184,10.0,16.98492462311558,0.3680220430205182
185,10.0,17.185929648241206,0.25671061343255613
186,10.0,17.386934673366838,0.18686831047305782
187,10.0,17.587939698492463,0.028065992057449796
188,10.0,17.788944723618094,0.23197102274052298
189,10.0,17.98994974874372,0.35042451572093664
190,10.0,18.19095477386935,0.18709808644026535
191,10.0,18.391959798994975,0.2649205882887247
192,10.0,18.592964824120607,0.1280046986531577
193,10.0,18.79396984924623,0.012765705189285673
194,10.0,18.994974874371863,0.37136956999334203
195,10.0,19.195979899497488,0.12836883509596145
196,10.0,19.39698492462312,0.15147704212807814
197,10.0,19.597989949748744,0.03517651493731897
198,10.0,19.798994974874375,0.2947418333565293
199,10.0,20.0,0.08742134745506022
