,t,height,fid
0,11.0,-20.0,0.08687976845241294
1,11.0,-19.798994974874372,0.1288514031079063
2,11.0,-19.597989949748744,0.11423389631819988
3,11.0,-19.396984924623116,0.2903024742276475
4,11.0,-19.195979899497488,0.0013729402955367212
5,11.0,-18.99497487437186,0.2076172947266528
6,11.0,-18.79396984924623,0.2534848775831287
7,11.0,-18.592964824120603,0.13288069372798283
8,11.0,-18.391959798994975,0.04642387315624497
9,11.0,-18.190954773869347,0.2491998014739821
10,11.0,-17.98994974874372,0.06942816864270678
11,11.0,-17.78894472361809,0.11306739512609913
12,11.0,-17.587939698492463,0.31433045936193743
13,11.0,-17.386934673366834,0.16885242026397457
14,11.0,-17.185929648241206,0.020939784648467
15,11.0,-16.984924623115578,0.2784903619302739
16,11.0,-16.78391959798995,0.2102076760521873
17,11.0,-16.582914572864322,0.42143684911948365
18,11.0,-16.381909547738694,0.0988826334579603
19,11.0,-16.180904522613066,0.1370419456555128
20,11.0,-15.979899497487438,0.16588290809241027
21,11.0,-15.77889447236181,0.4596168185089694
22,11.0,-15.577889447236181,0.025051626533237236
23,11.0,-15.376884422110553,0.04911853916260142
24,11.0,-15.175879396984925,0.051481159542464065
25,11.0,-14.974874371859297,0.24588832890709156
26,11.0,-14.773869346733669,0.011611901905133273
27,11.0,-14.57286432160804,0.0921241001115547
28,11.0,-14.371859296482413,0.18472995068299666
29,11.0,-14.170854271356784,0.44149032003986965
30,11.0,-13.969849246231156,0.0516434592915611
31,11.0,-13.768844221105528,0.06888411971759043
32,11.0,-13.5678391959799,0.3906814265760281
33,11.0,-13.366834170854272,0.26064780112948366
34,11.0,-13.165829145728644,0.13555915737335925
35,11.0,-12.964824120603016,0.47972366657735743
36,11.0,-12.763819095477388,0.09972276826330494
37,11.0,-12.56281407035176,0.1270601926094581
38,11.0,-12.361809045226131,0.43497462214755356
39,11.0,-12.160804020100503,0.03018363667851114
40,11.0,-11.959798994974873,0.17831363291179325
41,11.0,-11.758793969849245,0.06961034417921785
42,11.0,-11.557788944723617,0.007742224601482653
43,11.0,-11.356783919597989,0.139447328973939
44,11.0,-11.15577889447236,0.014641784248356805
45,11.0,-10.954773869346733,0.3190246492272535
46,11.0,-10.753768844221105,0.13228206501171053
47,11.0,-10.552763819095476,0.3290182618670702
48,11.0,-10.351758793969848,0.10450499125110634
49,11.0,-10.15075376884422,0.4576705235522251
50,11.0,-9.949748743718592,0.1911843962820536
51,11.0,-9.748743718592964,0.24950812583397
52,11.0,-9.547738693467336,0.3251250142199406
53,11.0,-9.346733668341708,0.31144082187280725
54,11.0,-9.14572864321608,0.3283298952708223
55,11.0,-8.944723618090451,0.14446043676663417
56,11.0,-8.743718592964823,0.05954305731537376
57,11.0,-8.542713567839195,0.0525341623449463
58,11.0,-8.341708542713567,0.06706436819999423
59,11.0,-8.140703517587939,0.07702191967949998
60,11.0,-7.939698492462311,0.02348580620057809
61,11.0,-7.738693467336683,0.09881662540414235
62,11.0,-7.537688442211055,0.17001637183211543
63,11.0,-7.3366834170854265,0.2550799729047041
64,11.0,-7.135678391959798,0.43446503846603335
65,11.0,-6.93467336683417,0.5507251665641933
66,11.0,-6.733668341708542,0.553560441291108
67,11.0,-6.532663316582914,0.5189997110930653
68,11.0,-6.331658291457286,0.4570921063222361
69,11.0,-6.130653266331658,0.3823496913300655
70,11.0,-5.92964824120603,0.21797931868504997
71,11.0,-5.7286432160804015,0.19447791146343255
72,11.0,-5.527638190954773,0.06749241722298689
73,11.0,-5.326633165829145,0.051893731430341095
74,11.0,-5.125628140703517,0.5454526767447884
75,11.0,-4.924623115577889,0.7373909248158913
76,11.0,-4.723618090452261,0.8784408446677832
77,11.0,-4.522613065326633,0.9268914711377025
78,11.0,-4.321608040201005,0.8012811822605886
79,11.0,-4.1206030150753765,0.758085652410053
80,11.0,-3.9195979899497466,0.8128610012969988
81,11.0,-3.7185929648241185,0.8854970616113569
82,11.0,-3.5175879396984904,0.8955249896324607
83,11.0,-3.3165829145728623,0.8501110867717324
84,11.0,-3.115577889447234,0.7989205508194686
85,11.0,-2.914572864321606,0.7666770611928037
86,11.0,-2.713567839195978,0.7544728159967881
87,11.0,-2.5125628140703498,0.7556386871968206
88,11.0,-2.3115577889447216,0.7629391635068583
89,11.0,-2.1105527638190935,0.7709148261625525
90,11.0,-1.9095477386934654,0.7764187705904436
91,11.0,-1.7085427135678373,0.7784688099460807
92,11.0,-1.5075376884422091,0.7775304972992392
93,11.0,-1.306532663316581,0.7746848414691773
94,11.0,-1.105527638190953,0.7710338300980142
95,11.0,-0.9045226130653248,0.7673900825798116
96,11.0,-0.7035175879396967,0.7642643953639956
97,11.0,-0.5025125628140685,0.7618945750470604
98,11.0,-0.3015075376884404,0.760370379239802
99,11.0,-0.10050251256281229,0.759686993568886
100,11.0,0.10050251256281584,0.7598251501797364
101,11.0,0.30150753768844396,0.7607639486730217
102,11.0,0.5025125628140721,0.7624890427282899
103,11.0,0.7035175879397002,0.7649667455695699
104,11.0,0.9045226130653283,0.7681030219030734
105,11.0,1.1055276381909565,0.7716659054612889
106,11.0,1.3065326633165846,0.7751966779091618
107,11.0,1.5075376884422127,0.7779588747254724
108,11.0,1.7085427135678408,0.7789803961663461
109,11.0,1.909547738693469,0.7773471644100313
110,11.0,2.110552763819097,0.7727831945904846
111,11.0,2.311557788944725,0.7664831383394399
112,11.0,2.5125628140703533,0.7617252410939721
113,11.0,2.7135678391959814,0.763967639215589
114,11.0,2.9145728643216096,0.7801271609004974
115,11.0,3.1155778894472377,0.8162896237135282
116,11.0,3.316582914572866,0.8704932829932478
117,11.0,3.517587939698494,0.9163602036749365
118,11.0,3.718592964824122,0.9015829753844323
119,11.0,3.91959798994975,0.820385193756114
120,11.0,4.120603015075378,0.760493281370816
121,11.0,4.321608040201006,0.8080467899845347
122,11.0,4.5226130653266345,0.9553758371911047
123,11.0,4.723618090452263,0.9217087425990307
124,11.0,4.924623115577891,0.7592947801997866
125,11.0,5.125628140703519,0.5739321873967524
126,11.0,5.326633165829147,0.045611598628685045
127,11.0,5.527638190954775,0.06441832580228733
128,11.0,5.728643216080403,0.19106012324570465
129,11.0,5.929648241206031,0.22941214148758024
130,11.0,6.1306532663316595,0.3898921097682308
131,11.0,6.331658291457288,0.45969703759597025
132,11.0,6.532663316582916,0.5205516615642587
133,11.0,6.733668341708544,0.5601918710677721
134,11.0,6.934673366834172,0.5714294050521905
135,11.0,7.1356783919598,0.4465433739817639
136,11.0,7.336683417085428,0.26525709292550836
137,11.0,7.537688442211056,0.165663175957944
138,11.0,7.7386934673366845,0.09893872966008774
139,11.0,7.939698492462313,0.0212142774019075
140,11.0,8.14070351758794,0.07787244109509735
141,11.0,8.341708542713569,0.06884096191355407
142,11.0,8.542713567839197,0.05178509262980175
143,11.0,8.743718592964825,0.06136527547393347
144,11.0,8.944723618090453,0.15238439813011861
145,11.0,9.145728643216081,0.32688012613240264
146,11.0,9.34673366834171,0.31413211436591487
147,11.0,9.547738693467338,0.3346530665165503
148,11.0,9.748743718592966,0.24994347717360443
149,11.0,9.949748743718594,0.19112185711513052
150,11.0,10.150753768844222,0.46608995727834474
151,11.0,10.35175879396985,0.10099150552916157
152,11.0,10.552763819095478,0.3257620277787872
153,11.0,10.753768844221106,0.1348530003668206
154,11.0,10.954773869346734,0.3152363450614878
155,11.0,11.155778894472363,0.01613095949653183
156,11.0,11.35678391959799,0.14336109101493716
157,11.0,11.557788944723619,0.009988236065131805
158,11.0,11.758793969849247,0.0648819615426088
159,11.0,11.959798994974875,0.18084258081305915
160,11.0,12.160804020100507,0.029464967012939703
161,11.0,12.361809045226131,0.43963921613928975
162,11.0,12.562814070351763,0.1339476133508621
163,11.0,12.763819095477388,0.0986697377250906
164,11.0,12.96482412060302,0.4920478745221023
165,11.0,13.165829145728644,0.13472016638182013
166,11.0,13.366834170854275,0.27037173384181923
167,11.0,13.5678391959799,0.4040144759036529
168,11.0,13.768844221105532,0.07472411407445992
169,11.0,13.969849246231156,0.049114237211160684
170,11.0,14.170854271356788,0.4356919328301391
171,11.0,14.371859296482413,0.1784464148983581
172,11.0,14.572864321608044,0.0956613997479004
173,11.0,14.773869346733669,0.01287773596926089
174,11.0,14.9748743718593,0.25245266130845656
175,11.0,15.175879396984925,0.05562865595998861
176,11.0,15.376884422110557,0.05300790015274269
177,11.0,15.577889447236181,0.024869363468972967
178,11.0,15.778894472361813,0.4810560390947209
179,11.0,15.979899497487438,0.157551373580517
180,11.0,16.18090452261307,0.13287214733099573
181,11.0,16.381909547738694,0.1016321146654398
182,11.0,16.582914572864325,0.42935568048117323
183,11.0,16.78391959798995,0.20276012754016445
184,11.0,16.98492462311558,0.28831280479159194
185,11.0,17.185929648241206,0.02310269048726756
186,11.0,17.386934673366838,0.17078445172771684
187,11.0,17.587939698492463,0.3253417309138759
188,11.0,17.788944723618094,0.12070614220271181
189,11.0,17.98994974874372,0.06342295662316359
190,11.0,18.19095477386935,0.2578997027715212
191,11.0,18.391959798994975,0.054373349184490515
192,11.0,18.592964824120607,0.14596164056906238
193,11.0,18.79396984924623,0.25729249020048034
194,11.0,18.994974874371863,0.20144742984394004
195,11.0,19.195979899497488,0.0011820684191575176
196,11.0,19.39698492462312,0.29998821635461126
197,11.0,19.597989949748744,0.11016278147998933
198,11.0,19.798994974874375,0.1340446756357871
199,11.0,20.0,0.08385947210125495
