,t,height,fid
0,12.0,-20.0,0.05861680358911045
1,12.0,-19.798994974874372,0.34973790360138307
2,12.0,-19.597989949748744,0.182718839125296
3,12.0,-19.396984924623116,0.061810996795357676
4,12.0,-19.195979899497488,0.3409787643648922
5,12.0,-18.99497487437186,0.15985685817052991
6,12.0,-18.79396984924623,0.011639935915531096
7,12.0,-18.592964824120603,0.362180819595266
8,12.0,-18.391959798994975,0.11315591640111379
9,12.0,-18.190954773869347,0.06643639230115599
10,12.0,-17.98994974874372,0.1652767337106411
11,12.0,-17.78894472361809,0.11295226899086708
12,12.0,-17.587939698492463,0.014488337252498195
13,12.0,-17.386934673366834,0.2724821440295902
14,12.0,-17.185929648241206,0.18758645662063855
15,12.0,-16.984924623115578,0.07283346618105176
16,12.0,-16.78391959798995,0.2245438416726113
17,12.0,-16.582914572864322,0.13730411828923386
18,12.0,-16.381909547738694,0.12154648917271578
19,12.0,-16.180904522613066,0.4095420197016126
20,12.0,-15.979899497487438,0.0014824376633498619
21,12.0,-15.77889447236181,0.26968260071486294
22,12.0,-15.577889447236181,0.2046808183952489
23,12.0,-15.376884422110553,0.4135379885352485
24,12.0,-15.175879396984925,0.022014148846687787
25,12.0,-14.974874371859297,0.1337556495833176
26,12.0,-14.773869346733669,0.5019134867056255
27,12.0,-14.57286432160804,0.07478027393966219
28,12.0,-14.371859296482413,0.037747305167103715
29,12.0,-14.170854271356784,0.08366645013758603
30,12.0,-13.969849246231156,0.2747614298111854
31,12.0,-13.768844221105528,0.019410355407386563
32,12.0,-13.5678391959799,0.03251729343124594
33,12.0,-13.366834170854272,0.46530430688674923
34,12.0,-13.165829145728644,0.03770321460841845
35,12.0,-12.964824120603016,0.04870702448477275
36,12.0,-12.763819095477388,0.4254928992802978
37,12.0,-12.56281407035176,0.21934869232131393
38,12.0,-12.361809045226131,0.25379829610216337
39,12.0,-12.160804020100503,0.37460429310165794
40,12.0,-11.959798994974873,0.028252896162007678
41,12.0,-11.758793969849245,0.5070904918908705
42,12.0,-11.557788944723617,0.03554900249927481
43,12.0,-11.356783919597989,0.17736770482332526
44,12.0,-11.15577889447236,0.07329356190277893
45,12.0,-10.954773869346733,0.023480630840292654
46,12.0,-10.753768844221105,0.15388988891264452
47,12.0,-10.552763819095476,0.030939707536001088
48,12.0,-10.351758793969848,0.2965411695544955
49,12.0,-10.15075376884422,0.09819271819001749
50,12.0,-9.949748743718592,0.23752824054449304
51,12.0,-9.748743718592964,0.3928552438509587
52,12.0,-9.547738693467336,0.17903775944826028
53,12.0,-9.346733668341708,0.17317032061278037
54,12.0,-9.14572864321608,0.3592981638344598
55,12.0,-8.944723618090451,0.28063493408996804
56,12.0,-8.743718592964823,0.267966504727492
57,12.0,-8.542713567839195,0.24521319576940637
58,12.0,-8.341708542713567,0.159352566082946
59,12.0,-8.140703517587939,0.10297816507624695
60,12.0,-7.939698492462311,0.1005740958912123
61,12.0,-7.738693467336683,0.00895359232686402
62,12.0,-7.537688442211055,0.07895238451943053
63,12.0,-7.3366834170854265,0.14004020952939106
64,12.0,-7.135678391959798,0.28763013524951464
65,12.0,-6.93467336683417,0.46996690762927434
66,12.0,-6.733668341708542,0.5227709469542134
67,12.0,-6.532663316582914,0.5533197890834104
68,12.0,-6.331658291457286,0.5692127075406065
69,12.0,-6.130653266331658,0.5586521033594277
70,12.0,-5.92964824120603,0.43951577238016665
71,12.0,-5.7286432160804015,0.3785224758585061
72,12.0,-5.527638190954773,0.1806518514917665
73,12.0,-5.326633165829145,0.10128160323013335
74,12.0,-5.125628140703517,0.6131872011852547
75,12.0,-4.924623115577889,0.7594749711558434
76,12.0,-4.723618090452261,0.91159810752123
77,12.0,-4.522613065326633,0.8294578365176876
78,12.0,-4.321608040201005,0.7471291443801132
79,12.0,-4.1206030150753765,0.8231147898638066
80,12.0,-3.9195979899497466,0.9276495119086272
81,12.0,-3.7185929648241185,0.9086751619861896
82,12.0,-3.5175879396984904,0.8259776886576009
83,12.0,-3.3165829145728623,0.7676790472307494
84,12.0,-3.115577889447234,0.7494961129563987
85,12.0,-2.914572864321606,0.7587981225006724
86,12.0,-2.713567839195978,0.7790908846390269
87,12.0,-2.5125628140703498,0.7968052077250478
88,12.0,-2.3115577889447216,0.8049768134556057
89,12.0,-2.1105527638190935,0.8035862687362115
90,12.0,-1.9095477386934654,0.7963334339678919
91,12.0,-1.7085427135678373,0.7871456742238964
92,12.0,-1.5075376884422091,0.7785789878189688
93,12.0,-1.306532663316581,0.7717448853651135
94,12.0,-1.105527638190953,0.7668337482504914
95,12.0,-0.9045226130653248,0.7635803364743503
96,12.0,-0.7035175879396967,0.7615776480854567
97,12.0,-0.5025125628140685,0.7604398682960171
98,12.0,-0.3015075376884404,0.7598676432919861
99,12.0,-0.10050251256281229,0.7596591667060614
100,12.0,0.10050251256281584,0.759708679038929
101,12.0,0.30150753768844396,0.7600003069889371
102,12.0,0.5025125628140721,0.7606159115103713
103,12.0,0.7035175879397002,0.761741859375124
104,12.0,0.9045226130653283,0.7636977943109672
105,12.0,1.1055276381909565,0.7669252421085951
106,12.0,1.3065326633165846,0.7719452946290899
107,12.0,1.5075376884422127,0.7792045065116133
108,12.0,1.7085427135678408,0.7887481507939506
109,12.0,1.909547738693469,0.79968671383752
110,12.0,2.110552763819097,0.8095263388480424
111,12.0,2.311557788944725,0.8140117155181126
112,12.0,2.5125628140703533,0.8086605506898961
113,12.0,2.7135678391959814,0.7925863235116749
114,12.0,2.9145728643216096,0.7723791686080748
115,12.0,3.1155778894472377,0.761991236251702
116,12.0,3.316582914572866,0.7787968267125304
117,12.0,3.517587939698494,0.8365431994731403
118,12.0,3.718592964824122,0.9203574262395168
119,12.0,3.91959798994975,0.9394938269655734
120,12.0,4.120603015075378,0.83165959078034
121,12.0,4.321608040201006,0.7595649412568366
122,12.0,4.5226130653266345,0.8605398998981487
123,12.0,4.723618090452263,0.9629975686156528
124,12.0,4.924623115577891,0.77290991745251
125,12.0,5.125628140703519,0.6313833807703112
126,12.0,5.326633165829147,0.09212055421406268
127,12.0,5.527638190954775,0.17535603626940546
128,12.0,5.728643216080403,0.3838790017690932
129,12.0,5.929648241206031,0.4475559153413024
130,12.0,6.1306532663316595,0.5813220920779809
131,12.0,6.331658291457288,0.5898669428955118
132,12.0,6.532663316582916,0.5713935978423839
133,12.0,6.733668341708544,0.5347319433812898
134,12.0,6.934673366834172,0.469868324435239
135,12.0,7.1356783919598,0.2842009895892704
136,12.0,7.336683417085428,0.14276696819585255
137,12.0,7.537688442211056,0.07884488059276834
138,12.0,7.7386934673366845,0.008380314072583868
139,12.0,7.939698492462313,0.11063247114150038
140,12.0,8.14070351758794,0.10646965171999524
141,12.0,8.341708542713569,0.16202500421812127
142,12.0,8.542713567839197,0.2531294289842182
143,12.0,8.743718592964825,0.2711415004852252
144,12.0,8.944723618090453,0.28251017997494354
145,12.0,9.145728643216081,0.3543259835666319
146,12.0,9.34673366834171,0.17763109589637952
147,12.0,9.547738693467338,0.16960687679161077
148,12.0,9.748743718592966,0.39847232724673975
149,12.0,9.949748743718594,0.23918672342441383
150,12.0,10.150753768844222,0.10415558257698698
151,12.0,10.35175879396985,0.3018010271244744
152,12.0,10.552763819095478,0.033614467068089855
153,12.0,10.753768844221106,0.15891555325658954
154,12.0,10.954773869346734,0.03098961205903926
155,12.0,11.155778894472363,0.0659477422388438
156,12.0,11.35678391959799,0.19206682036097697
157,12.0,11.557788944723619,0.034964413798171265
158,12.0,11.758793969849247,0.5235438201387497
159,12.0,11.959798994974875,0.02735635546669219
160,12.0,12.160804020100507,0.3863001110490392
161,12.0,12.361809045226131,0.25367080466303604
162,12.0,12.562814070351763,0.22879000717214532
163,12.0,12.763819095477388,0.4267464935530487
164,12.0,12.96482412060302,0.04335346610634882
165,12.0,13.165829145728644,0.037263130433703225
166,12.0,13.366834170854275,0.48181101267304066
167,12.0,13.5678391959799,0.03029176539476443
168,12.0,13.768844221105532,0.019866863277680724
169,12.0,13.969849246231156,0.2835310618678768
170,12.0,14.170854271356788,0.0836716368127082
171,12.0,14.371859296482413,0.045600982724535014
172,12.0,14.572864321608044,0.0708488668967551
173,12.0,14.773869346733669,0.5104076480927456
174,12.0,14.9748743718593,0.13760912446374562
175,12.0,15.175879396984925,0.021857314635293317
176,12.0,15.376884422110557,0.4352786019915876
177,12.0,15.577889447236181,0.2059857040204302
178,12.0,15.778894472361813,0.26551124276324345
179,12.0,15.979899497487438,0.0019307995058703703
180,12.0,16.18090452261307,0.4339494951679255
181,12.0,16.381909547738694,0.11946469903678354
182,12.0,16.582914572864325,0.1349003213033447
183,12.0,16.78391959798995,0.22961866255324592
184,12.0,16.98492462311558,0.07509289138576164
185,12.0,17.185929648241206,0.18113489912452177
186,12.0,17.386934673366838,0.2697356995163127
187,12.0,17.587939698492463,0.011689833825129843
188,12.0,17.788944723618094,0.11917354261133754
189,12.0,17.98994974874372,0.17557876292195013
190,12.0,18.19095477386935,0.06405006056639631
191,12.0,18.391959798994975,0.11175823343646256
192,12.0,18.592964824120607,0.3909401700722434
193,12.0,18.79396984924623,0.012017182348674332
194,12.0,18.994974874371863,0.16317036021651174
195,12.0,19.195979899497488,0.3684963876133259
196,12.0,19.39698492462312,0.06251024974902372
197,12.0,19.597989949748744,0.18487740065487068
198,12.0,19.798994974874375,0.37081449961854984
199,12.0,20.0,0.056944581677917015
