,t,height,fid
0,13.0,-20.0,0.25085643021801507
1,13.0,-19.798994974874372,0.002957201633753065
2,13.0,-19.597989949748744,0.1340055008885096
3,13.0,-19.396984924623116,0.0710298791557584
4,13.0,-19.195979899497488,0.04409828612922332
5,13.0,-18.99497487437186,0.336797254523036
6,13.0,-18.79396984924623,0.20458358586510828
7,13.0,-18.592964824120603,0.009563975003094801
8,13.0,-18.391959798994975,0.008290939939662225
9,13.0,-18.190954773869347,0.46958142221316035
10,13.0,-17.98994974874372,0.11656309445450952
11,13.0,-17.78894472361809,0.31123196671487563
12,13.0,-17.587939698492463,0.23518571217821768
13,13.0,-17.386934673366834,0.06674623518456602
14,13.0,-17.185929648241206,0.3341450705629148
15,13.0,-16.984924623115578,0.21275124626531403
16,13.0,-16.78391959798995,0.055865158779136524
17,13.0,-16.582914572864322,0.14731662236383825
18,13.0,-16.381909547738694,0.05691459826001359
19,13.0,-16.180904522613066,0.1331832782237874
20,13.0,-15.979899497487438,0.14456508639422236
21,13.0,-15.77889447236181,0.026818974755513623
22,13.0,-15.577889447236181,0.18518674362874624
23,13.0,-15.376884422110553,0.17244034979061318
24,13.0,-15.175879396984925,0.5136067350348201
25,13.0,-14.974874371859297,0.13627565620463156
26,13.0,-14.773869346733669,0.19012281267323658
27,13.0,-14.57286432160804,0.1663706077490949
28,13.0,-14.371859296482413,0.32789287958542224
29,13.0,-14.170854271356784,0.02436143475767774
30,13.0,-13.969849246231156,0.12515998158272115
31,13.0,-13.768844221105528,0.38380266854797435
32,13.0,-13.5678391959799,0.023125038844603905
33,13.0,-13.366834170854272,0.004269412902804032
34,13.0,-13.165829145728644,0.2848127559085143
35,13.0,-12.964824120603016,0.009378833997352507
36,13.0,-12.763819095477388,0.029468321770647714
37,13.0,-12.56281407035176,0.43477660580160593
38,13.0,-12.361809045226131,0.04743521967427738
39,13.0,-12.160804020100503,0.40135279074625213
40,13.0,-11.959798994974873,0.3009820778350033
41,13.0,-11.758793969849245,0.11803915856097373
42,13.0,-11.557788944723617,0.45957145043966074
43,13.0,-11.356783919597989,0.04660257421485056
44,13.0,-11.15577889447236,0.5341518336539117
45,13.0,-10.954773869346733,0.02914545067620432
46,13.0,-10.753768844221105,0.29214098230789576
47,13.0,-10.552763819095476,0.09073726256800657
48,13.0,-10.351758793969848,0.10764094114525509
49,13.0,-10.15075376884422,9.596289779171704e-05
50,13.0,-9.949748743718592,0.281868572177754
51,13.0,-9.748743718592964,0.07502115581736266
52,13.0,-9.547738693467336,0.2027516085245065
53,13.0,-9.346733668341708,0.4064429533236772
54,13.0,-9.14572864321608,0.35226955946631366
55,13.0,-8.944723618090451,0.22979217865301924
56,13.0,-8.743718592964823,0.3219917992071363
57,13.0,-8.542713567839195,0.415185948844015
58,13.0,-8.341708542713567,0.3313979465884162
59,13.0,-8.140703517587939,0.196458238054105
60,13.0,-7.939698492462311,0.10666340944577446
61,13.0,-7.738693467336683,0.06918623585327976
62,13.0,-7.537688442211055,0.023053918088406178
63,13.0,-7.3366834170854265,0.08425223164083973
64,13.0,-7.135678391959798,0.15398949559673447
65,13.0,-6.93467336683417,0.31567605270918075
66,13.0,-6.733668341708542,0.40517668555433156
67,13.0,-6.532663316582914,0.46900613820181725
68,13.0,-6.331658291457286,0.5432593405525827
69,13.0,-6.130653266331658,0.6138086216142304
70,13.0,-5.92964824120603,0.5730549276053248
71,13.0,-5.7286432160804015,0.5430260189600736
72,13.0,-5.527638190954773,0.3291399690211823
73,13.0,-5.326633165829145,0.18382925257132712
74,13.0,-5.125628140703517,0.6613260962777896
75,13.0,-4.924623115577889,0.781748706630592
76,13.0,-4.723618090452261,0.9021654135437521
77,13.0,-4.522613065326633,0.7619170868744349
78,13.0,-4.321608040201005,0.7834289166832492
79,13.0,-4.1206030150753765,0.9269184407616534
80,13.0,-3.9195979899497466,0.9079147917273421
81,13.0,-3.7185929648241185,0.8092944464906096
82,13.0,-3.5175879396984904,0.7612448667374739
83,13.0,-3.3165829145728623,0.7691818661781097
84,13.0,-3.115577889447234,0.8031575322522518
85,13.0,-2.914572864321606,0.8299020332295327
86,13.0,-2.713567839195978,0.8320233685931636
87,13.0,-2.5125628140703498,0.8153776134127192
88,13.0,-2.3115577889447216,0.7939956874912139
89,13.0,-2.1105527638190935,0.7767657041921697
90,13.0,-1.9095477386934654,0.7660575649128134
91,13.0,-1.7085427135678373,0.7608507232663817
92,13.0,-1.5075376884422091,0.7591479929678029
93,13.0,-1.306532663316581,0.7591324783951612
94,13.0,-1.105527638190953,0.7596152858901662
95,13.0,-0.9045226130653248,0.7599960386381804
96,13.0,-0.7035175879396967,0.760097206047793
97,13.0,-0.5025125628140685,0.7599831867678956
98,13.0,-0.3015075376884404,0.7597971523933664
99,13.0,-0.10050251256281229,0.75967043093616
100,13.0,0.10050251256281584,0.7596743769617124
101,13.0,0.30150753768844396,0.7598046330374834
102,13.0,0.5025125628140721,0.7599880245060542
103,13.0,0.7035175879397002,0.7601115733255029
104,13.0,0.9045226130653283,0.7600828511126569
105,13.0,1.1055276381909565,0.7599322079546693
106,13.0,1.3065326633165846,0.7599633956736611
107,13.0,1.5075376884422127,0.7609282944266544
108,13.0,1.7085427135678408,0.7641489803562181
109,13.0,1.909547738693469,0.7714762040754719
110,13.0,2.110552763819097,0.7848569153026765
111,13.0,2.311557788944725,0.8051175881136549
112,13.0,2.5125628140703533,0.8293896935818864
113,13.0,2.7135678391959814,0.847742007673558
114,13.0,2.9145728643216096,0.8445447517933304
115,13.0,3.1155778894472377,0.813204133530444
116,13.0,3.316582914572866,0.7731008794976835
117,13.0,3.517587939698494,0.76164484425027
118,13.0,3.718592964824122,0.8133090932833071
119,13.0,3.91959798994975,0.9258103285979512
120,13.0,4.120603015075378,0.9573943569481494
121,13.0,4.321608040201006,0.804916801611534
122,13.0,4.5226130653266345,0.7813323010608776
123,13.0,4.723618090452263,0.9390610800933747
124,13.0,4.924623115577891,0.7990260767200092
125,13.0,5.125628140703519,0.683816626266421
126,13.0,5.326633165829147,0.17390791217357737
127,13.0,5.527638190954775,0.3306209228928635
128,13.0,5.728643216080403,0.5608206969940417
129,13.0,5.929648241206031,0.5782454287332759
130,13.0,6.1306532663316595,0.6186169957339009
131,13.0,6.331658291457288,0.552415707398411
132,13.0,6.532663316582916,0.47596409429540393
133,13.0,6.733668341708544,0.4016921967786369
134,13.0,6.934673366834172,0.31371720092810257
135,13.0,7.1356783919598,0.15918280448707464
136,13.0,7.336683417085428,0.08153377656481192
137,13.0,7.537688442211056,0.02495347231784061
138,13.0,7.7386934673366845,0.07355453494439829
139,13.0,7.939698492462313,0.10954505092244186
140,13.0,8.14070351758794,0.20268199925601835
141,13.0,8.341708542713569,0.33428910122010935
142,13.0,8.542713567839197,0.40716610226174405
143,13.0,8.743718592964825,0.32401967511554
144,13.0,8.944723618090453,0.23619108044591502
145,13.0,9.145728643216081,0.36143826802541346
146,13.0,9.34673366834171,0.41031424812295375
147,13.0,9.547738693467338,0.19974352965617573
148,13.0,9.748743718592966,0.07988005599272296
149,13.0,9.949748743718594,0.2958549870717123
150,13.0,10.150753768844222,0.0006091679252608661
151,13.0,10.35175879396985,0.10399303456160679
152,13.0,10.552763819095478,0.09434389613327214
153,13.0,10.753768844221106,0.2990673194595825
154,13.0,10.954773869346734,0.029407760322661753
155,13.0,11.155778894472363,0.5587675792198575
156,13.0,11.35678391959799,0.041868812489271004
157,13.0,11.557788944723619,0.4568790643342163
158,13.0,11.758793969849247,0.12451556606235824
159,13.0,11.959798994974875,0.3074439123141187
160,13.0,12.160804020100507,0.42014293106987843
161,13.0,12.361809045226131,0.05005530026951671
162,13.0,12.562814070351763,0.44692965118489264
163,13.0,12.763819095477388,0.031295167301637894
164,13.0,12.96482412060302,0.01230617029421624
165,13.0,13.165829145728644,0.29337410996280355
166,13.0,13.366834170854275,0.005771869351187433
167,13.0,13.5678391959799,0.024168805196652626
168,13.0,13.768844221105532,0.4065434795348528
169,13.0,13.969849246231156,0.12696269457158552
170,13.0,14.170854271356788,0.02731381572610515
171,13.0,14.371859296482413,0.354693727135967
172,13.0,14.572864321608044,0.1692199032945042
173,13.0,14.773869346733669,0.20099828583374643
174,13.0,14.9748743718593,0.13665947305788761
175,13.0,15.175879396984925,0.518352630679645
176,13.0,15.376884422110557,0.16696196677778002
177,13.0,15.577889447236181,0.17854012602224834
178,13.0,15.778894472361813,0.032689916370637846
179,13.0,15.979899497487438,0.1519920420566683
180,13.0,16.18090452261307,0.14400600966549945
181,13.0,16.381909547738694,0.061148381269429265
182,13.0,16.582914572864325,0.1496099534277753
183,13.0,16.78391959798995,0.055112912940311835
184,13.0,16.98492462311558,0.20899366054671872
185,13.0,17.185929648241206,0.33435549471952525
186,13.0,17.386934673366838,0.07846753074979257
187,13.0,17.587939698492463,0.2423209443446801
188,13.0,17.788944723618094,0.32272169428291986
189,13.0,17.98994974874372,0.11641884404736057
190,13.0,18.19095477386935,0.47186197976186633
191,13.0,18.391959798994975,0.005833533084760712
192,13.0,18.592964824120607,0.00808664112713185
193,13.0,18.79396984924623,0.1945992394002193
194,13.0,18.994974874371863,0.33988132844918517
195,13.0,19.195979899497488,0.04683615326982396
196,13.0,19.39698492462312,0.06685711203566107
197,13.0,19.597989949748744,0.13433671123423507
198,13.0,19.798994974874375,0.0013563974054484433
199,13.0,20.0,0.2670682592645367
