,t,height,fid
0,14.0,-20.0,0.0680830782129546
1,14.0,-19.798994974874372,0.4041658545342823
2,14.0,-19.597989949748744,0.3360426049056712
3,14.0,-19.396984924623116,0.013466616890636543
4,14.0,-19.195979899497488,0.43679782109733184
5,14.0,-18.99497487437186,0.12377333847411462
6,14.0,-18.79396984924623,0.07771478079589342
7,14.0,-18.592964824120603,0.43461103589344974
8,14.0,-18.391959798994975,0.10379396140458942
9,14.0,-18.190954773869347,0.007863669542303699
10,14.0,-17.98994974874372,0.08926771213232441
11,14.0,-17.78894472361809,0.32112062221617055
12,14.0,-17.587939698492463,0.04775089986563147
13,14.0,-17.386934673366834,0.20537525191233127
14,14.0,-17.185929648241206,0.02333849074818138
15,14.0,-16.984924623115578,0.16203264023634198
16,14.0,-16.78391959798995,0.4644693954220149
17,14.0,-16.582914572864322,0.165317852817008
18,14.0,-16.381909547738694,0.18907493703931358
19,14.0,-16.180904522613066,0.14222842206258327
20,14.0,-15.979899497487438,0.21846440699805297
21,14.0,-15.77889447236181,0.19776901644352968
22,14.0,-15.577889447236181,0.10572115692031184
23,14.0,-15.376884422110553,0.21019763627284438
24,14.0,-15.175879396984925,0.024359079453443285
25,14.0,-14.974874371859297,0.1122936813854269
26,14.0,-14.773869346733669,0.07879951959022914
27,14.0,-14.57286432160804,0.1574267662541552
28,14.0,-14.371859296482413,0.10451336421439243
29,14.0,-14.170854271356784,0.4892566579439712
30,14.0,-13.969849246231156,0.0056042159418451445
31,14.0,-13.768844221105528,0.15278183578342644
32,14.0,-13.5678391959799,0.41478563590825573
33,14.0,-13.366834170854272,0.02836203665999837
34,14.0,-13.165829145728644,0.13039252424029274
35,14.0,-12.964824120603016,0.3163760702652403
36,14.0,-12.763819095477388,0.036175939251005304
37,14.0,-12.56281407035176,0.09372736952560808
38,14.0,-12.361809045226131,0.13043360431627693
39,14.0,-12.160804020100503,0.08912871861603607
40,14.0,-11.959798994974873,0.4665394613937751
41,14.0,-11.758793969849245,0.04240508872872397
42,14.0,-11.557788944723617,0.35175057251134617
43,14.0,-11.356783919597989,0.3198911681555422
44,14.0,-11.15577889447236,0.21903602033374872
45,14.0,-10.954773869346733,0.2677485885115852
46,14.0,-10.753768844221105,0.24373571759715024
47,14.0,-10.552763819095476,0.20811841514080706
48,14.0,-10.351758793969848,0.2119250283051222
49,14.0,-10.15075376884422,0.09572159372884137
50,14.0,-9.949748743718592,0.10849644216798156
51,14.0,-9.748743718592964,0.0030324423733587417
52,14.0,-9.547738693467336,0.2361991086347273
53,14.0,-9.346733668341708,0.21688929838470866
54,14.0,-9.14572864321608,0.01583804019779875
55,14.0,-8.944723618090451,0.1770345904948521
56,14.0,-8.743718592964823,0.29964909772141407
57,14.0,-8.542713567839195,0.37426623918341384
58,14.0,-8.341708542713567,0.35402752401712956
59,14.0,-8.140703517587939,0.34384767837286834
60,14.0,-7.939698492462311,0.23465202475481298
61,14.0,-7.738693467336683,0.12250235914797467
62,14.0,-7.537688442211055,0.007380844240909406
63,14.0,-7.3366834170854265,0.1181690769304427
64,14.0,-7.135678391959798,0.0734940859391334
65,14.0,-6.93467336683417,0.17859552990995578
66,14.0,-6.733668341708542,0.25763324388007164
67,14.0,-6.532663316582914,0.34152619201003237
68,14.0,-6.331658291457286,0.4385204956720986
69,14.0,-6.130653266331658,0.5391978626524035
70,14.0,-5.92964824120603,0.5666303009092771
71,14.0,-5.7286432160804015,0.6398515685816887
72,14.0,-5.527638190954773,0.4650125345240768
73,14.0,-5.326633165829145,0.27613841033921227
74,14.0,-5.125628140703517,0.6984840065133731
75,14.0,-4.924623115577889,0.7867539380940218
76,14.0,-4.723618090452261,0.8590829153460193
77,14.0,-4.522613065326633,0.7531477646864257
78,14.0,-4.321608040201005,0.8991285706802193
79,14.0,-4.1206030150753765,0.9191091284574737
80,14.0,-3.9195979899497466,0.7958296593159471
81,14.0,-3.7185929648241185,0.7526061495857163
82,14.0,-3.5175879396984904,0.7957566390248232
83,14.0,-3.3165829145728623,0.8577545094751307
84,14.0,-3.115577889447234,0.8703168454927415
85,14.0,-2.914572864321606,0.8343992724778292
86,14.0,-2.713567839195978,0.7909969830859269
87,14.0,-2.5125628140703498,0.7630295585852381
88,14.0,-2.3115577889447216,0.7524789668881033
89,14.0,-2.1105527638190935,0.7534472017618185
90,14.0,-1.9095477386934654,0.7593002867524934
91,14.0,-1.7085427135678373,0.7652303583735209
92,14.0,-1.5075376884422091,0.7688717159530174
93,14.0,-1.306532663316581,0.7698139875081104
94,14.0,-1.105527638190953,0.7687244764051567
95,14.0,-0.9045226130653248,0.766566735801927
96,14.0,-0.7035175879396967,0.7641588984196245
97,14.0,-0.5025125628140685,0.7620465699207123
98,14.0,-0.3015075376884404,0.7605298004669302
99,14.0,-0.10050251256281229,0.7597496594016444
100,14.0,0.10050251256281584,0.7597607606696948
101,14.0,0.30150753768844396,0.76057750305532
102,14.0,0.5025125628140721,0.762178076747674
103,14.0,0.7035175879397002,0.7644787716901237
104,14.0,0.9045226130653283,0.7672543304599343
105,14.0,1.1055276381909565,0.7700568038253307
106,14.0,1.3065326633165846,0.7721614611680163
107,14.0,1.5075376884422127,0.7726648588435692
108,14.0,1.7085427135678408,0.770870087918934
109,14.0,1.909547738693469,0.7670367156940113
110,14.0,2.110552763819097,0.7632267824725313
111,14.0,2.311557788944725,0.7637764728477922
112,14.0,2.5125628140703533,0.7747614985337232
113,14.0,2.7135678391959814,0.8017447923565804
114,14.0,2.9145728643216096,0.8431257450306929
115,14.0,3.1155778894472377,0.8771152328669629
116,14.0,3.316582914572866,0.8632107304037486
117,14.0,3.517587939698494,0.8008986127524212
118,14.0,3.718592964824122,0.7605767314722393
119,14.0,3.91959798994975,0.8127632112684195
120,14.0,4.120603015075378,0.953035385271236
121,14.0,4.321608040201006,0.9311056303901009
122,14.0,4.5226130653266345,0.7583371977900136
123,14.0,4.723618090452263,0.8761240425853061
124,14.0,4.924623115577891,0.8269492886376523
125,14.0,5.125628140703519,0.7235920798299995
126,14.0,5.326633165829147,0.27739904562823403
127,14.0,5.527638190954775,0.47917820525840893
128,14.0,5.728643216080403,0.648346562263065
129,14.0,5.929648241206031,0.5833785707120288
130,14.0,6.1306532663316595,0.5380042892335208
131,14.0,6.331658291457288,0.43326223780082984
132,14.0,6.532663316582916,0.3389061567690803
133,14.0,6.733668341708544,0.2601548387039222
134,14.0,6.934673366834172,0.18453091947831257
135,14.0,7.1356783919598,0.07652883049582362
136,14.0,7.336683417085428,0.1234657547617904
137,14.0,7.537688442211056,0.010544370847746575
138,14.0,7.7386934673366845,0.13027099624149555
139,14.0,7.939698492462313,0.2431017478367641
140,14.0,8.14070351758794,0.34770695144958486
141,14.0,8.341708542713569,0.3589058680121063
142,14.0,8.542713567839197,0.3805072572247558
143,14.0,8.743718592964825,0.2945283156624692
144,14.0,8.944723618090453,0.18517303958364673
145,14.0,9.145728643216081,0.011742255597142606
146,14.0,9.34673366834171,0.22593639143077246
147,14.0,9.547738693467338,0.24237586168189648
148,14.0,9.748743718592966,0.0036172532616890827
149,14.0,9.949748743718594,0.11147926234906691
150,14.0,10.150753768844222,0.09075576289962298
151,14.0,10.35175879396985,0.23031945754110097
152,14.0,10.552763819095478,0.19966962179786588
153,14.0,10.753768844221106,0.2511315795702172
154,14.0,10.954773869346734,0.2711253596385038
155,14.0,11.155778894472363,0.2201030300471094
156,14.0,11.35678391959799,0.32640486439081745
157,14.0,11.557788944723619,0.369573210775305
158,14.0,11.758793969849247,0.04483268543914115
159,14.0,11.959798994974875,0.4660644981587661
160,14.0,12.160804020100507,0.08672815093810746
161,14.0,12.361809045226131,0.13644028102806002
162,14.0,12.562814070351763,0.09291498775629124
163,14.0,12.763819095477388,0.03708414219905984
164,14.0,12.96482412060302,0.331160823126261
165,14.0,13.165829145728644,0.11888029289056745
166,14.0,13.366834170854275,0.023186138019731965
167,14.0,13.5678391959799,0.43093697438093403
168,14.0,13.768844221105532,0.1509072451498813
169,14.0,13.969849246231156,0.0029454680173882216
170,14.0,14.170854271356788,0.49054980333306
171,14.0,14.371859296482413,0.09937924218543276
172,14.0,14.572864321608044,0.16279960274862262
173,14.0,14.773869346733669,0.07932622218097048
174,14.0,14.9748743718593,0.11128637091727235
175,14.0,15.175879396984925,0.023678269799255337
176,14.0,15.376884422110557,0.21412883075113476
177,14.0,15.577889447236181,0.11236583098882358
178,14.0,15.778894472361813,0.2015332145152961
179,14.0,15.979899497487438,0.23107230279586152
180,14.0,16.18090452261307,0.14443533898361344
181,14.0,16.381909547738694,0.1866626887625165
182,14.0,16.582914572864325,0.15860827154432042
183,14.0,16.78391959798995,0.46206045427935594
184,14.0,16.98492462311558,0.16027483328396422
185,14.0,17.185929648241206,0.02533499766401425
186,14.0,17.386934673366838,0.22174249269701282
187,14.0,17.587939698492463,0.05232667770609517
188,14.0,17.788944723618094,0.3329194610051857
189,14.0,17.98994974874372,0.08415722216013424
190,14.0,18.19095477386935,0.011036907862321758
191,14.0,18.391959798994975,0.10399428988189803
192,14.0,18.592964824120607,0.4423282078877063
193,14.0,18.79396984924623,0.07418863738416964
194,14.0,18.994974874371863,0.12613717638689653
195,14.0,19.195979899497488,0.44735784466021783
196,14.0,19.39698492462312,0.008858736713012584
197,14.0,19.597989949748744,0.32569565239529696
198,14.0,19.798994974874375,0.4068758070428142
199,14.0,20.0,0.06676567454145305
