,t,height,fid
0,15.0,-20.0,0.06105724881215573
1,15.0,-19.798994974874372,0.12020370751321438
2,15.0,-19.597989949748744,0.009122102873286094
3,15.0,-19.396984924623116,0.23177324461467122
4,15.0,-19.195979899497488,0.01580908587039807
5,15.0,-18.99497487437186,0.04802365431768506
6,15.0,-18.79396984924623,0.23569657500953037
7,15.0,-18.592964824120603,0.11089304349661652
8,15.0,-18.391959798994975,0.190301272901557
9,15.0,-18.190954773869347,0.32527712632002087
10,15.0,-17.98994974874372,0.03521150977167487
11,15.0,-17.78894472361809,0.18454144120299196
12,15.0,-17.587939698492463,0.08981748707600329
13,15.0,-17.386934673366834,0.008331633011689819
14,15.0,-17.185929648241206,0.5345383690407991
15,15.0,-16.984924623115578,0.01751412154729478
16,15.0,-16.78391959798995,0.04320022364244743
17,15.0,-16.582914572864322,0.47082278334273603
18,15.0,-16.381909547738694,0.04239083246840893
19,15.0,-16.180904522613066,0.38067328923467536
20,15.0,-15.979899497487438,0.11916756005679044
21,15.0,-15.77889447236181,0.32673652864789093
22,15.0,-15.577889447236181,0.1706188139464839
23,15.0,-15.376884422110553,0.11543637952959765
24,15.0,-15.175879396984925,0.24280687110281216
25,15.0,-14.974874371859297,0.11174127629036933
26,15.0,-14.773869346733669,0.2069797399823943
27,15.0,-14.57286432160804,0.07725125177086534
28,15.0,-14.371859296482413,0.1874521128788347
29,15.0,-14.170854271356784,0.10935891231511466
30,15.0,-13.969849246231156,0.3203033885917062
31,15.0,-13.768844221105528,0.08061252744889451
32,15.0,-13.5678391959799,0.19485398596699383
33,15.0,-13.366834170854272,0.45181253206598626
34,15.0,-13.165829145728644,0.01433989440891147
35,15.0,-12.964824120603016,0.12689166476969674
36,15.0,-12.763819095477388,0.3085746512566907
37,15.0,-12.56281407035176,0.06394873271097518
38,15.0,-12.361809045226131,0.5123706062960834
39,15.0,-12.160804020100503,0.05080003532129397
40,15.0,-11.959798994974873,0.008983648649789663
41,15.0,-11.758793969849245,0.2277813418655119
42,15.0,-11.557788944723617,0.0849396581736911
43,15.0,-11.356783919597989,0.4765064999053124
44,15.0,-11.15577889447236,0.04607725056116234
45,15.0,-10.954773869346733,0.447922258063057
46,15.0,-10.753768844221105,0.11223959396537339
47,15.0,-10.552763819095476,0.43707290719752456
48,15.0,-10.351758793969848,0.0719343092759574
49,15.0,-10.15075376884422,0.4120726069363058
50,15.0,-9.949748743718592,0.19291225615139593
51,15.0,-9.748743718592964,0.09143413592042109
52,15.0,-9.547738693467336,0.10242380519028123
53,15.0,-9.346733668341708,0.02051419081589221
54,15.0,-9.14572864321608,0.06975798746323969
55,15.0,-8.944723618090451,0.38904922041913753
56,15.0,-8.743718592964823,0.35433198697021534
57,15.0,-8.542713567839195,0.35012267146833875
58,15.0,-8.341708542713567,0.4832571207332606
59,15.0,-8.140703517587939,0.3784214113412584
60,15.0,-7.939698492462311,0.3692886873543947
61,15.0,-7.738693467336683,0.2877220417522702
62,15.0,-7.537688442211055,0.10811308807105659
63,15.0,-7.3366834170854265,0.10692891498226847
64,15.0,-7.135678391959798,0.03209803608492717
65,15.0,-6.93467336683417,0.1062481269501959
66,15.0,-6.733668341708542,0.1462524510343867
67,15.0,-6.532663316582914,0.21195116676621276
68,15.0,-6.331658291457286,0.2971392882040338
69,15.0,-6.130653266331658,0.4011756501238377
70,15.0,-5.92964824120603,0.4991268936273117
71,15.0,-5.7286432160804015,0.6319018665122894
72,15.0,-5.527638190954773,0.5647147869107155
73,15.0,-5.326633165829145,0.3746544923468066
74,15.0,-5.125628140703517,0.7323430113460084
75,15.0,-4.924623115577889,0.7907410202628723
76,15.0,-4.723618090452261,0.7911575696770162
77,15.0,-4.522613065326633,0.8133276313438986
78,15.0,-4.321608040201005,0.965115745511147
79,15.0,-4.1206030150753765,0.8213097158737392
80,15.0,-3.9195979899497466,0.7427501695208961
81,15.0,-3.7185929648241185,0.8056038462647878
82,15.0,-3.5175879396984904,0.8882870739829022
83,15.0,-3.3165829145728623,0.8737528806247363
84,15.0,-3.115577889447234,0.8109104977266683
85,15.0,-2.914572864321606,0.7679602026055586
86,15.0,-2.713567839195978,0.7563080671563347
87,15.0,-2.5125628140703498,0.764388024277799
88,15.0,-2.3115577889447216,0.7779624145305788
89,15.0,-2.1105527638190935,0.7872076130947077
90,15.0,-1.9095477386934654,0.7890294074083163
91,15.0,-1.7085427135678373,0.785225794399122
92,15.0,-1.5075376884422091,0.779026081174494
93,15.0,-1.306532663316581,0.7728450351076419
94,15.0,-1.105527638190953,0.7678505957437062
95,15.0,-0.9045226130653248,0.7643083762465807
96,15.0,-0.7035175879396967,0.7620227576709111
97,15.0,-0.5025125628140685,0.7606670876867943
98,15.0,-0.3015075376884404,0.7599446949277657
99,15.0,-0.10050251256281229,0.7596629084690026
100,15.0,0.10050251256281584,0.7597323795612848
101,15.0,0.30150753768844396,0.7601798611045792
102,15.0,0.5025125628140721,0.7611505663013453
103,15.0,0.7035175879397002,0.7629202377444639
104,15.0,0.9045226130653283,0.7658752904171969
105,15.0,1.1055276381909565,0.770446680557879
106,15.0,1.3065326633165846,0.7769192991025459
107,15.0,1.5075376884422127,0.7850451693380036
108,15.0,1.7085427135678408,0.793459486135191
109,15.0,1.909547738693469,0.7992055202465657
110,15.0,2.110552763819097,0.7982447074223656
111,15.0,2.311557788944725,0.788106976354256
112,15.0,2.5125628140703533,0.772022510321299
113,15.0,2.7135678391959814,0.7608690962209493
114,15.0,2.9145728643216096,0.7703811166681725
115,15.0,3.1155778894472377,0.8138769025278312
116,15.0,3.316582914572866,0.8817828593736973
117,15.0,3.517587939698494,0.9042892899034881
118,15.0,3.718592964824122,0.8251062186842805
119,15.0,3.91959798994975,0.7613264744563977
120,15.0,4.120603015075378,0.8400675654124802
121,15.0,4.321608040201006,0.9896712083623201
122,15.0,4.5226130653266345,0.821907388348665
123,15.0,4.723618090452263,0.808451480204671
124,15.0,4.924623115577891,0.8457131329314055
125,15.0,5.125628140703519,0.7469045724669225
126,15.0,5.326633165829147,0.3844638335725608
127,15.0,5.527638190954775,0.5756309494855931
128,15.0,5.728643216080403,0.6368857999069624
129,15.0,5.929648241206031,0.5080208720952001
130,15.0,6.1306532663316595,0.41221937506901485
131,15.0,6.331658291457288,0.30248008036897833
132,15.0,6.532663316582916,0.21716377000803594
133,15.0,6.733668341708544,0.15383210586077428
134,15.0,6.934673366834172,0.10308635094088522
135,15.0,7.1356783919598,0.03118483726410737
136,15.0,7.336683417085428,0.10951875727385867
137,15.0,7.537688442211056,0.10945072984859941
138,15.0,7.7386934673366845,0.29611819471474976
139,15.0,7.939698492462313,0.3644614479656558
140,15.0,8.14070351758794,0.372294103003176
141,15.0,8.341708542713569,0.48289815234223243
142,15.0,8.542713567839197,0.35186915465399154
143,15.0,8.743718592964825,0.37020998454771614
144,15.0,8.944723618090453,0.38826971404422855
145,15.0,9.145728643216081,0.0722718082778185
146,15.0,9.34673366834171,0.018680630798910736
147,15.0,9.547738693467338,0.1048598577634068
148,15.0,9.748743718592966,0.09503461924720114
149,15.0,9.949748743718594,0.19616083307456536
150,15.0,10.150753768844222,0.4266090670620104
151,15.0,10.35175879396985,0.06667144800025847
152,15.0,10.552763819095478,0.4594296345308311
153,15.0,10.753768844221106,0.10365985388111641
154,15.0,10.954773869346734,0.47240064739672577
155,15.0,11.155778894472363,0.0481562103025418
156,15.0,11.35678391959799,0.4883495396618466
157,15.0,11.557788944723619,0.08208705002925272
158,15.0,11.758793969849247,0.22905026135416967
159,15.0,11.959798994974875,0.011569051354097162
160,15.0,12.160804020100507,0.04865826149525356
161,15.0,12.361809045226131,0.5348206739044824
162,15.0,12.562814070351763,0.0659948261203064
163,15.0,12.763819095477388,0.3111423540497296
164,15.0,12.96482412060302,0.12760917880088354
165,15.0,13.165829145728644,0.015170566223387196
166,15.0,13.366834170854275,0.4701036974783237
167,15.0,13.5678391959799,0.1886395395519823
168,15.0,13.768844221105532,0.08140955347807027
169,15.0,13.969849246231156,0.33902915256277083
170,15.0,14.170854271356788,0.10806508308072803
171,15.0,14.371859296482413,0.18576744813127855
172,15.0,14.572864321608044,0.08807694094211431
173,15.0,14.773869346733669,0.2015499871044086
174,15.0,14.9748743718593,0.10802622270895844
175,15.0,15.175879396984925,0.2614591480861568
176,15.0,15.376884422110557,0.10611768202900228
177,15.0,15.577889447236181,0.1608046173945684
178,15.0,15.778894472361813,0.3357649044862035
179,15.0,15.979899497487438,0.11461174397237683
180,15.0,16.18090452261307,0.3882918653786575
181,15.0,16.381909547738694,0.042033053783518265
182,15.0,16.582914572864325,0.48422553474857305
183,15.0,16.78391959798995,0.04050649515981941
184,15.0,16.98492462311558,0.019573151702913093
185,15.0,17.185929648241206,0.5749106344240354
186,15.0,17.386934673366838,0.008132931275249857
187,15.0,17.587939698492463,0.08675681533000185
188,15.0,17.788944723618094,0.17922175206382346
189,15.0,17.98994974874372,0.030180716842310728
190,15.0,18.19095477386935,0.3290776827291429
191,15.0,18.391959798994975,0.18856067330195772
192,15.0,18.592964824120607,0.11147486407268001
193,15.0,18.79396984924623,0.24174247031054788
194,15.0,18.994974874371863,0.051125012560576576
195,15.0,19.195979899497488,0.012098155692069679
196,15.0,19.39698492462312,0.23180715532136337
197,15.0,19.597989949748744,0.012678376468237954
198,15.0,19.798994974874375,0.11825515395830594
199,15.0,20.0,0.061209062393010084
