,t,height,fid
0,16.0,-20.0,0.3974374245873543
1,16.0,-19.798994974874372,0.25825373974480537
2,16.0,-19.597989949748744,0.20356298237665607
3,16.0,-19.396984924623116,0.06306777645651149
4,16.0,-19.195979899497488,0.3217665021279256
5,16.0,-18.99497487437186,0.07263150937363659
6,16.0,-18.79396984924623,0.08378412746992765
7,16.0,-18.592964824120603,0.19070533752731483
8,16.0,-18.391959798994975,0.0819401433121094
9,16.0,-18.190954773869347,0.06713124179434646
10,16.0,-17.98994974874372,0.36213976885375637
11,16.0,-17.78894472361809,0.27618982394336405
12,16.0,-17.587939698492463,0.1011965460589286
13,16.0,-17.386934673366834,0.1980034594249483
14,16.0,-17.185929648241206,0.013480639063227745
15,16.0,-16.984924623115578,0.29351695707900716
16,16.0,-16.78391959798995,0.10372926360900615
17,16.0,-16.582914572864322,0.07345712579907086
18,16.0,-16.381909547738694,0.08380236227236934
19,16.0,-16.180904522613066,0.007359293394747891
20,16.0,-15.979899497487438,0.32416007079835524
21,16.0,-15.77889447236181,0.006733590709773618
22,16.0,-15.577889447236181,0.20002254702163885
23,16.0,-15.376884422110553,0.2069835236102409
24,16.0,-15.175879396984925,0.3543720838023942
25,16.0,-14.974874371859297,0.25608246515026994
26,16.0,-14.773869346733669,0.21187576653082285
27,16.0,-14.57286432160804,0.18963834964813053
28,16.0,-14.371859296482413,0.21368520560417634
29,16.0,-14.170854271356784,0.028003174022559637
30,16.0,-13.969849246231156,0.2903201275653937
31,16.0,-13.768844221105528,0.2118110354625462
32,16.0,-13.5678391959799,0.14869283544305914
33,16.0,-13.366834170854272,0.12363533593320203
34,16.0,-13.165829145728644,0.40508336119468513
35,16.0,-12.964824120603016,0.12387526708140817
36,16.0,-12.763819095477388,0.21136570936840812
37,16.0,-12.56281407035176,0.36425888042357324
38,16.0,-12.361809045226131,0.2176364953974056
39,16.0,-12.160804020100503,0.4315755424157386
40,16.0,-11.959798994974873,0.03327420519455317
41,16.0,-11.758793969849245,0.4642714369315318
42,16.0,-11.557788944723617,0.033174514673496844
43,16.0,-11.356783919597989,0.03730944565056623
44,16.0,-11.15577889447236,0.05902269223646908
45,16.0,-10.954773869346733,0.0701925193162343
46,16.0,-10.753768844221105,0.1436136967905979
47,16.0,-10.552763819095476,0.25183189554295193
48,16.0,-10.351758793969848,0.3126209875008602
49,16.0,-10.15075376884422,0.3931576742947743
50,16.0,-9.949748743718592,0.05586896284864467
51,16.0,-9.748743718592964,0.38864532953784386
52,16.0,-9.547738693467336,0.28593902111201336
53,16.0,-9.346733668341708,0.1204459437314118
54,16.0,-9.14572864321608,0.12934196677452642
55,16.0,-8.944723618090451,0.1415368671524657
56,16.0,-8.743718592964823,0.1628735415737396
57,16.0,-8.542713567839195,0.029463624940169963
58,16.0,-8.341708542713567,0.07984125525406774
59,16.0,-8.140703517587939,0.31069212723201384
60,16.0,-7.939698492462311,0.3678835166421693
61,16.0,-7.738693467336683,0.3928551035528018
62,16.0,-7.537688442211055,0.2914011602152795
63,16.0,-7.3366834170854265,0.01910519183774392
64,16.0,-7.135678391959798,0.024433440541695706
65,16.0,-6.93467336683417,0.05166882004900622
66,16.0,-6.733668341708542,0.08491210666958873
67,16.0,-6.532663316582914,0.12643550938714324
68,16.0,-6.331658291457286,0.19037118203023348
69,16.0,-6.130653266331658,0.28938486250547846
70,16.0,-5.92964824120603,0.4039810095776794
71,16.0,-5.7286432160804015,0.5458157743532945
72,16.0,-5.527638190954773,0.5982105395118726
73,16.0,-5.326633165829145,0.47581757977992406
74,16.0,-5.125628140703517,0.7456416254056636
75,16.0,-4.924623115577889,0.8002351825940018
76,16.0,-4.723618090452261,0.7394029015788703
77,16.0,-4.522613065326633,0.9107448464871232
78,16.0,-4.321608040201005,0.9002734149683063
79,16.0,-4.1206030150753765,0.7582394207426213
80,16.0,-3.9195979899497466,0.8086198478146178
81,16.0,-3.7185929648241185,0.9044879872866224
82,16.0,-3.5175879396984904,0.8576442507083213
83,16.0,-3.3165829145728623,0.780631836509829
84,16.0,-3.115577889447234,0.7571575750638719
85,16.0,-2.914572864321606,0.7763747435219845
86,16.0,-2.713567839195978,0.8062212263042902
87,16.0,-2.5125628140703498,0.8202289909406293
88,16.0,-2.3115577889447216,0.812777586951087
89,16.0,-2.1105527638190935,0.7946939186740671
90,16.0,-1.9095477386934654,0.7772994256950599
91,16.0,-1.7085427135678373,0.7655129727392229
92,16.0,-1.5075376884422091,0.7594713297027154
93,16.0,-1.306532663316581,0.7574202495989892
94,16.0,-1.105527638190953,0.7574086777166661
95,16.0,-0.9045226130653248,0.758097995817713
96,16.0,-0.7035175879396967,0.7587716892584826
97,16.0,-0.5025125628140685,0.75920669251863
98,16.0,-0.3015075376884404,0.7594320275721845
99,16.0,-0.10050251256281229,0.7595781907437266
100,16.0,0.10050251256281584,0.7597444215284852
101,16.0,0.30150753768844396,0.759968940094548
102,16.0,0.5025125628140721,0.7602237963052344
103,16.0,0.7035175879397002,0.760470706669017
104,16.0,0.9045226130653283,0.7607391061709672
105,16.0,1.1055276381909565,0.7612934027390137
106,16.0,1.3065326633165846,0.7628030284175398
107,16.0,1.5075376884422127,0.766482377689378
108,16.0,1.7085427135678408,0.7739678909809853
109,16.0,1.909547738693469,0.7866794153600752
110,16.0,2.110552763819097,0.804140179071208
111,16.0,2.311557788944725,0.8211003292366146
112,16.0,2.5125628140703533,0.8260915274482649
113,16.0,2.7135678391959814,0.808868051291357
114,16.0,2.9145728643216096,0.7771577126118068
115,16.0,3.1155778894472377,0.7602304046388275
116,16.0,3.316582914572866,0.79139086056797
117,16.0,3.517587939698494,0.87955641849729
118,16.0,3.718592964824122,0.9313498039238439
119,16.0,3.91959798994975,0.823380535576072
120,16.0,4.120603015075378,0.7638135695201769
121,16.0,4.321608040201006,0.9144092602751912
122,16.0,4.5226130653266345,0.9397626841744797
123,16.0,4.723618090452263,0.7610160299452532
124,16.0,4.924623115577891,0.849888289434732
125,16.0,5.125628140703519,0.7519716242147735
126,16.0,5.326633165829147,0.4778782661620433
127,16.0,5.527638190954775,0.6024522718854944
128,16.0,5.728643216080403,0.5608484933426837
129,16.0,5.929648241206031,0.4013984344852641
130,16.0,6.1306532663316595,0.29385997700510763
131,16.0,6.331658291457288,0.1953091994180599
132,16.0,6.532663316582916,0.1278173570974653
133,16.0,6.733668341708544,0.08300025196431207
134,16.0,6.934673366834172,0.05060884431836805
135,16.0,7.1356783919598,0.028845354644576618
136,16.0,7.336683417085428,0.024535618775016185
137,16.0,7.537688442211056,0.3061973857784635
138,16.0,7.7386934673366845,0.3938218300449898
139,16.0,7.939698492462313,0.3785447506676149
140,16.0,8.14070351758794,0.32224475390668733
141,16.0,8.341708542713569,0.08233208419543979
142,16.0,8.542713567839197,0.03302132554462979
143,16.0,8.743718592964825,0.1576592228763857
144,16.0,8.944723618090453,0.1519975845889229
145,16.0,9.145728643216081,0.13002248373564748
146,16.0,9.34673366834171,0.11949542511332951
147,16.0,9.547738693467338,0.29318408508884153
148,16.0,9.748743718592966,0.40289683204658766
149,16.0,9.949748743718594,0.05893088959258375
150,16.0,10.150753768844222,0.39414001873251175
151,16.0,10.35175879396985,0.32213512323615534
152,16.0,10.552763819095478,0.25734247902404
153,16.0,10.753768844221106,0.1444938418980682
154,16.0,10.954773869346734,0.06330664851422986
155,16.0,11.155778894472363,0.054794532847203425
156,16.0,11.35678391959799,0.039163028293330224
157,16.0,11.557788944723619,0.035852356131173324
158,16.0,11.758793969849247,0.473950306506008
159,16.0,11.959798994974875,0.03361300694278343
160,16.0,12.160804020100507,0.44905592047453724
161,16.0,12.361809045226131,0.21398331121126773
162,16.0,12.562814070351763,0.383302432706439
163,16.0,12.763819095477388,0.21175425833260028
164,16.0,12.96482412060302,0.11883645622812086
165,16.0,13.165829145728644,0.40855492061932835
166,16.0,13.366834170854275,0.12288292480032799
167,16.0,13.5678391959799,0.1645562817586754
168,16.0,13.768844221105532,0.22326499376626482
169,16.0,13.969849246231156,0.3001187084622045
170,16.0,14.170854271356788,0.03275226479260357
171,16.0,14.371859296482413,0.21348885674425636
172,16.0,14.572864321608044,0.19472256855577666
173,16.0,14.773869346733669,0.22985177909782326
174,16.0,14.9748743718593,0.2662900223258028
175,16.0,15.175879396984925,0.3657812806981598
176,16.0,15.376884422110557,0.22196863757066657
177,16.0,15.577889447236181,0.19835740383102232
178,16.0,15.778894472361813,0.007103914818991984
179,16.0,15.979899497487438,0.3279876639304646
180,16.0,16.18090452261307,0.009936094377487293
181,16.0,16.381909547738694,0.08843994563367254
182,16.0,16.582914572864325,0.0700572718712338
183,16.0,16.78391959798995,0.09781457758925916
184,16.0,16.98492462311558,0.30372422482027744
185,16.0,17.185929648241206,0.016116780497130168
186,16.0,17.386934673366838,0.1979512859662852
187,16.0,17.587939698492463,0.09530444339069138
188,16.0,17.788944723618094,0.26733802598707296
189,16.0,17.98994974874372,0.3632804507283554
190,16.0,18.19095477386935,0.060109545341697934
191,16.0,18.391959798994975,0.09693871816283162
192,16.0,18.592964824120607,0.19139368955406694
193,16.0,18.79396984924623,0.08742664825718939
194,16.0,18.994974874371863,0.0717454081346307
195,16.0,19.195979899497488,0.3517739593447503
196,16.0,19.39698492462312,0.06710120414668486
197,16.0,19.597989949748744,0.20744676115501637
198,16.0,19.798994974874375,0.26923096218517745
199,16.0,20.0,0.3898629264989833
