,t,height,fid
0,17.0,-20.0,0.048991037834875
1,17.0,-19.798994974874372,0.2215480129409192
2,17.0,-19.597989949748744,0.12507878046887266
3,17.0,-19.396984924623116,0.3842651182667951
4,17.0,-19.195979899497488,0.013309162302257852
5,17.0,-18.99497487437186,0.12488675935650606
6,17.0,-18.79396984924623,0.10722352357854863
7,17.0,-18.592964824120603,0.2957704630961841
8,17.0,-18.391959798994975,0.12990041496708882
9,17.0,-18.190954773869347,0.10940213234965605
10,17.0,-17.98994974874372,0.08544778266641398
11,17.0,-17.78894472361809,0.19705013943155705
12,17.0,-17.587939698492463,0.0580611446035508
13,17.0,-17.386934673366834,0.09768891371330171
14,17.0,-17.185929648241206,0.40035561352042903
15,17.0,-16.984924623115578,0.10579270786940301
16,17.0,-16.78391959798995,0.2632547809716829
17,17.0,-16.582914572864322,0.387606481001161
18,17.0,-16.381909547738694,0.16872432838875812
19,17.0,-16.180904522613066,0.2835096725409982
20,17.0,-15.979899497487438,0.03197551601780612
21,17.0,-15.77889447236181,0.41251834166925844
22,17.0,-15.577889447236181,0.01618166057403732
23,17.0,-15.376884422110553,0.0470146155680364
24,17.0,-15.175879396984925,0.11696278620467114
25,17.0,-14.974874371859297,0.21553046342139465
26,17.0,-14.773869346733669,0.05837918854270267
27,17.0,-14.57286432160804,0.3923462695987814
28,17.0,-14.371859296482413,0.10659662818367667
29,17.0,-14.170854271356784,0.26680801863754544
30,17.0,-13.969849246231156,0.002249710101546114
31,17.0,-13.768844221105528,0.3181327877667293
32,17.0,-13.5678391959799,0.13547066355201942
33,17.0,-13.366834170854272,0.07816754960594081
34,17.0,-13.165829145728644,0.15738902373895944
35,17.0,-12.964824120603016,0.12428776552742457
36,17.0,-12.763819095477388,0.10443419470198079
37,17.0,-12.56281407035176,0.2961661809536947
38,17.0,-12.361809045226131,0.017900720849395816
39,17.0,-12.160804020100503,0.1553165028873701
40,17.0,-11.959798994974873,0.46466884073150194
41,17.0,-11.758793969849245,0.1896034767638309
42,17.0,-11.557788944723617,0.440104532367072
43,17.0,-11.356783919597989,0.024967392420264793
44,17.0,-11.15577889447236,0.3819489467860498
45,17.0,-10.954773869346733,0.02072164617009516
46,17.0,-10.753768844221105,0.3248918088158781
47,17.0,-10.552763819095476,0.06521643378866206
48,17.0,-10.351758793969848,0.41108672201725427
49,17.0,-10.15075376884422,0.07354303855197462
50,17.0,-9.949748743718592,0.35514300136616894
51,17.0,-9.748743718592964,0.4426194995351552
52,17.0,-9.547738693467336,0.11832012252525903
53,17.0,-9.346733668341708,0.11422504340434504
54,17.0,-9.14572864321608,0.2661047940583377
55,17.0,-8.944723618090451,0.09997075869965952
56,17.0,-8.743718592964823,0.0023023822218661725
57,17.0,-8.542713567839195,0.0034044648014897867
58,17.0,-8.341708542713567,0.05835205714167602
59,17.0,-8.140703517587939,0.0779660120151362
60,17.0,-7.939698492462311,0.2779478837074401
61,17.0,-7.738693467336683,0.36376127515284473
62,17.0,-7.537688442211055,0.4219307078578513
63,17.0,-7.3366834170854265,0.16428436868752241
64,17.0,-7.135678391959798,0.006005491930579558
65,17.0,-6.93467336683417,0.027531772411897047
66,17.0,-6.733668341708542,0.06533455544356379
67,17.0,-6.532663316582914,0.08495772304064877
68,17.0,-6.331658291457286,0.12362808903339181
69,17.0,-6.130653266331658,0.20285160790176426
70,17.0,-5.92964824120603,0.2896335289514995
71,17.0,-5.7286432160804015,0.4520242987497079
72,17.0,-5.527638190954773,0.5543961978847561
73,17.0,-5.326633165829145,0.5384520241959373
74,17.0,-5.125628140703517,0.7211826139429727
75,17.0,-4.924623115577889,0.8041062162264395
76,17.0,-4.723618090452261,0.7486282466803235
77,17.0,-4.522613065326633,0.944760650077459
78,17.0,-4.321608040201005,0.7959545132882211
79,17.0,-4.1206030150753765,0.786141695009388
80,17.0,-3.9195979899497466,0.9266530610302324
81,17.0,-3.7185929648241185,0.8684544948998956
82,17.0,-3.5175879396984904,0.7652038762846454
83,17.0,-3.3165829145728623,0.7525922329074799
84,17.0,-3.115577889447234,0.8015062523732589
85,17.0,-2.914572864321606,0.8440685355870606
86,17.0,-2.713567839195978,0.8394144812104831
87,17.0,-2.5125628140703498,0.8065405370271715
88,17.0,-2.3115577889447216,0.7760183699546603
89,17.0,-2.1105527638190935,0.7592603499904232
90,17.0,-1.9095477386934654,0.7545908793841343
91,17.0,-1.7085427135678373,0.7565194886748908
92,17.0,-1.5075376884422091,0.7602217531491567
93,17.0,-1.306532663316581,0.7629667554383358
94,17.0,-1.105527638190953,0.7639542000505853
95,17.0,-0.9045226130653248,0.7635073821308987
96,17.0,-0.7035175879396967,0.7623177632200245
97,17.0,-0.5025125628140685,0.7610124048705154
98,17.0,-0.3015075376884404,0.7600224185031563
99,17.0,-0.10050251256281229,0.7596063592399483
100,17.0,0.10050251256281584,0.7598873189091416
101,17.0,0.30150753768844396,0.7609108656993934
102,17.0,0.5025125628140721,0.7626237247143695
103,17.0,0.7035175879397002,0.7648532021374842
104,17.0,0.9045226130653283,0.7671913323097949
105,17.0,1.1055276381909565,0.7689456869088991
106,17.0,1.3065326633165846,0.7692883223691946
107,17.0,1.5075376884422127,0.767608694781441
108,17.0,1.7085427135678408,0.7643465526508137
109,17.0,1.909547738693469,0.7619017053836877
110,17.0,2.110552763819097,0.7649698386791342
111,17.0,2.311557788944725,0.7794603753029267
112,17.0,2.5125628140703533,0.8084122348569371
113,17.0,2.7135678391959814,0.8425189425508572
114,17.0,2.9145728643216096,0.8515059977114386
115,17.0,3.1155778894472377,0.8132398469165567
116,17.0,3.316582914572866,0.7667817626499003
117,17.0,3.517587939698494,0.7816053177160757
118,17.0,3.718592964824122,0.8880255092263629
119,17.0,3.91959798994975,0.9422087476478381
120,17.0,4.120603015075378,0.7879616518248741
121,17.0,4.321608040201006,0.8096894082600173
122,17.0,4.5226130653266345,0.9913358777155339
123,17.0,4.723618090452263,0.7625975732724419
124,17.0,4.924623115577891,0.839874779446223
125,17.0,5.125628140703519,0.7376322531997389
126,17.0,5.326633165829147,0.5418955801615409
127,17.0,5.527638190954775,0.5677917615450231
128,17.0,5.728643216080403,0.4612847847849807
129,17.0,5.929648241206031,0.29588307247999596
130,17.0,6.1306532663316595,0.2004529836949287
131,17.0,6.331658291457288,0.12174308320678126
132,17.0,6.532663316582916,0.08200206450758228
133,17.0,6.733668341708544,0.06554912689644547
134,17.0,6.934673366834172,0.03209692345414842
135,17.0,7.1356783919598,0.007348695885026228
136,17.0,7.336683417085428,0.16411260079772022
137,17.0,7.537688442211056,0.4207589624613551
138,17.0,7.7386934673366845,0.3750459095147565
139,17.0,7.939698492462313,0.2760472640661848
140,17.0,8.14070351758794,0.07009407291834534
141,17.0,8.341708542713569,0.058700642463681924
142,17.0,8.542713567839197,0.004160264922652384
143,17.0,8.743718592964825,0.003236886866298665
144,17.0,8.944723618090453,0.10064754901265165
145,17.0,9.145728643216081,0.2791633594569689
146,17.0,9.34673366834171,0.11911800263363115
147,17.0,9.547738693467338,0.1200748003139581
148,17.0,9.748743718592966,0.44804564306207995
149,17.0,9.949748743718594,0.3610076100202792
150,17.0,10.150753768844222,0.07856923573620032
151,17.0,10.35175879396985,0.40366864183025003
152,17.0,10.552763819095478,0.06613083347142815
153,17.0,10.753768844221106,0.3331290348055927
154,17.0,10.954773869346734,0.02304875105550398
155,17.0,11.155778894472363,0.3972004927502338
156,17.0,11.35678391959799,0.024506306421653898
157,17.0,11.557788944723619,0.43940218610984755
158,17.0,11.758793969849247,0.196492445220343
159,17.0,11.959798994974875,0.4802171746351936
160,17.0,12.160804020100507,0.1565925611696565
161,17.0,12.361809045226131,0.020345538038669352
162,17.0,12.562814070351763,0.2882942294478908
163,17.0,12.763819095477388,0.10880822485860851
164,17.0,12.96482412060302,0.12954567885773208
165,17.0,13.165829145728644,0.16453142058672215
166,17.0,13.366834170854275,0.08193748857064341
167,17.0,13.5678391959799,0.1513977496740825
168,17.0,13.768844221105532,0.313179912633324
169,17.0,13.969849246231156,0.0019320545004909342
170,17.0,14.170854271356788,0.2677266421697317
171,17.0,14.371859296482413,0.10772626537024124
172,17.0,14.572864321608044,0.3880274303589364
173,17.0,14.773869346733669,0.05448698292967477
174,17.0,14.9748743718593,0.2231223869459167
175,17.0,15.175879396984925,0.11991833236337204
176,17.0,15.376884422110557,0.052346199831757596
177,17.0,15.577889447236181,0.01683320012082783
178,17.0,15.778894472361813,0.42994174052448664
179,17.0,15.979899497487438,0.03654330525223623
180,17.0,16.18090452261307,0.2924479042985394
181,17.0,16.381909547738694,0.17733102076832402
182,17.0,16.582914572864325,0.3983573247824299
183,17.0,16.78391959798995,0.2586217761942908
184,17.0,16.98492462311558,0.10588831284566198
185,17.0,17.185929648241206,0.40244755241318636
186,17.0,17.386934673366838,0.09839255959522374
187,17.0,17.587939698492463,0.05950533554686618
188,17.0,17.788944723618094,0.19849795744529203
189,17.0,17.98994974874372,0.0854532272261862
190,17.0,18.19095477386935,0.1174649005394956
191,17.0,18.391959798994975,0.12920456804335217
192,17.0,18.592964824120607,0.3202625296794029
193,17.0,18.79396984924623,0.10821324998689529
194,17.0,18.994974874371863,0.1373990089213856
195,17.0,19.195979899497488,0.011551655553876166
196,17.0,19.39698492462312,0.4056092953591629
197,17.0,19.597989949748744,0.12784348465936837
198,17.0,19.798994974874375,0.21436866149497713
199,17.0,20.0,0.05860459527048606
