,t,height,fid
0,18.0,-20.0,0.3479150365385492
1,18.0,-19.798994974874372,0.051518045215496244
2,18.0,-19.597989949748744,0.2628463429918818
3,18.0,-19.396984924623116,0.008246221601497116
4,18.0,-19.195979899497488,0.18696410397915142
5,18.0,-18.99497487437186,0.12424524350832387
6,18.0,-18.79396984924623,0.38351027534191656
7,18.0,-18.592964824120603,0.12941278827623914
8,18.0,-18.391959798994975,0.05856771018793027
9,18.0,-18.190954773869347,0.2633636268798566
10,18.0,-17.98994974874372,0.40215696310264953
11,18.0,-17.78894472361809,0.09663343209665777
12,18.0,-17.587939698492463,0.15659189063761839
13,18.0,-17.386934673366834,0.11991239106539378
14,18.0,-17.185929648241206,0.09840599507057247
15,18.0,-16.984924623115578,0.15219881954237216
16,18.0,-16.78391959798995,0.15485270889959488
17,18.0,-16.582914572864322,0.08404081569879276
18,18.0,-16.381909547738694,0.166506098093421
19,18.0,-16.180904522613066,0.0567496649384116
20,18.0,-15.979899497487438,0.09368795301730874
21,18.0,-15.77889447236181,0.11707179781721756
22,18.0,-15.577889447236181,0.5679502381639434
23,18.0,-15.376884422110553,0.014961439548754339
24,18.0,-15.175879396984925,0.13790661972422402
25,18.0,-14.974874371859297,0.012023042757886852
26,18.0,-14.773869346733669,0.3249977894361322
27,18.0,-14.57286432160804,0.002234460738764183
28,18.0,-14.371859296482413,0.4438071251016318
29,18.0,-14.170854271356784,0.06561590531981445
30,18.0,-13.969849246231156,0.14541373954034836
31,18.0,-13.768844221105528,0.23435396680317336
32,18.0,-13.5678391959799,0.17364550890621613
33,18.0,-13.366834170854272,0.3282528371695126
34,18.0,-13.165829145728644,0.07127405975901922
35,18.0,-12.964824120603016,0.17625723716545452
36,18.0,-12.763819095477388,0.09985850663460119
37,18.0,-12.56281407035176,0.015859762515891638
38,18.0,-12.361809045226131,0.3147576541351601
39,18.0,-12.160804020100503,0.14461417769567078
40,18.0,-11.959798994974873,0.22623673573228575
41,18.0,-11.758793969849245,0.05721404603766762
42,18.0,-11.557788944723617,0.16221010144255496
43,18.0,-11.356783919597989,0.1944482673103
44,18.0,-11.15577889447236,0.20392963825341953
45,18.0,-10.954773869346733,0.057895817563026114
46,18.0,-10.753768844221105,0.19565045773713324
47,18.0,-10.552763819095476,0.005107327812039689
48,18.0,-10.351758793969848,0.18581594709484164
49,18.0,-10.15075376884422,0.051464327110005016
50,18.0,-9.949748743718592,0.4132649499499462
51,18.0,-9.748743718592964,0.1633860850906856
52,18.0,-9.547738693467336,0.1867593072037119
53,18.0,-9.346733668341708,0.415157519454221
54,18.0,-9.14572864321608,0.5554659299376086
55,18.0,-8.944723618090451,0.16322022598012864
56,18.0,-8.743718592964823,0.1294811388464904
57,18.0,-8.542713567839195,0.100911506290703
58,18.0,-8.341708542713567,0.10443223408182499
59,18.0,-8.140703517587939,0.1908366881800213
60,18.0,-7.939698492462311,0.09047437531454562
61,18.0,-7.738693467336683,0.37844829968415394
62,18.0,-7.537688442211055,0.39856623554698223
63,18.0,-7.3366834170854265,0.3168891443472171
64,18.0,-7.135678391959798,0.08849278772051597
65,18.0,-6.93467336683417,0.02964642526791949
66,18.0,-6.733668341708542,0.08073317802440874
67,18.0,-6.532663316582914,0.09767027195885848
68,18.0,-6.331658291457286,0.09158969075497203
69,18.0,-6.130653266331658,0.10492468659392142
70,18.0,-5.92964824120603,0.20768833972982814
71,18.0,-5.7286432160804015,0.3515847424677148
72,18.0,-5.527638190954773,0.47733632428012385
73,18.0,-5.326633165829145,0.5441822986918413
74,18.0,-5.125628140703517,0.6760233145963
75,18.0,-4.924623115577889,0.7900574365801566
76,18.0,-4.723618090452261,0.8129623052363368
77,18.0,-4.522613065326633,0.9027167058851839
78,18.0,-4.321608040201005,0.741728683623549
79,18.0,-4.1206030150753765,0.8920781686390395
80,18.0,-3.9195979899497466,0.9107984880372916
81,18.0,-3.7185929648241185,0.7791625546037728
82,18.0,-3.5175879396984904,0.7614676198741961
83,18.0,-3.3165829145728623,0.8286128538221327
84,18.0,-3.115577889447234,0.8605112370107274
85,18.0,-2.914572864321606,0.8225395176292297
86,18.0,-2.713567839195978,0.7784337747720561
87,18.0,-2.5125628140703498,0.7600195378860969
88,18.0,-2.3115577889447216,0.7628074888680618
89,18.0,-2.1105527638190935,0.7733040614911467
90,18.0,-1.9095477386934654,0.7810403871684535
91,18.0,-1.7085427135678373,0.7823153661643645
92,18.0,-1.5075376884422091,0.778665246809198
93,18.0,-1.306532663316581,0.7731295836702389
94,18.0,-1.105527638190953,0.767941598198447
95,18.0,-0.9045226130653248,0.764051186718637
96,18.0,-0.7035175879396967,0.761550988205965
97,18.0,-0.5025125628140685,0.7601683912321157
98,18.0,-0.3015075376884404,0.7595678500402099
99,18.0,-0.10050251256281229,0.7595148430646085
100,18.0,0.10050251256281584,0.7599030493903416
101,18.0,0.30150753768844396,0.7607686904673828
102,18.0,0.5025125628140721,0.7622796570679294
103,18.0,0.7035175879397002,0.7647187700326703
104,18.0,0.9045226130653283,0.7684056798098341
105,18.0,1.1055276381909565,0.7735243350149571
106,18.0,1.3065326633165846,0.779763223625921
107,18.0,1.5075376884422127,0.7857954315774182
108,18.0,1.7085427135678408,0.788941957780909
109,18.0,1.909547738693469,0.7859506784329392
110,18.0,2.110552763819097,0.7758072292824021
111,18.0,2.311557788944725,0.7634982906010681
112,18.0,2.5125628140703533,0.7609323667854078
113,18.0,2.7135678391959814,0.7825766821381468
114,18.0,2.9145728643216096,0.8333896222942007
115,18.0,3.1155778894472377,0.879366520604957
116,18.0,3.316582914572866,0.8483587011827077
117,18.0,3.517587939698494,0.7725487520508977
118,18.0,3.718592964824122,0.7831221895807675
119,18.0,3.91959798994975,0.9222126494952801
120,18.0,4.120603015075378,0.9131548796812249
121,18.0,4.321608040201006,0.7585999018140055
122,18.0,4.5226130653266345,0.9401317410382148
123,18.0,4.723618090452263,0.827163227545417
124,18.0,4.924623115577891,0.8190855445361667
125,18.0,5.125628140703519,0.7040790962041186
126,18.0,5.326633165829147,0.5679934123239301
127,18.0,5.527638190954775,0.4954788415889692
128,18.0,5.728643216080403,0.35147076725805365
129,18.0,5.929648241206031,0.21489159427605103
130,18.0,6.1306532663316595,0.10970354633216424
131,18.0,6.331658291457288,0.09770042529037722
132,18.0,6.532663316582916,0.10469202970688453
133,18.0,6.733668341708544,0.0874172913421425
134,18.0,6.934673366834172,0.0300501233537234
135,18.0,7.1356783919598,0.09038722013105371
136,18.0,7.336683417085428,0.32758783664985136
137,18.0,7.537688442211056,0.40691596376781575
138,18.0,7.7386934673366845,0.3807503679615848
139,18.0,7.939698492462313,0.08386668618359837
140,18.0,8.14070351758794,0.18806672278405065
141,18.0,8.341708542713569,0.10190862486203242
142,18.0,8.542713567839197,0.09810000426054437
143,18.0,8.743718592964825,0.13738691665230976
144,18.0,8.944723618090453,0.16977255788119047
145,18.0,9.145728643216081,0.561882148843362
146,18.0,9.34673366834171,0.4181829873350325
147,18.0,9.547738693467338,0.187501972573053
148,18.0,9.748743718592966,0.16510296253225562
149,18.0,9.949748743718594,0.4210125526440912
150,18.0,10.150753768844222,0.04959190028228139
151,18.0,10.35175879396985,0.2004167198106065
152,18.0,10.552763819095478,0.0049552884802109304
153,18.0,10.753768844221106,0.20209876181611447
154,18.0,10.954773869346734,0.059760321606519645
155,18.0,11.155778894472363,0.19765236690155544
156,18.0,11.35678391959799,0.20034717355877785
157,18.0,11.557788944723619,0.1714687665651648
158,18.0,11.758793969849247,0.056715876846230126
159,18.0,11.959798994974875,0.23365983276174163
160,18.0,12.160804020100507,0.1426164853449042
161,18.0,12.361809045226131,0.31830511802845673
162,18.0,12.562814070351763,0.018502399464589477
163,18.0,12.763819095477388,0.10551222800069106
164,18.0,12.96482412060302,0.16663344744635192
165,18.0,13.165829145728644,0.07238366975454602
166,18.0,13.366834170854275,0.33879949729193787
167,18.0,13.5678391959799,0.1716678935005601
168,18.0,13.768844221105532,0.23760073231199447
169,18.0,13.969849246231156,0.14112080617724648
170,18.0,14.170854271356788,0.06336702481009286
171,18.0,14.371859296482413,0.47117955099756476
172,18.0,14.572864321608044,0.0017825825150226823
173,18.0,14.773869346733669,0.33785644008079685
174,18.0,14.9748743718593,0.00905544911405009
175,18.0,15.175879396984925,0.14006371774684132
176,18.0,15.376884422110557,0.017487705746893702
177,18.0,15.577889447236181,0.5708431389906895
178,18.0,15.778894472361813,0.115701626831879
179,18.0,15.979899497487438,0.08704295268983928
180,18.0,16.18090452261307,0.058300125084995234
181,18.0,16.381909547738694,0.16367048407040324
182,18.0,16.582914572864325,0.08877711369016564
183,18.0,16.78391959798995,0.15865126174912486
184,18.0,16.98492462311558,0.16047421923156524
185,18.0,17.185929648241206,0.09263724494280408
186,18.0,17.386934673366838,0.1286800441738896
187,18.0,17.587939698492463,0.14530010637370064
188,18.0,17.788944723618094,0.08909760968468279
189,18.0,17.98994974874372,0.40729589566046565
190,18.0,18.19095477386935,0.2755718814357049
191,18.0,18.391959798994975,0.05834567328628148
192,18.0,18.592964824120607,0.1234766629815895
193,18.0,18.79396984924623,0.39818086535029495
194,18.0,18.994974874371863,0.13077075136658126
195,18.0,19.195979899497488,0.19546004631319325
196,18.0,19.39698492462312,0.009167900537381023
197,18.0,19.597989949748744,0.2780284066672267
198,18.0,19.798994974874375,0.06057640155568857
199,18.0,20.0,0.35770016678310695
