,t,height,fid
0,19.0,-20.0,0.06530768997812149
1,19.0,-19.798994974874372,0.3698340233245416
2,19.0,-19.597989949748744,0.06471484501754321
3,19.0,-19.396984924623116,0.29295756723957195
4,19.0,-19.195979899497488,0.18168773467834518
5,19.0,-18.99497487437186,0.3097327744630019
6,19.0,-18.79396984924623,0.08041070543209054
7,19.0,-18.592964824120603,0.2764710684112502
8,19.0,-18.391959798994975,0.020969139736299873
9,19.0,-18.190954773869347,0.05780431327490695
10,19.0,-17.98994974874372,0.11830997939536096
11,19.0,-17.78894472361809,0.17336174940255503
12,19.0,-17.587939698492463,0.04366861772413729
13,19.0,-17.386934673366834,0.14316267196619858
14,19.0,-17.185929648241206,0.08507544631127761
15,19.0,-16.984924623115578,0.26252805223525605
16,19.0,-16.78391959798995,0.2967163678271276
17,19.0,-16.582914572864322,0.06161616809760707
18,19.0,-16.381909547738694,0.1410400826381672
19,19.0,-16.180904522613066,0.02967302533757991
20,19.0,-15.979899497487438,0.17915896539435694
21,19.0,-15.77889447236181,0.048209476080857655
22,19.0,-15.577889447236181,0.0367295926813588
23,19.0,-15.376884422110553,0.38909974099906264
24,19.0,-15.175879396984925,0.1018456963339564
25,19.0,-14.974874371859297,0.22258224119244815
26,19.0,-14.773869346733669,0.023277391832187255
27,19.0,-14.57286432160804,0.2023072173705742
28,19.0,-14.371859296482413,0.04418917793275631
29,19.0,-14.170854271356784,0.1885435626419148
30,19.0,-13.969849246231156,0.2805312348631943
31,19.0,-13.768844221105528,0.03200876054988174
32,19.0,-13.5678391959799,0.4171606776942747
33,19.0,-13.366834170854272,0.23552495195251635
34,19.0,-13.165829145728644,0.3277007928306227
35,19.0,-12.964824120603016,0.30764330801486806
36,19.0,-12.763819095477388,0.1218974378732711
37,19.0,-12.56281407035176,0.07662042688058117
38,19.0,-12.361809045226131,0.31505173745572657
39,19.0,-12.160804020100503,0.11550241411309106
40,19.0,-11.959798994974873,0.05060426014424361
41,19.0,-11.758793969849245,0.3059270605700246
42,19.0,-11.557788944723617,0.2520493657442775
43,19.0,-11.356783919597989,0.4801844468251284
44,19.0,-11.15577889447236,0.09586393545005054
45,19.0,-10.954773869346733,0.5160069174203186
46,19.0,-10.753768844221105,0.15190188674521302
47,19.0,-10.552763819095476,0.3082756921489617
48,19.0,-10.351758793969848,0.021868778484021016
49,19.0,-10.15075376884422,0.03610768268795589
50,19.0,-9.949748743718592,0.20548901168287034
51,19.0,-9.748743718592964,0.04254355320144693
52,19.0,-9.547738693467336,0.2600716797675686
53,19.0,-9.346733668341708,0.36379038983411444
54,19.0,-9.14572864321608,0.15745841459871285
55,19.0,-8.944723618090451,0.07439506340974536
56,19.0,-8.743718592964823,0.12016955305463133
57,19.0,-8.542713567839195,0.14209326088168836
58,19.0,-8.341708542713567,0.13380054641807296
59,19.0,-8.140703517587939,0.14204902387952248
60,19.0,-7.939698492462311,0.19347979411897206
61,19.0,-7.738693467336683,0.06202546383575786
62,19.0,-7.537688442211055,0.3565419996647183
63,19.0,-7.3366834170854265,0.374169931735811
64,19.0,-7.135678391959798,0.2817772677637005
65,19.0,-6.93467336683417,0.007253872096532283
66,19.0,-6.733668341708542,0.05362059564167264
67,19.0,-6.532663316582914,0.10001993838617063
68,19.0,-6.331658291457286,0.08620242429544263
69,19.0,-6.130653266331658,0.024131404857748756
70,19.0,-5.92964824120603,0.17850088292565336
71,19.0,-5.7286432160804015,0.22484713539685644
72,19.0,-5.527638190954773,0.4123915031367025
73,19.0,-5.326633165829145,0.5359846441191272
74,19.0,-5.125628140703517,0.6325313970113093
75,19.0,-4.924623115577889,0.7606753432105704
76,19.0,-4.723618090452261,0.8830292426168443
77,19.0,-4.522613065326633,0.8333055953015327
78,19.0,-4.321608040201005,0.7835944485304784
79,19.0,-4.1206030150753765,0.9410979322312089
80,19.0,-3.9195979899497466,0.8012059510787859
81,19.0,-3.7185929648241185,0.7660725143050341
82,19.0,-3.5175879396984904,0.8596242294167444
83,19.0,-3.3165829145728623,0.8761626373017092
84,19.0,-3.115577889447234,0.7997973395508967
85,19.0,-2.914572864321606,0.7537837253209059
86,19.0,-2.713567839195978,0.7589247201967195
87,19.0,-2.5125628140703498,0.7868591174361912
88,19.0,-2.3115577889447216,0.8070632831501517
89,19.0,-2.1105527638190935,0.8070919891416986
90,19.0,-1.9095477386934654,0.7937551416473768
91,19.0,-1.7085427135678373,0.7782585998583741
92,19.0,-1.5075376884422091,0.7667386945621478
93,19.0,-1.306532663316581,0.7603001012904239
94,19.0,-1.105527638190953,0.7576977657968192
95,19.0,-0.9045226130653248,0.7572499858095106
96,19.0,-0.7035175879396967,0.7576908876450457
97,19.0,-0.5025125628140685,0.7583320823533108
98,19.0,-0.3015075376884404,0.7589155469574037
99,19.0,-0.10050251256281229,0.7594196509429281
100,19.0,0.10050251256281584,0.7598845133715646
101,19.0,0.30150753768844396,0.7603316880288066
102,19.0,0.5025125628140721,0.7607460626332941
103,19.0,0.7035175879397002,0.7611399836154998
104,19.0,0.9045226130653283,0.7616805411820914
105,19.0,1.1055276381909565,0.7628882334050427
106,19.0,1.3065326633165846,0.765798080444673
107,19.0,1.5075376884422127,0.7718882117302717
108,19.0,1.7085427135678408,0.7824020776148113
109,19.0,1.909547738693469,0.7965634517297459
110,19.0,2.110552763819097,0.808871736706524
111,19.0,2.311557788944725,0.8089221980948119
112,19.0,2.5125628140703533,0.7906581572145963
113,19.0,2.7135678391959814,0.7668876178543067
114,19.0,2.9145728643216096,0.7670924609288635
115,19.0,3.1155778894472377,0.8167951611567239
116,19.0,3.316582914572866,0.892332492664681
117,19.0,3.517587939698494,0.8682812581767151
118,19.0,3.718592964824122,0.768287500325395
119,19.0,3.91959798994975,0.8104955433338387
120,19.0,4.120603015075378,0.9749431134473612
121,19.0,4.321608040201006,0.8050430550606358
122,19.0,4.5226130653266345,0.8472090800862639
123,19.0,4.723618090452263,0.9114290257031187
124,19.0,4.924623115577891,0.7926661947995813
125,19.0,5.125628140703519,0.6545881237435535
126,19.0,5.326633165829147,0.5654668666374764
127,19.0,5.527638190954775,0.4214434238317332
128,19.0,5.728643216080403,0.2319556064411573
129,19.0,5.929648241206031,0.1733279027112263
130,19.0,6.1306532663316595,0.026344979158739654
131,19.0,6.331658291457288,0.09303650102604732
132,19.0,6.532663316582916,0.10550006999005963
133,19.0,6.733668341708544,0.05200912120543132
134,19.0,6.934673366834172,0.008220693548596184
135,19.0,7.1356783919598,0.2867307998969169
136,19.0,7.336683417085428,0.38021079329297874
137,19.0,7.537688442211056,0.36594110883416703
138,19.0,7.7386934673366845,0.05733407190192671
139,19.0,7.939698492462313,0.20443634716771375
140,19.0,8.14070351758794,0.14914288195763106
141,19.0,8.341708542713569,0.14206400538661768
142,19.0,8.542713567839197,0.14232673687742087
143,19.0,8.743718592964825,0.11633502733633236
144,19.0,8.944723618090453,0.06900222340988789
145,19.0,9.145728643216081,0.15991530737282061
146,19.0,9.34673366834171,0.3727773739537726
147,19.0,9.547738693467338,0.2522738430402637
148,19.0,9.748743718592966,0.039229639701499064
149,19.0,9.949748743718594,0.20373734731479812
150,19.0,10.150753768844222,0.03695481627027228
151,19.0,10.35175879396985,0.0238243939859534
152,19.0,10.552763819095478,0.3103858453312207
153,19.0,10.753768844221106,0.14758777728896524
154,19.0,10.954773869346734,0.5140225648451243
155,19.0,11.155778894472363,0.09527780846838185
156,19.0,11.35678391959799,0.48911907886162603
157,19.0,11.557788944723619,0.2471800594605035
158,19.0,11.758793969849247,0.32913426496918424
159,19.0,11.959798994974875,0.04504176633884734
160,19.0,12.160804020100507,0.12031061981850415
161,19.0,12.361809045226131,0.32176894247630233
162,19.0,12.562814070351763,0.07491327156927817
163,19.0,12.763819095477388,0.11153038643988394
164,19.0,12.96482412060302,0.32171435806177623
165,19.0,13.165829145728644,0.32763605565172055
166,19.0,13.366834170854275,0.2449747051734378
167,19.0,13.5678391959799,0.4143785137014402
168,19.0,13.768844221105532,0.027908187053549412
169,19.0,13.969849246231156,0.2992459836927686
170,19.0,14.170854271356788,0.19579057259951382
171,19.0,14.371859296482413,0.0474883726802207
172,19.0,14.572864321608044,0.1975152134769582
173,19.0,14.773869346733669,0.02451849708920243
174,19.0,14.9748743718593,0.23457704395833953
175,19.0,15.175879396984925,0.10274554133718793
176,19.0,15.376884422110557,0.38809321698549337
177,19.0,15.577889447236181,0.03595521554241005
178,19.0,15.778894472361813,0.05423290377183818
179,19.0,15.979899497487438,0.16627402441454622
180,19.0,16.18090452261307,0.030068647928382753
181,19.0,16.381909547738694,0.156111337614339
182,19.0,16.582914572864325,0.07246486685804993
183,19.0,16.78391959798995,0.3036198638543954
184,19.0,16.98492462311558,0.2757968189412468
185,19.0,17.185929648241206,0.09066045303585703
186,19.0,17.386934673366838,0.1581349409930308
187,19.0,17.587939698492463,0.050833710609187614
188,19.0,17.788944723618094,0.17134265707514948
189,19.0,17.98994974874372,0.10959314529271989
190,19.0,18.19095477386935,0.06104205071548936
191,19.0,18.391959798994975,0.020031791689655402
192,19.0,18.592964824120607,0.27282564187781194
193,19.0,18.79396984924623,0.08003145834469003
194,19.0,18.994974874371863,0.30938714571662224
195,19.0,19.195979899497488,0.19209197448502818
196,19.0,19.39698492462312,0.2899755124302621
197,19.0,19.597989949748744,0.07013204897995372
198,19.0,19.798994974874375,0.3893661618851637
199,19.0,20.0,0.07203436742347802
